-1.036097899521554e-6 ; 9.270075187184858e-7
1.8500408510190103e-6 ; -1.6131642162185907e-6
-2.0411008580829196e-6 ; 1.8025144658730472e-6
2.175605182465362e-6 ; -1.8321197212181091e-6
-2.1610978656771335e-6 ; 1.7512196747751436e-6
1.463302378183134e-6 ; -1.4344657218409318e-6
-1.52158199551952e-6 ; 1.3795769876878043e-6
1.277183483150795e-6 ; -1.1477662822500235e-6
-8.760225376645568e-7 ; 9.193124238731244e-7
7.515381568053947e-7 ; -5.722933071579212e-7
-1.0550440750924818e-6 ; 1.8780825808378884e-6
1.8878742638663054e-6 ; -3.2628059813694833e-6
-2.08074790207903e-6 ; 3.648674693132346e-6
2.226186115929182e-6 ; -3.6971480157677417e-6
-2.2145283900338483e-6 ; 3.5280407021953673e-6
1.4746612334955343e-6 ; -2.925652859866345e-6
-1.5498243069451787e-6 ; 2.7941624214018517e-6
1.2888310842567056e-6 ; -2.3364947669408785e-6
-8.796306376416842e-7 ; 1.8801077999236761e-6
7.888389967572296e-7 ; -1.1332075915102979e-6
2.486733295030864e-7 ; 3.126773151310785e-6
-3.648041313137888e-7 ; -5.428898958098099e-6
4.4502283142392823e-7 ; 6.072670753507044e-6
-3.07191944737012e-7 ; -6.146408830450367e-6
1.9032656853760117e-7 ; 5.8616589662768245e-6
-6.021738208391162e-7 ; -4.8824459674100525e-6
3.9064545813390395e-7 ; 4.651141522512312e-6
-3.652025099463314e-7 ; -3.896129384475369e-6
4.628617498401003e-7 ; 3.1411102831079353e-6
6.945865533431494e-8 ; -1.8715092196019995e-6
2.25952040432762e-6 ; 2.3408314745245223e-6
-3.840975808426539e-6 ; -4.0709677428871854e-6
4.341734787217347e-6 ; 4.549994568402026e-6
-4.219165500006299e-6 ; -4.619268681964554e-6
3.905722605225359e-6 ; 4.411677348349313e-6
-3.7996937210593984e-6 ; -3.6290519769842455e-6
3.3841642135128833e-6 ; 3.4795607683502935e-6
-2.9135876351616347e-6 ; -2.8948952578880137e-6
2.5278159931353678e-6 ; 2.3333561994975713e-6
-1.0473856190511773e-6 ; -1.4428808272403837e-6
2.6757134194976256e-6 ; 9.619847401116298e-7
-4.551649713538939e-6 ; -1.6881443978967546e-6
5.143269310189464e-6 ; 1.8783461875896565e-6
-5.0052488303604916e-6 ; -1.938755453625975e-6
4.64352364588524e-6 ; 1.8660856388394133e-6
-4.495396437622619e-6 ; -1.4318670117618048e-6
4.005965194441412e-6 ; 1.4240531304392692e-6
-3.467785310184712e-6 ; -1.1395784192696754e-6
2.9803437940537145e-6 ; 9.178927304975567e-7
-1.2259811205831853e-6 ; -6.883684103442101e-7
2.6596008427223097e-6 ; 1.2368748936499964e-7
-4.509741528878056e-6 ; -2.4674746953823876e-7
5.104125867114198e-6 ; 2.580665440204606e-7
-4.936304422227604e-6 ; -3.2838314542729404e-7
4.564215948405798e-6 ; 3.434336375474014e-7
-4.524402998500982e-6 ; -6.627610288698307e-8
3.986392200948088e-6 ; 1.695587477530209e-7
-3.4918885393179978e-6 ; -4.455988562876734e-8
3.0030178170190375e-6 ; 3.971815972523701e-8
-1.1309485609961457e-6 ; -2.8014855994024404e-7
2.7376419183910074e-6 ; -5.968509153497285e-7
-4.62672381902149e-6 ; 9.79888863696117e-7
5.245298973681788e-6 ; -1.1278829353456933e-6
-5.040249530833628e-6 ; 1.023290483936207e-6
4.645535079192737e-6 ; -9.233286543379155e-7
-4.718804883955782e-6 ; 1.1579346004741901e-6
4.109262003190982e-6 ; -9.173302921320797e-7
-3.6498416057349428e-6 ; 9.442685167300765e-7
3.1320854855062574e-6 ; -7.441820771514679e-7
-1.0618096236370014e-6 ; -1.5374687889925088e-8
2.8495635263965607e-6 ; -1.6862198428645977e-6
-4.803684453802536e-6 ; 2.8201217723584636e-6
5.4528623922698154e-6 ; -3.215481906998411e-6
-5.213764073265926e-6 ; 3.029113270813838e-6
4.7940740057362e-6 ; -2.789823628418281e-6
-4.960821471021514e-6 ; 3.0679549433956235e-6
4.28071347049699e-6 ; -2.571405384236974e-6
-3.844141448846216e-6 ; 2.4957892612781493e-6
3.293636842349429e-6 ; -1.962271511453913e-6
-1.022982665058971e-6 ; 2.8318677794744e-7
2.081286186321886e-6 ; -3.5524270302449396e-6
-3.5017899330230006e-6 ; 5.964277498160602e-6
3.977960207713214e-6 ; -6.787228631806782e-6
-3.7876433397826535e-6 ; 6.4432652365163025e-6
3.4613938767965873e-6 ; -5.95896551032172e-6
-3.6251783540247063e-6 ; 6.374920111180945e-6
3.1075385507958516e-6 ; -5.4118736385880315e-6
-2.75032041721567e-6 ; 5.1874934041085855e-6
2.45492742310436e-6 ; -4.0676360109821125e-6
-8.040098992411764e-7 ; 7.341347439241192e-7
-7.5336205395976e-7 ; -4.03289701075717e-6
1.2757300565552067e-6 ; 6.774949827392037e-6
-1.4487738947591492e-6 ; -7.707377349912467e-6
1.4038556746374414e-6 ; 7.3252565485712495e-6
-1.3614371151069795e-6 ; -6.7785270567358974e-6
1.3977047057209387e-6 ; 7.220483616571043e-6
-1.218270751679789e-6 ; -6.140577752427332e-6
1.3508229002691933e-6 ; 5.8736049756888715e-6
-7.245003132453728e-7 ; -4.608981442230649e-6
-1.3266031016413326e-7 ; 8.618552550524452e-7
-2.045044970407728e-6 ; -2.2316015433205818e-6
3.4560342314186276e-6 ; 3.7450932244964146e-6
-3.92370307946855e-6 ; -4.26237493465352e-6
3.778772873880231e-6 ; 4.042547238536019e-6
-3.572082506456322e-6 ; -3.735434914291475e-6
3.6768002157429607e-6 ; 4.005726993918087e-6
-3.193999062082833e-6 ; -3.390854179928744e-6
3.2174088528005967e-6 ; 3.2504045934144514e-6
-2.1576092531271302e-6 ; -2.570629737130003e-6
1.8224027380791398e-7 ; 4.698297236452779e-7
-1.916246541882442e-6 ; -1.090353590414919e-6
3.245649025840562e-6 ; 1.8252246014632585e-6
-3.6813628673174634e-6 ; -2.079519593025747e-6
3.5616705123438444e-6 ; 1.9619473305203312e-6
-3.3792273006912667e-6 ; -1.806210910734756e-6
3.4287396054868287e-6 ; 1.969004333280845e-6
-3.006447438483025e-6 ; -1.6472013898410903e-6
3.0260638453079043e-6 ; 1.5872402663095613e-6
-1.981587995205334e-6 ; -1.281783902528215e-6
1.7055341044712784e-7 ; 2.228845670092003e-7
-1.6468601737543e-6 ; -5.673242302490175e-7
2.7985801863098884e-6 ; 9.451079519793169e-7
-3.170146223102051e-6 ; -1.0788715299456404e-6
3.088024066093707e-6 ; 1.007534265233223e-6
-2.9487741492612933e-6 ; -9.20563215494624e-7
2.9321274049935787e-6 ; 1.0350555407873588e-6
-2.607125496476197e-6 ; -8.454921584910883e-7
2.6342233278130916e-6 ; 8.225025034906019e-7
-1.6437315089407304e-6 ; -6.950549890803495e-7
1.2178285764535224e-7 ; 1.1311414687640302e-7
-1.4549480585949245e-6 ; -3.0441799396037696e-7
2.482052258849848e-6 ; 5.022183048896414e-7
-2.807352833703544e-6 ; -5.754696207921267e-7
2.756411132130656e-6 ; 5.262122285212167e-7
-2.6506796531847003e-6 ; -4.729092857090009e-7
2.5745459005827817e-6 ; 5.656766484696015e-7
-2.3289448204709035e-6 ; -4.3939544719760006e-7
2.35814836105605e-6 ; 4.357098898988619e-7
-1.389346422576534e-6 ; -4.0548020440907123e-7
8.582482107835306e-8 ; 6.088607131877602e-8
-1.3426103492932515e-6 ; -1.5098992411996347e-7
2.2998947808866613e-6 ; 2.4302325495949014e-7
-2.597201887658734e-6 ; -2.8111121957155743e-7
2.57152084179798e-6 ; 2.4304199518489667e-7
-2.489722456969921e-6 ; -2.0819005549992732e-7
2.359046503348739e-6 ; 2.9239923841411604e-7
-2.1758320760804146e-6 ; -1.9870914928502417e-7
2.2008685140648432e-6 ; 2.0764397908690164e-7
-1.2189668901501748e-6 ; -2.433466561521233e-7
6.351680719005131e-8 ; 3.30319306873053e-8
-1.293307715941668e-6 ; -4.509346153041889e-8
2.224619027623982e-6 ; 6.315020759191608e-8
-2.508301111526331e-6 ; -7.719120314575148e-8
2.504198271330324e-6 ; 4.459904763794817e-8
-2.439405825685346e-6 ; -2.0964119358577713e-8
2.255511174175917e-6 ; 1.0493028758474359e-7
-2.1236556862655894e-6 ; -2.8181811354097554e-8
2.138641475875203e-6 ; 4.781192247523174e-8
-1.111438644353133e-6 ; -1.3997428552636709e-7
5.1111700677357383e-8 ; 1.631569969122875e-8
-1.2967817746309826e-6 ; 4.340800840266293e-8
2.2394037073151726e-6 ; -8.838365048352612e-8
-2.5213524340665422e-6 ; 9.415060215730522e-8
2.5370552284361144e-6 ; -1.2493117118033922e-7
-2.4843321789047334e-6 ; 1.4102005081054004e-7
2.2449446027645803e-6 ; -5.0149044259895307e-8
-2.1583922731963378e-6 ; 1.1945855692975486e-7
2.1571817297515956e-6 ; -8.829902367625806e-8
-1.0517427350664598e-6 ; -6.376577309159235e-8
4.586758579617117e-8 ; 4.819875469723539e-9
-1.3506107539914954e-6 ; 1.3434591410040597e-7
2.3407875019177987e-6 ; -2.45463091935328e-7
-2.6321835266505392e-6 ; 2.7124609261122317e-7
2.6675340943057544e-6 ; -3.0330445705038527e-7
-2.6231697529034886e-6 ; 3.136863994995473e-7
2.3221321167451495e-6 ; -2.0756997811881135e-7
-2.27878966452401e-6 ; 2.767767782008499e-7
2.25403969202655e-6 ; -2.3070247210035264e-7
-1.0321556417836067e-6 ; 3.1919941299903264e-9
4.629475872332956e-8 ; -4.610905202565994e-9
-1.459990348326146e-6 ; 2.481456949112517e-7
2.538412311467137e-6 ; -4.43458766142846e-7
-2.8514134223863996e-6 ; 4.939343838366461e-7
2.9078490861044776e-6 ; -5.308459910669093e-7
-2.8687907672547143e-6 ; 5.36187541969877e-7
2.4950959655286347e-6 ; -4.0249163825022974e-7
-2.496496689054798e-6 ; 4.793209019990351e-7
2.438497336920553e-6 ; -4.1127779337388924e-7
-1.0510677521723086e-6 ; 7.535292559739651e-8
5.190126438419639e-8 ; -1.4259582865845358e-8
-1.638304950965176e-6 ; 4.1711623865356663e-7
2.856125468372093e-6 ; -7.388201186547106e-7
-3.205652488502352e-6 ; 8.256132151898089e-7
3.2864585291570916e-6 ; -8.728680939541277e-7
-3.2498810275403523e-6 ; 8.727359101558868e-7
2.7859268706215245e-6 ; -6.898639210928629e-7
-2.837530755543705e-6 ; 7.854282328599872e-7
2.732681794384698e-6 ; -6.814467579990227e-7
-1.1124391044128914e-6 ; 1.713660122838817e-7
6.304002874538415e-8 ; -2.6757142650848174e-8
-1.905650430670912e-6 ; 7.085878830934032e-7
3.3294489552779527e-6 ; -1.2495963951470236e-6
-3.7346418478738026e-6 ; 1.3987125269888127e-6
3.845231623113246e-6 ; -1.4667312552388246e-6
-3.808232482537231e-6 ; 1.4590174208005916e-6
3.228203948893309e-6 ; -1.1836442805119568e-6
-3.339820451660183e-6 ; 1.3183849908618756e-6
3.169312761843029e-6 ; -1.1491645128516314e-6
-1.2245260666905216e-6 ; 3.2665364011252954e-7
8.069285773436203e-8 ; -4.6814327321798e-8
-2.2616140812963466e-6 ; 1.2865663137152168e-6
3.957827075245083e-6 ; -2.263633688204142e-6
-4.437694102345818e-6 ; 2.536035110341361e-6
4.58383225557722e-6 ; -2.6479285540890906e-6
-4.543762648050563e-6 ; 2.6268912383298007e-6
3.820963488507502e-6 ; -2.1610056716639765e-6
-4.003250798441474e-6 ; 2.3797241065479946e-6
3.748010150517358e-6 ; -2.077949748062616e-6
-1.3857909606904095e-6 ; 6.250226542210866e-7
1.0461220209893545e-7 ; -8.537052068245463e-8
-2.4688824608067956e-6 ; 2.5385114596681786e-6
4.324726037072341e-6 ; -4.461137392423553e-6
-4.847697598367926e-6 ; 5.000327973262208e-6
5.0167260186381215e-6 ; -5.209587876871592e-6
-4.976151342232744e-6 ; 5.161161279966793e-6
4.16314741871822e-6 ; -4.276519166437777e-6
-4.391364167141051e-6 ; 4.6825269652294535e-6
4.087406992752914e-6 ; -4.090677777514896e-6
-1.4752423279871563e-6 ; 1.2630141092250385e-6
1.1907284004786088e-7 ; -1.6796783786267085e-7
-1.1459871799420818e-6 ; 4.483109489955497e-6
2.004763993067366e-6 ; -7.87487112784842e-6
-2.245006052494488e-6 ; 8.828345586420164e-6
2.315612889653351e-6 ; -9.189835498167055e-6
-2.3065574076401856e-6 ; 9.099491930166177e-6
1.921094430814221e-6 ; -7.561811268723144e-6
-1.961086389524124e-6 ; 8.26101985805225e-6
1.9664231929285834e-6 ; -7.217322097115777e-6
-7.933752110662325e-7 ; 2.250442829206071e-6
3.32873186851506e-8 ; -2.959006751960554e-7
1.7356615690742325e-6 ; 3.966939081961839e-6
-3.0521859067905567e-6 ; -6.968277705528634e-6
3.4266158252558603e-6 ; 7.81188872413433e-6
-3.5778398983696007e-6 ; -8.131914993188617e-6
3.522647919331099e-6 ; 8.052031671478101e-6
-2.9536114623978398e-6 ; -6.6903255820754e-6
3.339974472726494e-6 ; 7.309354932986014e-6
-2.6607906708831054e-6 ; -6.387519390719387e-6
6.74780327572559e-7 ; 1.992394794915128e-6
-1.546879260309013e-7 ; -2.6220095568903375e-7
2.364375407723278e-6 ; 2.079951372260032e-6
-4.15381020957091e-6 ; -3.6549856690585297e-6
4.663015600595361e-6 ; 4.096740589731368e-6
-4.859000507700763e-6 ; -4.267448793814033e-6
4.787683523189556e-6 ; 4.2272312165856145e-6
-4.022561037527599e-6 ; -3.5031821002880844e-6
4.4939797992565525e-6 ; 3.8341444304722605e-6
-3.665405860529039e-6 ; -3.353749343297535e-6
1.0014567375319644e-6 ; 1.0403986832607292e-6
-1.94672947897898e-7 ; -1.384499981577023e-7
2.0359465696760696e-6 ; 1.0913169034946633e-6
-3.575115774080225e-6 ; -1.9190095134376126e-6
4.015204435693912e-6 ; 2.150231583474554e-6
-4.180893185046976e-6 ; -2.242542318649634e-6
4.114005049883643e-6 ; 2.2229974742623076e-6
-3.474626948612739e-6 ; -1.8333692600292925e-6
3.88645823250546e-6 ; 2.013071758596308e-6
-3.130814231411945e-6 ; -1.7645441568374033e-6
8.424208071819374e-7 ; 5.424443256816544e-7
-1.7176330520643328e-7 ; -7.363178532722316e-8
1.683266828455971e-6 ; 6.361543834960392e-7
-2.953965666908622e-6 ; -1.1197087104723906e-6
3.319753362556395e-6 ; 1.2540073907161237e-6
-3.453524095054738e-6 ; -1.3100637345831088e-6
3.391766608529509e-6 ; 1.2999291171820614e-6
-2.8856781241867284e-6 ; -1.064562048522599e-6
3.2348386799851715e-6 ; 1.1743142662625199e-6
-2.5569158434935543e-6 ; -1.0332093591340157e-6
6.697974331012683e-7 ; 3.1404959111765847e-7
-1.4722112128638992e-7 ; -4.38069347360083e-8
1.4190182888214773e-6 ; 4.052405033022828e-7
-2.4881697727985935e-6 ; -7.141655888512719e-7
2.798481850044516e-6 ; 7.992903874082564e-7
-2.9075292246571072e-6 ; -8.368504844039837e-7
2.849174569815565e-6 ; 8.314167316085539e-7
-2.446119802348787e-6 ; -6.744450938997653e-7
2.746495427030313e-6 ; 7.4853181908088e-7
-2.124817243072931e-6 ; -6.625477016841956e-7
5.40755760251219e-7 ; 1.9886422414988594e-7
-1.2845712287856784e-7 ; -2.8685779269658473e-8
1.2280317601572484e-6 ; 2.752659908225794e-7
-2.1510711144560646e-6 ; -4.858777748410502e-7
2.421510468373778e-6 ; 5.433156011518957e-7
-2.5117810037339465e-6 ; -5.70407521856975e-7
2.455392648035176e-6 ; 5.675744126561253e-7
-2.130392982853774e-6 ; -4.547356288552569e-7
2.3934353157891833e-6 ; 5.086763821333511e-7
-1.8100561381992776e-6 ; -4.54293838460514e-7
4.477514052855633e-7 ; 1.3456690722204047e-7
-1.1448378997121594e-7 ; -2.0180607351205116e-8