-1.009565904268454e-6 ; 8.614177366315919e-7
1.7775471850906078e-6 ; -1.5036397781699743e-6
-1.968651103541599e-6 ; 1.6770775847214112e-6
2.0751526143241725e-6 ; -1.7332383621555974e-6
-2.059710531991877e-6 ; 1.689678779226323e-6
1.4213037991634466e-6 ; -1.2853968019887652e-6
-1.4915926535486454e-6 ; 1.2900740483515242e-6
1.3498257199864637e-6 ; -1.1402943680353056e-6
-9.382592163987819e-7 ; 8.419066360187288e-7
6.949850128873088e-7 ; -5.426298122272298e-7
-9.481740328967241e-7 ; 1.7138509217823298e-6
1.6729012991655838e-6 ; -2.9893999287239644e-6
-1.8499237612706867e-6 ; 3.335963892977058e-6
1.9595331674369874e-6 ; -3.441492673114169e-6
-1.951930395547141e-6 ; 3.350649581210064e-6
1.3143222490862671e-6 ; -2.5707165287686206e-6
-1.397944174913154e-6 ; 2.5681028429124764e-6
1.2682701851660902e-6 ; -2.2685508427797175e-6
-8.692887851950761e-7 ; 1.6829195990595397e-6
6.695327097383227e-7 ; -1.0684792113690017e-6
3.091263596483405e-7 ; 2.5242740155463587e-6
-5.141600987944314e-7 ; -4.402495750515657e-6
5.954888861553761e-7 ; 4.913267774592903e-6
-5.463517422934391e-7 ; -5.067307021618749e-6
4.7608356675184934e-7 ; 4.932530202516068e-6
-6.083429065268954e-7 ; -3.7892133687823047e-6
4.902320168402953e-7 ; 3.7826873896520922e-6
-3.971632732314737e-7 ; -3.3408592950781154e-6
3.8660105315449096e-7 ; 2.480568527204579e-6
-8.22602763594458e-8 ; -1.57165516501459e-6
1.5908792227468257e-6 ; 1.6582935913107228e-6
-2.742862693611743e-6 ; -2.8965055573209224e-6
3.088184015953887e-6 ; 3.2290638332569073e-6
-3.0981699272305638e-6 ; -3.3425069628010537e-6
2.9468775352492132e-6 ; 3.2619657612270345e-6
-2.5739552524975304e-6 ; -2.462426202206945e-6
2.4158310732634287e-6 ; 2.4816547332820864e-6
-2.095481228032731e-6 ; -2.1927724281239636e-6
1.6700259891517841e-6 ; 1.6144676044907944e-6
-8.435552981703203e-7 ; -1.056875826252265e-6
1.7046308054840884e-6 ; 7.166007204548432e-7
-2.9357431304407113e-6 ; -1.260500689609335e-6
3.307868192062106e-6 ; 1.3981171859642534e-6
-3.3092260869909472e-6 ; -1.4720846604656433e-6
3.141633818860912e-6 ; 1.45353556332258e-6
-2.7786856816070467e-6 ; -1.0092937121278597e-6
2.590344606154468e-6 ; 1.0654611588241706e-6
-2.2479599171591915e-6 ; -9.432052568364149e-7
1.80119440438505e-6 ; 6.670148392717489e-7
-8.840260250412233e-7 ; -5.068084739582796e-7
1.5988105523252914e-6 ; 1.6783324298856754e-7
-2.744533630950783e-6 ; -3.13044253068227e-7
3.099824336382901e-6 ; 3.329569789341437e-7
-3.0759269781463464e-6 ; -4.006342573740125e-7
2.901677719152801e-6 ; 4.29008725497024e-7
-2.660952295889428e-6 ; -1.2549167476359039e-7
2.4367646090559626e-6 ; 2.351730489821378e-7
-2.110611979601175e-6 ; -2.1116700651943234e-7
1.7205298996597159e-6 ; 9.469749704359174e-8
-7.810837641805359e-7 ; -2.2093196659281418e-7
1.5130007643169824e-6 ; -3.2804800224466264e-7
-2.5886629390144875e-6 ; 5.324636156436798e-7
2.930856370020443e-6 ; -6.262916694948884e-7
-2.884161322366775e-6 ; 5.342543424754719e-7
2.702962234511587e-6 ; -4.4408624221949406e-7
-2.5704183427644653e-6 ; 7.39713408874211e-7
2.3126478689364196e-6 ; -5.242159573987074e-7
-1.9992069125165943e-6 ; 4.574520869048918e-7
1.65819857995998e-6 ; -4.586369950966756e-7
-6.935094525861894e-7 ; -2.519329676677683e-8
1.1790603779146992e-6 ; -1.0027224244779415e-6
-2.0183842221187644e-6 ; 1.6730717902302556e-6
2.2845359720859374e-6 ; -1.9284201529223815e-6
-2.2517051959146887e-6 ; 1.7757013951084497e-6
2.110224314790079e-6 ; -1.583697309906668e-6
-1.992496551039478e-6 ; 1.9779542783283543e-6
1.8007822996450745e-6 ; -1.5658499038315367e-6
-1.5468957686475434e-6 ; 1.3738206833022654e-6
1.2898876460991014e-6 ; -1.2445450503588168e-6
-5.597065308052223e-7 ; 1.835642019820431e-7
2.0458036749912825e-7 ; -1.2053023749520342e-6
-3.7311106284404305e-7 ; 2.017222076108955e-6
4.0436335498865955e-7 ; -2.319898439112175e-6
-4.6531638149735455e-7 ; 2.1536601814258607e-6
4.7456069678080664e-7 ; -1.9340725628311172e-6
-1.8919621773349518e-7 ; 2.3391465869481377e-6
2.926841861139633e-7 ; -1.876903460913016e-6
-2.1845811336339378e-7 ; 1.6474216547285568e-6
1.4914871978792569e-7 ; -1.4751762150235567e-6
-2.753289694477388e-7 ; 2.5665014531530744e-7
-2.6124681068928975e-7 ; -6.539601776325634e-7
4.1541001297813425e-7 ; 1.0922508836575967e-6
-4.950793293251783e-7 ; -1.2579508030460324e-6
3.9506960981951355e-7 ; 1.161416935957436e-6
-3.176750404696139e-7 ; -1.0379292216451664e-6
6.606888237163056e-7 ; 1.2821942859754744e-6
-4.274046106701586e-7 ; -1.0188421453940984e-6
4.1701251811723516e-7 ; 8.926663987624928e-7
-3.8823435900692456e-7 ; -8.095219920577241e-7
-1.2969038696434245e-7 ; 1.2954088630228683e-7
-2.5533550123600047e-7 ; -3.0409566730787825e-7
4.0972307681402e-7 ; 5.05286994748822e-7
-4.850831883493681e-7 ; -5.840553223262762e-7
3.9781158565209617e-7 ; 5.317279103130489e-7
-3.295319326219826e-7 ; -4.6916379588303455e-7
6.241062815299849e-7 ; 6.113403698930856e-7
-4.1644498076656434e-7 ; -4.7404814002269266e-7
4.0968696365304827e-7 ; 4.13284332647485e-7
-3.6469849788750464e-7 ; -3.8748680769773253e-7
-1.1074115913330497e-7 ; 4.9465695663430357e-8
-1.94386377649218e-7 ; -1.4840992840768095e-7
3.1085282478061453e-7 ; 2.443436624607125e-7
-3.688418841457024e-7 ; -2.8423008004663056e-7
2.9888578649335266e-7 ; 2.5226226471930177e-7
-2.478446391597804e-7 ; -2.1718091566360352e-7
4.876110220876689e-7 ; 3.10943927891159e-7
-3.210347840054818e-7 ; -2.3088964182252918e-7
3.2830195319941436e-7 ; 1.990406596070848e-7
-2.7704544178769923e-7 ; -1.99440027978445e-7
-1.1046485239004877e-7 ; 1.636394832116144e-8
-1.513558055024645e-7 ; -7.352160769395034e-8
2.417107749747738e-7 ; 1.1890901118950943e-7
-2.8703894851222793e-7 ; -1.3999966731530123e-7
2.3120761520797011e-7 ; 1.1804563603422816e-7
-1.937610420658924e-7 ; -9.623266506680394e-8
3.878883132033354e-7 ; 1.6549862038676728e-7
-2.5434838748041207e-7 ; -1.1317115147950443e-7
2.724797844628252e-7 ; 9.494569711121951e-8
-2.1152103790703002e-7 ; -1.0948954912773802e-7
-1.0915548240397979e-7 ; 2.3340442261825073e-9
-1.2837859620300408e-7 ; -3.1998006065674066e-8
2.060696753302152e-7 ; 4.928517203723603e-8
-2.4385440362497266e-7 ; -5.996102861745303e-8
1.9923273692921078e-7 ; 4.332601417272164e-8
-1.717427607418473e-7 ; -2.8598029281425054e-8
3.2795177280695155e-7 ; 8.476992429656815e-8
-2.1973620347372962e-7 ; -4.7074510187347004e-8
2.452822962106288e-7 ; 3.601302417451698e-8
-1.698268054166507e-7 ; -6.090286473293489e-8
-1.0558245419776194e-7 ; -4.0723549849106555e-9
-1.2099599904857395e-7 ; -4.548756147504897e-9
1.9659647242101425e-7 ; 3.035114204444691e-9
-2.30759724327513e-7 ; -6.9246588320834445e-9
1.954205326280664e-7 ; -6.863203250012403e-9
-1.7533927214431958e-7 ; 1.7497113569210773e-8
2.985099657656378e-7 ; 3.210103720356444e-8
-2.104223347072801e-7 ; -2.413981019347755e-9
2.4091018740101737e-7 ; -4.426231708760605e-9
-1.4573800148246444e-7 ; -3.0911355847561954e-8
-1.004903925655886e-7 ; -7.284086128346549e-9
-1.264013275835413e-7 ; 1.822922827521635e-8
2.0874446738436442e-7 ; -3.572226682710811e-8
-2.4242014148069554e-7 ; 3.727507861064491e-8
2.1526104005844262e-7 ; -4.98102952614555e-8
-2.0089164669443979e-7 ; 5.7961822879332864e-8
2.934348340889157e-7 ; -1.0140921056934932e-8
-2.22333212019614e-7 ; 3.579069256240334e-8
2.5601400194598507e-7 ; -3.9773948523410754e-8
-1.3480443444844802e-7 ; -9.038597388340783e-9
-9.444470985320299e-8 ; -9.21652043606048e-9
-1.4401298167115343e-7 ; 4.294861297150989e-8
2.4174484800140375e-7 ; -7.829270695841833e-8
-2.778115489155265e-7 ; 8.548322637794196e-8
2.584069561313796e-7 ; -9.81476852525383e-8
-2.4863182546172e-7 ; 1.0479521720128495e-7
3.107200234885776e-7 ; -5.384194660090787e-8
-2.5504269677546245e-7 ; 7.851846952740219e-8
2.9056723922073406e-7 ; -8.013627030756121e-8
-1.3484604601583014e-7 ; 1.0951288027064578e-8
-8.768054122039259e-8 ; -1.0898877885981664e-8
-1.7522939829532654e-7 ; 7.769456727438646e-8
2.9821747002359936e-7 ; -1.3870982193761067e-7
-3.3975879016882613e-7 ; 1.535101808941547e-7
3.283067983988251e-7 ; -1.680432666257386e-7
-3.224093652216423e-7 ; 1.7389877825985073e-7
3.519181408142529e-7 ; -1.1271900230723984e-7
-3.114435002477345e-7 ; 1.3982580754148107e-7
3.476147649588289e-7 ; -1.3884721106317913e-7
-1.4549804833037163e-7 ; 3.500649454967038e-8
-8.01738906741596e-8 ; -1.319782561218465e-8
-2.2209066211264238e-7 ; 1.3820514162152717e-7
3.818535292671433e-7 ; -2.4450921599536294e-7
-4.323212416735239e-7 ; 2.7223909649874254e-7
4.2954812408934186e-7 ; -2.917172531258686e-7
-4.270923677082778e-7 ; 2.9749759221385296e-7
4.198466962245474e-7 ; -2.126055828597011e-7
-3.954358406080082e-7 ; 2.477014308421305e-7
4.3109004396581113e-7 ; -2.42835542296863e-7
-1.671826596581729e-7 ; 7.2998230319353e-8
-7.179237508172901e-8 ; -1.745461451774693e-8
-2.7624387428980376e-7 ; 2.623847211948158e-7
4.780672559175255e-7 ; -4.6216984520865204e-7
-5.391190498363384e-7 ; 5.161288201761995e-7
5.451236916116244e-7 ; -5.473192890517201e-7
-5.457311789545836e-7 ; 5.541346407232109e-7
5.006460104201072e-7 ; -4.1507153861306714e-7
-4.921910668699677e-7 ; 4.699963951229219e-7
5.267592656900618e-7 ; -4.576458176834009e-7
-1.945058645842008e-7 ; 1.4746930754181461e-7
-6.318564641721984e-8 ; -2.668502205706019e-8
-2.4644330863099525e-7 ; 5.183346137459906e-7
4.2675337113389106e-7 ; -9.111935152122173e-7
-4.808733777917444e-7 ; 1.0189863369650957e-6
4.866549848125189e-7 ; -1.0754679693178083e-6
-4.888229236965463e-7 ; 1.0852808342278023e-6
4.463790248435741e-7 ; -8.304842860189716e-7
-4.3814612596203664e-7 ; 9.28779724361041e-7
4.7649993555750924e-7 ; -9.012952019273094e-7
-1.7379682957612113e-7 ; 2.9845540812707427e-7
-6.146760330264323e-8 ; -4.6236732933772774e-8
1.2630344808732965e-7 ; 7.150544513616167e-7
-2.2664448710591223e-7 ; -1.2563070744268637e-6
2.513319095856122e-7 ; 1.405476806841453e-6
-2.809295982182382e-7 ; -1.4813962175441143e-6
2.8214897159220234e-7 ; 1.493517108699071e-6
-1.6234657410713745e-7 ; -1.1497757003038129e-6
2.3117407149840837e-7 ; 1.2814153973312153e-6
-1.6887326120566587e-7 ; -1.2423566636246042e-6
4.65352997939458e-8 ; 4.144932235579625e-7
-8.685705372826843e-8 ; -6.119154569860482e-8
4.273693587554845e-7 ; 4.5943664763629433e-7
-7.543265764989904e-7 ; -8.07497014654058e-7
8.427225396489453e-7 ; 9.031182131125697e-7
-9.007230441323931e-7 ; -9.527128928621971e-7
9.045637183053608e-7 ; 9.610620185890774e-7
-6.545423255477294e-7 ; -7.367128226855978e-7
7.7203345875652e-7 ; 8.227771311285178e-7
-6.899761265338956e-7 ; -7.988136006355141e-7
2.2436738882366264e-7 ; 2.6596173428378433e-7
-1.0691988909315793e-7 ; -4.082715142819751e-8
4.2178012700820933e-7 ; 2.3403506379520224e-7
-7.438343787635743e-7 ; -4.1175326136379254e-7
8.315537842760733e-7 ; 4.6014800615152024e-7
-8.870881461231641e-7 ; -4.865673936368093e-7
8.895348137364718e-7 ; 4.916205600798497e-7
-6.499795766017626e-7 ; -3.724113112960956e-7
7.629435924024626e-7 ; 4.1837415625053974e-7
-6.79110700367731e-7 ; -4.077759470024223e-7
2.2251175246252065e-7 ; 1.3491825888891846e-7
-1.0326419759787379e-7 ; -2.2860495526981177e-8
3.635730643009178e-7 ; 1.295023785784016e-7
-6.410486779085532e-7 ; -2.2818663567270012e-7
7.170147491674991e-7 ; 2.5470006637276565e-7
-7.649305100844375e-7 ; -2.7026794894230363e-7
7.653949979745571e-7 ; 2.737214602111482e-7
-5.599342235898143e-7 ; -2.0363349106966906e-7
6.595384984750153e-7 ; 2.3079134203021199e-7
-5.769373193811271e-7 ; -2.2648938758997087e-7
1.8951086150899145e-7 ; 7.438415167432888e-8
-9.572124212184524e-8 ; -1.4375332556764902e-8
3.1497689084208805e-7 ; 7.945827173693477e-8
-5.551829823992171e-7 ; -1.4027874745028014e-7
6.21382897451405e-7 ; 1.563316665308438e-7
-6.628013545024258e-7 ; -1.66625765809032e-7
6.615160371720754e-7 ; 1.6926043883296788e-7
-4.852004085960034e-7 ; -1.2295569061526485e-7
5.734227783894034e-7 ; 1.4095655328171906e-7
-4.913736145181815e-7 ; -1.3978396222205228e-7
1.617958165224049e-7 ; 4.560194209174178e-8
-8.913213963238779e-8 ; -1.0180808427929327e-8
2.793193123043073e-7 ; 5.27162626708832e-8
-4.920677151462049e-7 ; -9.328629590344204e-8
5.511934784786607e-7 ; 1.0375828402658355e-7
-5.875434143598897e-7 ; -1.1118343004719454e-7
5.847640168696377e-7 ; 1.1334733376219378e-7
-4.3122235187651506e-7 ; -7.991383047346937e-8
5.105584777372559e-7 ; 9.292557921345655e-8
-4.281608003904319e-7 ; -9.35494098401342e-8
1.4136006806942888e-7 ; 3.037147950827863e-8
-8.373620112855155e-8 ; -7.836674128008243e-9
2.532447110752814e-7 ; 3.6957153084655104e-8
-4.458042883945464e-7 ; -6.558360034385344e-8
4.998495340040974e-7 ; 7.277093609162166e-8
-5.321947954499788e-7 ; -7.84752982348532e-8
5.281133981258826e-7 ; 8.034305457114027e-8
-3.926183793735e-7 ; -5.457845626473119e-8
4.649237366194417e-7 ; 6.459713493365643e-8
-3.8144910085522824e-7 ; -6.641023350918596e-8
1.26278298665818e-7 ; 2.1512072015519087e-8
-7.925226783716858e-8 ; -6.377449890342149e-9
2.338585068608779e-7 ; 2.6905836076474946e-8
-4.113046953173837e-7 ; -4.79097677531716e-8
4.616607030355625e-7 ; 5.300291182463429e-8
-4.907509029384795e-7 ; -5.7594397193705215e-8
4.85505209801178e-7 ; 5.926473691389014e-8
-3.6474737387509264e-7 ; -3.841847445616314e-8
4.313263988423767e-7 ; 4.6505630452830895e-8
-3.461899934654342e-7 ; -4.921382467262647e-8
1.1488440444299688e-7 ; 1.595529281813143e-8
-7.543696871155464e-8 ; -5.388443955012741e-9
2.1921229268903207e-7 ; 2.006605109635917e-8
-3.851426655514482e-7 ; -3.5881981005799635e-8
4.327963863661011e-7 ; 3.9548275443631464e-8
-4.591657249768541e-7 ; -4.337785900234782e-8
4.52854115205077e-7 ; 4.4912649440256244e-8
-3.4449593438299644e-7 ; -2.7397993777132522e-8
4.062736557131412e-7 ; 3.417040282615199e-8
-3.189763161749378e-7 ; -3.763057809278134e-8
1.0605707103006071e-7 ; 1.2253825034990406e-8
-7.212244340234929e-8 ; -4.672438586131422e-9