-7.693284547360423e-7 ; 7.904924814593376e-7
2.0242876811651794e-6 ; -1.700889964428556e-6
-1.6188995373450372e-6 ; 1.6077347003049835e-6
1.48445349821052e-6 ; -1.5348155000923448e-6
-1.7262085869809792e-6 ; 1.5941831307939463e-6
1.8311166394453662e-6 ; -1.589387002920657e-6
-1.4106552214080314e-6 ; 1.3155243725217742e-6
1.348682847763883e-6 ; -1.183933451851008e-6
-8.8820883205545e-7 ; 8.917943580430511e-7
7.307445406155389e-7 ; -5.713895044350151e-7
-2.3925047647554834e-7 ; 2.110751364045793e-7
-1.575887334199665e-7 ; 3.919141229297574e-8
-1.6117102083920205e-7 ; 6.016145618212813e-8
-5.3263184609160335e-9 ; 5.0859459707394136e-8
-3.1073086201438234e-7 ; 9.544573766136845e-8
-3.545303532596329e-8 ; 2.7283648776059006e-8
-2.42793926760753e-8 ; 1.807140529212224e-8
3.895791047697485e-9 ; 4.132841083146541e-9
3.111555565684594e-9 ; 4.59626219903494e-10
7.599488478173292e-11 ; -2.2176127655527502e-11
-7.192164666313257e-7 ; 1.613007440038457e-6
1.9807631034653e-6 ; -3.4091722948197483e-6
-1.5266122677683117e-6 ; 3.2713639106073835e-6
1.3854985128913455e-6 ; -3.133361081358485e-6
-1.6534131045901582e-6 ; 3.2258663278877175e-6
1.7819676485901522e-6 ; -3.1937141092650568e-6
-1.3513189968139487e-6 ; 2.6610309050692384e-6
1.3022609308670633e-6 ; -2.3876329742243458e-6
-8.391743575442696e-7 ; 1.8130688324131821e-6
7.315266714261191e-7 ; -1.1316277532040207e-6
-1.900479336435841e-7 ; 5.07011456728779e-7
-2.0712892667078296e-7 ; 7.020216524202112e-10
-1.5606722391628303e-7 ; 1.387802580878985e-7
-1.1899917555762178e-8 ; 8.766530956132259e-8
-3.2565031093553076e-7 ; 1.7780879400179134e-7
-3.8393823832360443e-8 ; 4.930784581476756e-8
-2.7001472410570044e-8 ; 3.4103423410667537e-8
3.965627448457453e-9 ; 7.979621514927099e-9
3.1952720603457627e-9 ; 1.2578216292935354e-9
2.2796024136870478e-10 ; 2.941879799223986e-11
5.154043747337574e-7 ; 2.528682297365147e-6
-4.7148262313729543e-7 ; -5.320529116198789e-6
9.538164322822398e-7 ; 5.124863641030593e-6
-1.0169114114832128e-6 ; -4.912737562011961e-6
7.46662474556999e-7 ; 5.046609389941736e-6
-5.364947609027504e-7 ; -4.987457504148795e-6
6.270452359916528e-7 ; 4.162418656812519e-6
-4.5632184956167637e-7 ; -3.731569244347861e-6
5.295175306578932e-7 ; 2.840192930059851e-6
-4.2706059721889634e-8 ; -1.7615004928527846e-6
2.1810859689699116e-7 ; 9.161852253045379e-7
-2.863604375420284e-7 ; -9.431596241818921e-8
-7.053757661692291e-8 ; 2.565302260838545e-7
4.225857716379136e-8 ; 1.1564010408845712e-7
-2.459602354205571e-7 ; 2.795499840231673e-7
-9.095787761109034e-9 ; 7.104473672069238e-8
-1.1791729712838942e-8 ; 5.417995466522456e-8
1.0076864437480413e-8 ; 1.158463856362001e-8
3.888007259224244e-9 ; 2.536795302694328e-9
7.346005503409738e-10 ; -6.719092883845947e-11
2.0440901560478374e-6 ; 1.7017376580722076e-6
-3.5018767748554958e-6 ; -3.685832611805877e-6
4.024206339576172e-6 ; 3.4646901465441307e-6
-3.991794688755777e-6 ; -3.3035256344269984e-6
3.7159346477831403e-6 ; 3.4426532569586634e-6
-3.4026235677313772e-6 ; -3.440901773538668e-6
3.074805691419008e-6 ; 2.839826966119524e-6
-2.6319517882400847e-6 ; -2.555570205739206e-6
2.2231757745586425e-6 ; 1.9260341165338467e-6
-9.970261766549219e-7 ; -1.250281789838432e-6
8.043136303351799e-7 ; 1.0238309117992004e-6
-4.4407734762000207e-7 ; -3.064421636555315e-7
6.360693045049514e-8 ; 3.3690466752216987e-7
9.458999990014028e-8 ; 1.5037173689547982e-8
-1.4246006489156995e-7 ; 2.6006654031533466e-7
2.3919078645630825e-8 ; 3.625106939034196e-8
8.004695864508226e-9 ; 5.1945543414518625e-8
1.687996407756799e-8 ; 4.32179011452634e-9
4.970882840686559e-9 ; 3.859058046824619e-9
1.2505593841276474e-9 ; -1.0251350094185937e-9
2.3227096608184334e-6 ; 5.968047228671354e-7
-3.937999985702139e-6 ; -1.5253853180532224e-6
4.566725406177824e-6 ; 1.249992559404545e-6
-4.537633533371943e-6 ; -1.152772031474722e-6
4.206921202032943e-6 ; 1.310008303993502e-6
-3.832904810209422e-6 ; -1.3934908855110113e-6
3.4793039205114085e-6 ; 1.0811715314175323e-6
-2.980000063741289e-6 ; -9.937557675981006e-7
2.517595441592262e-6 ; 7.08377330284261e-7
-1.1012024301517636e-6 ; -5.827242714860367e-7
1.6219383334972015e-6 ; 1.3435392575107775e-6
-1.0229864135095394e-6 ; -7.038494007635194e-7
3.234663276568012e-7 ; 5.113795615845421e-7
-2.6693335357166974e-8 ; -1.4779734805295018e-7
-1.066199572570529e-7 ; 2.5711470301232027e-7
-3.1344304499274865e-9 ; -1.635247215375923e-8
1.6213027377503837e-8 ; 5.4115528219420485e-8
1.1910907035206465e-8 ; -6.891039113416566e-9
7.537231266048022e-9 ; 6.536305100715697e-9
5.784620281394617e-10 ; -2.635682584934905e-9
2.344205547028221e-6 ; -1.4343754960551497e-7
-3.803149955940305e-6 ; -2.0693510745769262e-7
4.584029675022486e-6 ; -2.1490908404353212e-7
-4.585507387462895e-6 ; 2.9239584100589127e-7
4.172698858405377e-6 ; -6.336855406069563e-8
-3.7333921778261655e-6 ; -1.2336030484362854e-7
3.4512084565715273e-6 ; -5.2357805457114226e-8
-2.937970206388044e-6 ; 2.142573807261517e-9
2.5199232957574945e-6 ; -8.929595199788201e-8
-1.0075002074486828e-6 ; -2.175521343890767e-7
3.339793128416148e-6 ; 8.094698793161086e-7
-2.3057673093817598e-6 ; -3.87645361225488e-7
9.094014979970824e-7 ; 3.80531550350828e-7
-3.340003308943845e-7 ; -1.1703445747872627e-7
-2.6973886135602898e-8 ; 2.3861494279175703e-7
-7.748445564488593e-8 ; -1.7661627164475706e-8
3.500700526762698e-8 ; 5.180728502093404e-8
-2.96846395969607e-9 ; -7.763981010992441e-9
1.3574953003004609e-8 ; 6.360894461930297e-9
-1.5894995485633111e-9 ; -2.811894052782669e-9
2.402431413817422e-6 ; -9.608944775570325e-7
-3.7321284666607365e-6 ; 1.044501646432688e-6
4.6735026416952895e-6 ; -1.8027598097758368e-6
-4.70454110457051e-6 ; 1.8951028597073817e-6
4.205111220416881e-6 ; -1.4921348582430213e-6
-3.6946052338256847e-6 ; 1.1182468548361766e-6
3.4775781555724494e-6 ; -1.233413040191441e-6
-2.94329637892584e-6 ; 1.0223048664964977e-6
2.5611052281686373e-6 ; -9.410409712460883e-7
-9.312792128165324e-7 ; 5.4802796367492926e-8
4.310454549093158e-6 ; -8.964267076255878e-7
-3.059081178398169e-6 ; 8.355712892885066e-7
1.2233394439415716e-6 ; -1.3161419542279707e-7
-5.089510058925032e-7 ; 1.267484878088061e-7
-1.153440521407216e-8 ; 1.9781486961080065e-7
-1.2182182937743373e-7 ; 3.167350653549295e-8
3.9608491906759405e-8 ; 4.4738594761028e-8
-1.1181274446190342e-8 ; 1.1203459281065342e-9
1.667064522004104e-8 ; 3.4342790135064908e-9
-2.4125342473949554e-9 ; -1.6280423139589417e-9
2.0405963007893772e-6 ; -2.301682570194019e-6
-3.1287954961546337e-6 ; 2.928778034978208e-6
3.96332713724427e-6 ; -4.382058497782164e-6
-3.99662140889347e-6 ; 4.528325371259717e-6
3.551365715481619e-6 ; -3.7617041261897556e-6
-3.105341534296363e-6 ; 3.0204463712417984e-6
2.9354532837445535e-6 ; -3.110595260022073e-6
-2.467023191348599e-6 ; 2.6285798611645165e-6
2.1819828053680424e-6 ; -2.311825911340798e-6
-7.88076565547842e-7 ; 3.9223982759830535e-7
4.386004327377085e-6 ; -2.9561677357944184e-6
-3.1236336933883987e-6 ; 2.3925381000669792e-6
1.2851625924081954e-6 ; -6.788631003175674e-7
-5.456044573260382e-7 ; 4.130454931948388e-7
2.052641505695569e-8 ; 2.5212333127875624e-7
-1.3731567692715303e-7 ; 8.911756243664313e-8
4.953333397192531e-8 ; 6.03027731077771e-8
-1.491637701817444e-8 ; 9.329243997534701e-9
1.950558997900597e-8 ; 3.081798701822886e-9
-2.5698345492637743e-9 ; -1.1655576926012259e-9
9.415937176717013e-8 ; -3.1219415480015023e-6
-4.1447778068560873e-7 ; 4.0772881633009816e-6
2.221196633642191e-7 ; -5.95940259256175e-6
-1.7365961917437325e-7 ; 6.139462169639046e-6
2.664395083200783e-7 ; -5.148467145733137e-6
-3.604230502906697e-7 ; 4.180864888041233e-6
2.156672611896054e-7 ; -4.257454278934547e-6
-1.371840421162803e-7 ; 3.609203879419056e-6
2.0278156679880007e-7 ; -3.1505491733296272e-6
-3.2432764922923654e-7 ; 5.970328247790214e-7
2.9213662207543243e-6 ; -4.40867113314029e-6
-1.9292833739949758e-6 ; 3.4824184651145073e-6
1.0396807319597102e-6 ; -1.0817173266868367e-6
-3.874644750055168e-7 ; 6.21132766487836e-7
2.3205850378389985e-7 ; 2.709770290891958e-7
-1.1824112724640145e-7 ; 1.3305164713450892e-7
1.0478966854562353e-7 ; 6.599369410730212e-8
-1.739023345909747e-8 ; 1.6440203566737068e-8
2.7282676245256298e-8 ; 1.7340394324381712e-9
-3.2940260958415323e-9 ; -8.774537418829041e-10
-1.2390804399192842e-6 ; -1.8971278367465602e-6
1.45659538284215e-6 ; 2.4508991340917753e-6
-2.3422430999660084e-6 ; -3.6175351668506476e-6
2.4445463228640195e-6 ; 3.7319777170369382e-6
-1.988647732908195e-6 ; -3.117698699013623e-6
1.5293939797011868e-6 ; 2.519513423561895e-6
-1.6524088661876964e-6 ; -2.5766370735459103e-6
1.4658729372290676e-6 ; 2.178644640466139e-6
-1.1519026444463226e-6 ; -1.9161792987435374e-6
-3.7278835414223385e-9 ; 3.54481105322703e-7
2.3686256411566022e-6 ; -3.950148197858772e-6
-1.4335270856290372e-6 ; 3.023112021573395e-6
1.0304210364124809e-6 ; -1.107263033657579e-6
-3.562345910187788e-7 ; 5.951908203331013e-7
4.0958542617602185e-7 ; 6.969850532104511e-8
-1.2544193484779056e-7 ; 1.373525926966574e-7
1.5120019652324155e-7 ; 1.55870760118435e-8
-2.3570167337546185e-8 ; 2.2798882383189705e-8
3.5152665768327976e-8 ; -5.936930685236528e-9
-3.996097162948231e-9 ; 6.866422430052841e-11
-1.2352714170856664e-6 ; -9.310044210178191e-7
1.514875450825996e-6 ; 1.162885927542404e-6
-2.3443914704035935e-6 ; -1.7697513989888596e-6
2.4351494555555513e-6 ; 1.8336551717055139e-6
-2.009603231978366e-6 ; -1.5144721053868963e-6
1.5752435414035875e-6 ; 1.2058868584950947e-6
-1.6723067767056653e-6 ; -1.249936721068413e-6
1.4938130467769714e-6 ; 1.048849903486469e-6
-1.1496921459891612e-6 ; -9.431415656971264e-7
2.2878530877088884e-8 ; 1.6107540137788162e-7
3.5744403636841113e-6 ; -4.38712840201867e-6
-2.3100452014004673e-6 ; 3.2259610014186515e-6
1.449782294922009e-6 ; -1.412500756938146e-6
-5.647535696969553e-7 ; 7.112821103130679e-7
4.84802610708472e-7 ; -1.5341272520879643e-7
-1.808661164480218e-7 ; 1.7558986108768186e-7
1.715172650816166e-7 ; -4.04401590339066e-8
-3.5535488148821436e-8 ; 3.611691487072453e-8
4.1739303061261375e-8 ; -1.6305345310318104e-8
-4.466441623106638e-9 ; 1.1590025477179342e-9
-1.0273517098857766e-6 ; -4.927237093838985e-7
1.2925152944454217e-6 ; 5.800858205126332e-7
-1.9548531609943447e-6 ; -9.324120824379013e-7
2.0247780282038317e-6 ; 9.740600628910732e-7
-1.6878248194419747e-6 ; -7.904200649050722e-7
1.3367655869468094e-6 ; 6.140024418361679e-7
-1.4093471336740699e-6 ; -6.516810196574973e-7
1.2811935981156536e-6 ; 5.395079838877612e-7
-9.382720112363425e-7 ; -5.054548111496103e-7
-4.538463442220871e-10 ; 7.681635402133995e-8
5.234041099639458e-6 ; -6.915591954586513e-6
-3.5249882751880897e-6 ; 4.959960297773649e-6
2.0015118484437165e-6 ; -2.385569688754623e-6
-8.410840203246374e-7 ; 1.1611852414127548e-6
5.610941053745833e-7 ; -4.4825632053699587e-7
-2.5155787704246016e-7 ; 2.9375819326021383e-7
1.9200010030043207e-7 ; -1.1447463962608349e-7
-5.023139922045647e-8 ; 6.627999455288203e-8
4.920238321417527e-8 ; -3.363326702050266e-8
-5.016385520135805e-9 ; 2.7630122312333997e-9
-8.682635683727705e-7 ; -2.8982282837339703e-7
1.135917971381227e-6 ; 3.1084122411681944e-7
-1.6595527699944633e-6 ; -5.464132096473688e-7
1.7119933838646257e-6 ; 5.797552901790873e-7
-1.4499283738137399e-6 ; -4.6128377739732844e-7
1.1686913390940553e-6 ; 3.4709907706882753e-7
-1.2184601970327863e-6 ; -3.8253415902577084e-7
1.1324236186043975e-6 ; 3.113920009580611e-7
-7.753697560805058e-7 ; -3.090102542693038e-7
-1.8241905691405607e-8 ; 4.081121758981736e-8
5.185496941510799e-6 ; -0.000013073862605449914
-3.530678535148602e-6 ; 9.278464196039298e-6
1.948906729559696e-6 ; -4.622109921521087e-6
-8.28143127990113e-7 ; 2.220055836423096e-6
5.049584890158881e-7 ; -9.983291294358456e-7
-2.493807116862416e-7 ; 5.643141509426435e-7
1.7924050541286206e-7 ; -2.5260986501045045e-7
-4.754773612576938e-8 ; 1.3194868762368115e-7
4.7919315056416145e-8 ; -6.860115867242717e-8
-4.8297939600866095e-9 ; 5.858568159177568e-9
-7.862302245601039e-7 ; -1.8135608608924254e-7
1.0925992145067248e-6 ; 1.6202691035626075e-7
-1.5164675161711364e-6 ; -3.401955372860204e-7
1.557763997736701e-6 ; 3.7116361912623633e-7
-1.3561636736431446e-6 ; -2.865216378021236e-7
1.1285381612120171e-6 ; 2.0396174130458058e-7
-1.1560484958755056e-6 ; -2.4029500194462414e-7
1.1010810778700263e-6 ; 1.8959562586215168e-7
-6.950514162655194e-7 ; -2.0909178887903338e-7
-2.3409161367159427e-8 ; 2.38834632181548e-8
-3.6419749004452086e-6 ; -0.00001952568964668119
2.656277858812376e-6 ; 0.000013816480459159318
-1.2372575079655959e-6 ; -6.948335439763751e-6
6.780049877270912e-7 ; 3.3254177214831647e-6
-2.6770744171057397e-7 ; -1.5525540833705108e-6
1.3070140454383373e-7 ; 8.458835658426396e-7
-1.3335699431714179e-8 ; -3.918439700019937e-7
4.568638951261698e-8 ; 1.9976864285391071e-7
-4.718465058831407e-11 ; -1.0434785898321594e-7
-6.020013654618185e-10 ; 9.001147944502413e-9
-7.530047724433624e-7 ; -8.536206683119521e-8
1.12219239277415e-6 ; 1.035816249995337e-8
-1.4684780602562324e-6 ; -1.5037660365292607e-7
1.5004497529448834e-6 ; 1.7722685074183054e-7
-1.3486709941303466e-6 ; -1.0764889171733443e-7
1.1639417521308158e-6 ; 4.176717666832239e-8
-1.1680309485593915e-6 ; -8.212545791898262e-8
1.1371356351452057e-6 ; 4.3011880249515236e-8
-6.617937278048365e-7 ; -1.1332904379125381e-7
-2.1711306665113785e-8 ; 9.062757914576961e-9
-0.000013339987531308718 ; -0.000013547476883330938
9.459004502873982e-6 ; 9.60161420681627e-6
-4.729000547785782e-6 ; -4.818468775330137e-6
2.3299442021924984e-6 ; 2.3119281040452702e-6
-1.1059001046504792e-6 ; -1.06726793392397e-6
5.471399047641742e-7 ; 5.900175139385741e-7
-2.2227474417311082e-7 ; -2.702266886660712e-7
1.4763130401985673e-7 ; 1.3836006668241932e-7
-5.2277340842855667e-8 ; -7.28680978303162e-8
3.9820182153990595e-9 ; 6.2841219884487745e-9
-7.397187605551017e-7 ; 1.7263684071044839e-9
1.1830136579203e-6 ; -1.4522827952215493e-7
-1.4565226554398607e-6 ; 2.5407047197170757e-8
1.475623687923634e-6 ; -1.269428884825595e-10
-1.3658488719574107e-6 ; 6.536890404321306e-8
1.2183485053604766e-6 ; -1.2432626597749752e-7
-1.1957817086287741e-6 ; 7.499390078567064e-8
1.1858740370746396e-6 ; -1.0853781474062268e-7
-6.373547372469403e-7 ; -2.9109861650256684e-8
-1.9462166184761142e-8 ; -3.179002425693053e-9
-0.000013938435640382095 ; -6.775359272628661e-6
9.84737203561734e-6 ; 4.834727787419197e-6
-4.96007148871584e-6 ; -2.400474010428135e-6
2.428654917549136e-6 ; 1.1642063727010193e-6
-1.187656481240296e-6 ; -5.090343775197102e-7
5.692101807302824e-7 ; 3.0013344479519784e-7
-2.4120001462798606e-7 ; -1.3043212184323252e-7
1.5505411239869467e-7 ; 6.855368978673621e-8
-5.524151389619883e-8 ; -3.6922396145395944e-8
4.269304655608373e-9 ; 3.1718147184978135e-9
-7.594542504755387e-7 ; 9.408323246423072e-8
1.305628000802511e-6 ; -3.3364920956905475e-7
-1.5102340702692875e-6 ; 2.1459161564892234e-7
1.5146741441730796e-6 ; -1.856682107658592e-7
-1.4446091749305793e-6 ; 2.5592139569698065e-7
1.3320333592193723e-6 ; -3.169618690918984e-7
-1.2774382954263313e-6 ; 2.4964495501773065e-7
1.286909422845891e-6 ; -2.8307477002066024e-7
-6.392802051807552e-7 ; 5.107051083407191e-8
-1.397276609263049e-8 ; -1.4141095813142879e-8
-0.000012545514584856801 ; -3.5624281394079934e-6
8.82813717420132e-6 ; 2.5872112371653107e-6
-4.475916029336339e-6 ; -1.2538408879595786e-6
2.1847554329257608e-6 ; 6.26467794314812e-7
-1.1042013584256158e-6 ; -2.3807481856030744e-7
5.03778133117706e-7 ; 1.6515849857416833e-7
-2.1845368328710258e-7 ; -6.299389626099143e-8
1.4168305338343926e-7 ; 3.562429438940383e-8
-4.7227365532391584e-8 ; -1.99907816492628e-8
3.5934680475106428e-9 ; 1.7087229226379282e-9
-8.169610757738552e-7 ; 2.3201890486624464e-7
1.504337939791651e-6 ; -6.435386850710385e-7
-1.640808205414977e-6 ; 5.009762830129517e-7
1.6287851721649975e-6 ; -4.607939260901109e-7
-1.5995341911889296e-6 ; 5.508793299204394e-7
1.5221221672567122e-6 ; -6.267443695321753e-7
-1.4282274021578685e-6 ; 5.225574105981296e-7
1.4567936853112702e-6 ; -5.627939414494251e-7
-6.729082697584965e-7 ; 1.615923862321912e-7
-4.4575686675032864e-9 ; -2.8911581041226228e-8
-0.00001138322094375036 ; -2.0772895076544254e-6
7.964848475211889e-6 ; 1.5784531098267036e-6
-4.0727649935935505e-6 ; -7.236860466729716e-7
1.976314539362445e-6 ; 3.9178492387453616e-7
-1.0415784619087162e-6 ; -9.857898740091663e-8
4.4661530067440404e-7 ; 1.0769993295646067e-7
-2.0067802949978352e-7 ; -2.907281401119393e-8
1.3058777166407504e-7 ; 2.0796472835700283e-8
-4.0210031344404186e-8 ; -1.2211231464442571e-8
2.9980496855098164e-9 ; 1.0366737837044736e-9
-8.871237118694669e-7 ; 4.989337623515096e-7
1.7223326043114556e-6 ; -1.2713964306180935e-6
-1.7961903014055542e-6 ; 1.0592755914209214e-6
1.7682139977227988e-6 ; -9.919925479252246e-7
-1.7772827135655495e-6 ; 1.133150691115867e-6
1.7325163547311734e-6 ; -1.2494686154653483e-6
-1.5990166395232404e-6 ; 1.0642193936986644e-6
1.6451240580607792e-6 ; -1.1244701375928504e-6
-7.186210686073274e-7 ; 3.676742744897112e-7
6.386058805228825e-9 ; -5.657133786111804e-8
-0.00001065007155919459 ; -1.4256869373792263e-6
7.404665009904195e-6 ; 1.2051889268922893e-6
-3.8221545189300955e-6 ; -4.897511421874686e-7
1.8409298019044375e-6 ; 3.203699129565028e-7
-1.0133284848189617e-6 ; -3.753635316743976e-9
4.0745549298570937e-7 ; 9.326337557563512e-8
-1.914521537479833e-7 ; -7.569845671338888e-9
1.2400125099996827e-7 ; 1.5234275473023013e-8
-3.5194403320120025e-8 ; -8.63900510011665e-9
2.5700263555426715e-9 ; 7.221377128454741e-10
-7.530161616473362e-7 ; 1.0169202513674747e-6
1.4392047398443577e-6 ; -2.509257116579425e-6
-1.5211294909208385e-6 ; 2.145680179565152e-6
1.5015903568542347e-6 ; -2.022293751023774e-6
-1.5003352065329725e-6 ; 2.271465901013673e-6
1.4485994776782969e-6 ; -2.4744330320047556e-6
-1.344561905685492e-6 ; 2.1252349446200943e-6
1.3880038592456919e-6 ; -2.228983840796858e-6
-6.114151516145045e-7 ; 7.627498762962237e-7
-3.92471657730667e-9 ; -1.0993498555425656e-7
-0.000010487457020737943 ; -1.3392061453150899e-6
7.321896148521963e-6 ; 1.3197847607342997e-6
-3.773450580119154e-6 ; -4.5521955762570483e-7
1.837200001186998e-6 ; 3.8557882318786816e-7
-9.953091508768625e-7 ; 8.865939093852353e-8
4.035063967021595e-7 ; 1.1650818499268919e-7
-1.8657622069956167e-7 ; 1.1073292499819914e-8
1.2458634384032754e-7 ; 1.6790947312468566e-8
-3.2416020726750004e-8 ; -7.599070933180114e-9
2.3181413748203525e-9 ; 6.135170821703431e-10
3.1289505335194484e-8 ; 1.2854938522425548e-6
-4.1868200339718074e-7 ; -3.14841434784054e-6
1.2085338159506702e-7 ; 2.708577770822612e-6
-5.783864022709473e-8 ; -2.5565772716729965e-6
2.1474973999889885e-7 ; 2.8605001369951325e-6
-3.9098626258132753e-7 ; -3.10729730343844e-6
2.5261849312127133e-7 ; 2.674008039405029e-6
-2.713601316997884e-7 ; -2.799697279058426e-6
-1.2976953640520178e-8 ; 9.681282889066611e-7
-8.145998051254236e-8 ; -1.3746551364230953e-7
-0.000011279691376588309 ; -1.1378205313320843e-6
8.142486249357212e-6 ; 1.2673357698825793e-6
-4.0610087930937926e-6 ; -3.8089615637634225e-7
2.101850516116777e-6 ; 3.9127765874747356e-7
-9.442740695434907e-7 ; 1.4939229599774505e-7
4.7434931394906887e-7 ; 1.2209368478079955e-7
-1.7906022378053173e-7 ; 2.3890849318695356e-8
1.3875140640813559e-7 ; 1.573345610438875e-8
-3.2867457349724594e-8 ; -6.627072745898404e-9
2.3036555680364397e-9 ; 5.25346870039225e-10
5.091213250169313e-7 ; 7.661659715135034e-7
-1.5421347583110217e-6 ; -1.8890423017868894e-6
1.1197280255502463e-6 ; 1.6165868376936172e-6
-1.0077136115250986e-6 ; -1.524100485224475e-6
1.255443797404441e-6 ; 1.7112166825956107e-6
-1.504042583778425e-6 ; -1.8635214411391791e-6
1.2209620843202173e-6 ; 1.6008654842243375e-6
-1.2756509518414901e-6 ; -1.6786391453881176e-6
3.5225334780316e-7 ; 5.761172450864168e-7
-1.2753350211513563e-7 ; -8.365342655592109e-8
-0.000012027101342415669 ; -1.843234985937282e-7
8.826908136145881e-6 ; 4.100596255346543e-7
-4.3352729029321835e-6 ; -4.3114129765839694e-8
2.3118309101585427e-6 ; 1.4257347039407896e-7
-9.409796344736797e-7 ; 1.3938081365709516e-7
5.270564265260381e-7 ; 5.459932720407771e-8
-1.8077909185545192e-7 ; 2.578146405691033e-8
1.5111400583747588e-7 ; 2.557535314961483e-9
-3.3264494448035435e-8 ; -3.591029778233976e-9
2.293882014072187e-9 ; 3.032925529957534e-10
4.797894106457062e-7 ; 3.8557689708258593e-7
-1.4459519055855741e-6 ; -9.658685259448119e-7
1.0536951542912855e-6 ; 8.163303029562657e-7
-9.489443073675433e-7 ; -7.675425020422512e-7
1.1781981170357472e-6 ; 8.689528872884384e-7
-1.4110864204260656e-6 ; -9.519500002217039e-7
1.146414043242071e-6 ; 8.144350047821157e-7
-1.1926506187727075e-6 ; -8.570108877203001e-7
3.3246207955408017e-7 ; 2.8889592427971917e-7
-1.2144662415534158e-7 ; -4.414235191878345e-8
-0.000012526164098244114 ; 6.480756003032806e-7
9.161240770809483e-6 ; -3.1300764555645957e-7
-4.525490818393689e-6 ; 2.532757333927252e-7
2.4007029567608608e-6 ; -6.402723251736617e-8
-1.0033815223692467e-6 ; 1.4404318198193285e-7
5.422604893511342e-7 ; -1.4711903607731186e-10
-1.944483868605427e-7 ; 3.007375952110932e-8
1.5859018745013185e-7 ; -8.812498278215929e-9
-3.283542830492826e-8 ; -1.1706719392584775e-9
2.231724130503318e-9 ; 1.2977436118584865e-10
3.812152398654945e-7 ; 2.12537040496013e-7
-1.185670328491973e-6 ; -5.445304149345211e-7
8.425911511462665e-7 ; 4.5232704574615095e-7
-7.523146092903781e-7 ; -4.2377254387688536e-7
9.492889556801843e-7 ; 4.854907811498332e-7
-1.1554012959872734e-6 ; -5.363883085753521e-7
9.305706571221274e-7 ; 4.5633410631911387e-7
-9.628765228147543e-7 ; -4.824629460617485e-7
2.5957523389073997e-7 ; 1.5869849247697094e-7
-1.0838513815784787e-7 ; -2.60479586612286e-8
-0.000013249344809954973 ; 1.3520690417831529e-6
9.631415759581749e-6 ; -8.72964871142561e-7
-4.797727153328093e-6 ; 5.064752556626978e-7
2.5194611565675827e-6 ; -2.167698158285715e-7
-1.0967466753689155e-6 ; 1.7466357833992818e-7
5.6285505336412e-7 ; -3.813619593767664e-8
-2.1513152382541493e-7 ; 3.8974387794449965e-8
1.6853820256081174e-7 ; -1.802746041719857e-8
-3.292220028233515e-8 ; 5.975853827900502e-10
2.207351163590645e-9 ; 5.951849594073538e-12
3.0173360198346865e-7 ; 1.3002211381542436e-7
-9.737113177603084e-7 ; -3.4252607453474734e-7
6.718541342950646e-7 ; 2.7872371156899514e-7
-5.934268176112101e-7 ; -2.601401095338031e-7
7.633384399666419e-7 ; 3.0246803095234597e-7
-9.469113134217269e-7 ; -3.377292710248183e-7
7.549417855848944e-7 ; 2.854673690083207e-7
-7.756075516873893e-7 ; -3.0335982276756816e-7
2.0062407623789243e-7 ; 9.694041617456744e-8
-9.745730830061291e-8 ; -1.7303322081649132e-8
-0.000014350084131300422 ; 2.1285021262753784e-6
0.000010376481708889794 ; -1.452629483768672e-6
-5.2068927232994745e-6 ; 7.879059999160327e-7
2.709191859974295e-6 ; -3.6936167554403736e-7
-1.2195625604811072e-6 ; 2.283870515834058e-7
5.997443640253667e-7 ; -7.388087343043141e-8
-2.4315842951584405e-7 ; 5.2744678042453705e-8
1.832099817937696e-7 ; -2.7951570338505034e-8
-3.3849128436985994e-8 ; 2.265730845130554e-9
2.2408195856004114e-9 ; -1.0659535411695916e-10
2.438038195923668e-7 ; 8.677446428541795e-8
-8.154491679342763e-7 ; -2.3611531691845342e-7
5.465156157763934e-7 ; 1.8786934579164994e-7
-4.77086947013831e-7 ; -1.7481170431941197e-7
6.254114007414349e-7 ; 2.0680254550631378e-7
-7.908411537803434e-7 ; -2.3383459327269499e-7
6.241406587040201e-7 ; 1.9635074600209433e-7
-6.356090419217093e-7 ; -2.0954266928255167e-7
1.5754439828977604e-7 ; 6.484620867961159e-8
-8.890750789965234e-8 ; -1.2623309461569557e-8
-0.000015941838146440485 ; 3.1644481273348985e-6
0.00001147748719286816 ; -2.202287696038555e-6
-5.794585191376397e-6 ; 1.165046430824076e-6
2.990913500610326e-6 ; -5.63272535739482e-7
-1.3818877039187066e-6 ; 3.1286814391072793e-7
6.575153398833069e-7 ; -1.1768965842361177e-7
-2.8098577480320624e-7 ; 7.366942827832292e-8
2.0408145030845266e-7 ; -4.108920861161728e-8
-3.576601230478457e-8 ; 4.248367421727966e-9
2.3400127923610153e-9 ; -2.356180487148266e-10
2.0098233487026488e-7 ; 6.271174401421494e-8
-6.948339540374782e-7 ; -1.7689816104798693e-7
4.528886392556547e-7 ; 1.376732208262273e-7
-3.903507267527213e-7 ; -1.2803316963792888e-7
5.208876501917643e-7 ; 1.544006826337644e-7
-6.71158870511907e-7 ; -1.7716117848259826e-7
5.24390147292764e-7 ; 1.4794811949822147e-7
-5.28511041650299e-7 ; -1.580420570761235e-7
1.254977530767499e-7 ; 4.7256260210291136e-8
-8.206024726868564e-8 ; -9.936746647889455e-9
-0.000018196882398978393 ; 4.735972983179331e-6
0.00001305408785871978 ; -3.324452899735293e-6
-6.624001640898717e-6 ; 1.7384258854468653e-6
3.394953384325212e-6 ; -8.514882168675958e-7
-1.6006137000546655e-6 ; 4.493743197302395e-7
7.426171481131884e-7 ; -1.8167528427416327e-7
-3.326648359359289e-7 ; 1.0709414001057224e-7
2.3333857523902816e-7 ; -6.098516199353608e-8
-3.891974641765264e-8 ; 7.052315929947302e-9
2.5190087701676204e-9 ; -4.134550895826705e-10
1.6791207172306827e-7 ; 4.968190879383184e-8
-5.984477775972837e-7 ; -1.4549110460643032e-7
3.795397752220803e-7 ; 1.1125138323798057e-7
-3.223737335248883e-7 ; -1.0397933768866023e-7
4.37477624740434e-7 ; 1.2786488555858918e-7
-5.743329493303109e-7 ; -1.4916429263791626e-7
4.440541616563376e-7 ; 1.2428778957395425e-7
-4.4223332797846203e-7 ; -1.3189791164762893e-7
1.0044350866350368e-7 ; 3.806540523766679e-8
-7.635188324906373e-8 ; -8.400840705804863e-9
-0.00002137540851709504 ; 7.394647326611509e-6
0.000015288603853421584 ; -5.212626550732921e-6
-7.790427800059762e-6 ; 2.7094809402536084e-6
3.967717292547241e-6 ; -1.335169782539263e-6
-1.9003332895385709e-6 ; 6.861868866829444e-7
8.650662001087887e-7 ; -2.882422183968493e-7
-4.0413286523319444e-7 ; 1.6484512485081166e-7
2.74278495882212e-7 ; -9.464183463640399e-8
-4.371348395925163e-8 ; 1.1619524981989833e-8
2.8018275529790443e-9 ; -6.987849454774862e-10
1.409257918369933e-7 ; 4.507835937325133e-8
-5.170000375894873e-7 ; -1.3643257192555803e-7
3.1859413134979353e-7 ; 1.0372907955405241e-7
-2.6567213955720866e-7 ; -9.838310586265491e-8
3.6664690647714945e-7 ; 1.2293763081682984e-7
-4.909079661045113e-7 ; -1.458912958914664e-7
3.7500857456903163e-7 ; 1.2204458700068934e-7
-3.683660859469237e-7 ; -1.2696356048310616e-7
7.960674184935394e-8 ; 3.5426856580902776e-8
-7.139289821113828e-8 ; -7.740723920225976e-9
-0.000025740200084630245 ; 0.00001243122279335166
0.000018365791870190233 ; -8.781910012065993e-6
-9.39005004034043e-6 ; 4.549926674961619e-6
4.756319811466904e-6 ; -2.248640822002545e-6
-2.305543389043628e-6 ; 1.1393113887406863e-6
1.0350824277146414e-6 ; -4.888856977085023e-7
-5.013185713960667e-7 ; 2.7519586368155744e-7
3.302324538825271e-7 ; -1.584094335375326e-7
-5.056291099505286e-8 ; 2.0110690399385624e-8
3.2134930596651765e-9 ; -1.2251843340001608e-9
1.1872531298045818e-7 ; 5.078817929186761e-8
-4.476135109576152e-7 ; -1.5649454577523347e-7
2.6761386978155005e-7 ; 1.2061617709931811e-7
-2.1815296444144955e-7 ; -1.1732103643651883e-7
3.0624277680880824e-7 ; 1.4764022769687245e-7
-4.1883446574877845e-7 ; -1.7769268689318732e-7
3.1557914985977365e-7 ; 1.5036542128936962e-7
-3.047332876339991e-7 ; -1.5108097810881875e-7
6.207433195491188e-8 ; 4.106001306748292e-8
-6.703343779655893e-8 ; -8.135236943489945e-9
-0.000030602997789924885 ; 0.000023108177289060927
0.000021797660864821778 ; -0.000016342323647939304
-0.000011171386605542368 ; 8.452244828808163e-6
5.63583929056771e-6 ; -4.1829438240125276e-6
-2.7544538931882183e-6 ; 2.1035404210913693e-6
1.2251923671697705e-6 ; -9.132777272486503e-7
-6.091569973464874e-7 ; 5.099229789664495e-7
3.924910555079898e-7 ; -2.93598659509053e-7
-5.830791851737061e-8 ; 3.79601212036987e-8
3.6820398220290387e-9 ; -2.3279230086289712e-9