-7.687373935283648e-7 ; 7.900802851697785e-7
2.023179768190777e-6 ; -1.7001216094026693e-6
-1.6175674920296788e-6 ; 1.6069133147795213e-6
1.4828312706382422e-6 ; -1.534009967450727e-6
-1.7240511341271626e-6 ; 1.5933986704031222e-6
1.8283594085967344e-6 ; -1.588640218806231e-6
-1.4076939077755985e-6 ; 1.3148599081134585e-6
1.346185277436966e-6 ; -1.1833467403327182e-6
-8.867812147761325e-7 ; 8.913661661263607e-7
7.303185853244604e-7 ; -5.711917140665644e-7
-2.3378026449567502e-7 ; 2.1050667584798012e-7
-1.6136592533473552e-7 ; 3.954442412718463e-8
-1.593027172339148e-7 ; 5.99854129955494e-8
-6.150186853320297e-9 ; 5.0920616912767925e-8
-3.1035979509954647e-7 ; 9.540059231173993e-8
-3.558847881007178e-8 ; 2.7292661623632275e-8
-2.4232989094770366e-8 ; 1.806244034717877e-8
3.882435566018346e-9 ; 4.13469539337603e-9
3.1176146598100144e-9 ; 4.582490630923357e-10
7.463039518210666e-11 ; -2.1818644392064056e-11
-7.185062181013879e-7 ; 1.6123126535795133e-6
1.9794653951125137e-6 ; -3.4078482341404542e-6
-1.5250472162621046e-6 ; 3.2699754078972034e-6
1.383641610042599e-6 ; -3.1320050885822992e-6
-1.6510408544255505e-6 ; 3.224534320718081e-6
1.7790150494856128e-6 ; -3.1924399417121168e-6
-1.348168226920782e-6 ; 2.659913596908607e-6
1.299598809008198e-6 ; -2.3866431674960404e-6
-8.376363689010634e-7 ; 1.8123304347304775e-6
7.310756709949234e-7 ; -1.1312602220167084e-6
-1.8424164794878784e-7 ; 5.061744030707836e-7
-2.1114310620714237e-7 ; 1.1992208800941138e-9
-1.5409159645726766e-7 ; 1.3852239753850412e-7
-1.2773729020069839e-8 ; 8.774511441632634e-8
-3.252633718705003e-7 ; 1.7773259858814687e-7
-3.853991879522383e-8 ; 4.931701140308147e-8
-2.6951833796534387e-8 ; 3.408828685510889e-8
3.950191868873942e-9 ; 7.981659320018067e-9
3.2021453403346223e-9 ; 1.2557315831660367e-9
2.2632374213740186e-10 ; 2.9941527622720524e-11
5.159285501960988e-7 ; 2.5276550647016025e-6
-4.7232931272238584e-7 ; -5.318559398273122e-6
9.549961780997683e-7 ; 5.122809120854467e-6
-1.0184101680460916e-6 ; -4.910733668705165e-6
7.486413714416038e-7 ; 5.044636635906091e-6
-5.390426242961555e-7 ; -4.985569200314672e-6
6.298849257531677e-7 ; 4.1607713417202e-6
-4.587006864428591e-7 ; -3.7301082620802007e-6
5.308215522746205e-7 ; 2.8390906006578154e-6
-4.2967490775091535e-8 ; -1.7609383924640452e-6
2.2423756438373116e-7 ; 9.149035525839548e-7
-2.9066826141278646e-7 ; -9.355496960150835e-8
-6.845025039455124e-8 ; 2.5613120779021857e-7
4.1303929276597277e-8 ; 1.1576474810771693e-7
-2.4558238738776256e-7 ; 2.7942941577664885e-7
-9.264698011425153e-9 ; 7.105940521392145e-8
-1.1743575069091875e-8 ; 5.4155811037504417e-8
1.0057067304147133e-8 ; 1.158801678337576e-8
3.895706387981267e-9 ; 2.5334219743031817e-9
7.325287332558504e-10 ; -6.628303537533933e-11
2.0443909627155373e-6 ; 1.7008341084793918e-6
-3.5021732964851206e-6 ; -3.6841731844650676e-6
4.024922234110205e-6 ; 3.462893288358198e-6
-3.992863646083826e-6 ; -3.3017597204341026e-6
3.717437084231362e-6 ; 3.4409478717815137e-6
-3.404677399245105e-6 ; -3.439295187806146e-6
3.077266841617512e-6 ; 2.8383979650569595e-6
-2.6339857678255855e-6 ; -2.5543078554492155e-6
2.2241991890576403e-6 ; 1.9250801033985704e-6
-9.970561554096836e-7 ; -1.249842097619869e-6
8.107507537611146e-7 ; 1.0218711051147423e-6
-4.48685489195897e-7 ; -3.051545565643712e-7
6.579840779960057e-8 ; 3.362665442883976e-7
9.355131682709182e-8 ; 1.529658577934749e-8
-1.4210287988400172e-7 ; 2.5991717167144076e-7
2.372562295332204e-8 ; 3.629926567825347e-8
8.04890825691358e-9 ; 5.191462554270774e-8
1.6855603659335748e-8 ; 4.332098307409095e-9
4.979192730661548e-9 ; 3.853372012751651e-9
1.2481055266723356e-9 ; -1.0231748031652134e-9
2.323210094514293e-6 ; 5.960233206987718e-7
-3.938579816914887e-6 ; -1.524076284347302e-6
4.56782623328243e-6 ; 1.2484564487013738e-6
-4.5390958419384565e-6 ; -1.1512394059613985e-6
4.2087664018835145e-6 ; 1.3085854580421018e-6
-3.835253872899092e-6 ; -1.3921965739775024e-6
3.482063072812497e-6 ; 1.0799725990711853e-6
-2.9822912869817444e-6 ; -9.927057637590862e-7
2.518802835294566e-6 ; 7.07576192260877e-7
-1.1012571088094088e-6 ; -5.824343021205312e-7
1.628173037113326e-6 ; 1.3403667645828657e-6
-1.0274662263076275e-6 ; -7.01640069054595e-7
3.255567122455538e-7 ; 5.103173640092708e-7
-2.7686089127477025e-8 ; -1.4730737427034083e-7
-1.0631239679366928e-7 ; 2.569072718201987e-7
-3.316775448945252e-9 ; -1.6248355609709577e-8
1.6245724910455244e-8 ; 5.4071326375838306e-8
1.1889652208511048e-8 ; -6.869131829054191e-9
7.543599105863618e-9 ; 6.526541967835597e-9
5.768432920581985e-10 ; -2.6318983347622667e-9
2.3450631651153696e-6 ; -1.4437527948620274e-7
-3.804293931848943e-6 ; -2.0549968489117962e-7
4.585827029536598e-6 ; -2.1673239274635049e-7
-4.587670119736694e-6 ; 2.942387405494103e-7
4.175178550544092e-6 ; -6.501622886825926e-8
-3.7363066020780343e-6 ; -1.2191664199043958e-7
3.4545072510144574e-6 ; -5.374555646424725e-8
-2.9407318136916636e-6 ; 3.3469803123527873e-9
2.5214808347983286e-6 ; -9.023938708466053e-8
-1.0076530842018187e-6 ; -2.17288874000375e-7
3.3447969814919606e-6 ; 8.059772861958163e-7
-2.3093803885503743e-6 ; -3.8515852205499846e-7
9.11008177441654e-7 ; 3.793921435859197e-7
-3.3475619109224937e-7 ; -1.1648970716798017e-7
-2.6807159105815416e-8 ; 2.384404135668022e-7
-7.761058033910962e-8 ; -1.754449607888158e-8
3.500747811458368e-8 ; 5.17708350127453e-8
-2.9765181080759275e-9 ; -7.740333031962885e-9
1.3574859263968058e-8 ; 6.351566821153244e-9
-1.5884032993522074e-9 ; -2.808118063029958e-9
2.4036624209335692e-6 ; -9.623789103579657e-7
-3.733859483113223e-6 ; 1.0466402876551681e-6
4.676028249657469e-6 ; -1.8056250811139619e-6
-4.707437212080802e-6 ; 1.898021052339995e-6
4.208254526771765e-6 ; -1.4946792730270643e-6
-3.698110493112266e-6 ; 1.1204149149576758e-6
3.4814426561468115e-6 ; -1.2355451408010176e-6
-2.9465519437029282e-6 ; 1.024142128148192e-6
2.5630282029859513e-6 ; -9.425274878672478e-7
-9.315307609908658e-7 ; 5.515326293327196e-8
4.315401703175585e-6 ; -8.994887292599866e-7
-3.0626569676153688e-6 ; 8.378244812194404e-7
1.2248820115440984e-6 ; -1.325095115676415e-7
-5.096719325234482e-7 ; 1.271957168374077e-7
-1.141344396370477e-8 ; 1.977915443327087e-7
-1.2193764816833463e-7 ; 3.176620919268861e-8
3.959794248933378e-8 ; 4.4737378156432394e-8
-1.1186283769972081e-8 ; 1.1363044134390564e-9
1.6668707030739912e-8 ; 3.4305085631597284e-9
-2.410547249872494e-9 ; -1.6262060857843185e-9
2.041726643589372e-6 ; -2.3043700685579255e-6
-3.130471095883115e-6 ; 2.932527639672509e-6
3.965673059243849e-6 ; -4.387226368316873e-6
-3.999320237395309e-6 ; 4.533608633491224e-6
3.554382086561005e-6 ; -3.766250331551068e-6
-3.1087862490244185e-6 ; 3.024259098428463e-6
2.9392314945141256e-6 ; -3.1143866624907653e-6
-2.4702183732273412e-6 ; 2.6318324085069295e-6
2.1837884227621174e-6 ; -2.3145231897011e-6
-7.883186627639423e-7 ; 3.92830791194711e-7
4.391165269951171e-6 ; -2.9599685115845208e-6
-3.1273160600006483e-6 ; 2.395439709059176e-6
1.2868101075556706e-6 ; -6.798378406972469e-7
-5.463594110184275e-7 ; 4.135646391532225e-7
2.0712280825153607e-8 ; 2.5226954105937357e-7
-1.374398808617977e-7 ; 8.922035759905636e-8
4.953799040430573e-8 ; 6.034280998040203e-8
-1.4924347746742258e-8 ; 9.3428158781678e-9
1.9506078448129618e-8 ; 3.083058845431951e-9
-2.5682887445258974e-9 ; -1.1651004889860105e-9
9.357219088840553e-8 ; -3.1253789532803107e-6
-4.139189269182639e-7 ; 4.0820504176531694e-6
2.2118974892212705e-7 ; -5.966007272166504e-6
-1.7298401736186422e-7 ; 6.14621996520783e-6
2.6663412990030083e-7 ; -5.154265666364879e-6
-3.6158957472861646e-7 ; 4.185711096549261e-6
2.1713160535286377e-7 ; -4.262285643412754e-6
-1.3842271593130086e-7 ; 3.613346041562231e-6
2.0282897675078024e-7 ; -3.1539994106284955e-6
-3.2420938291478573e-7 ; 5.97773583141518e-7
2.9251752238015765e-6 ; -4.4131373973134684e-6
-1.931802630053477e-6 ; 3.485865216521766e-6
1.041117761173988e-6 ; -1.082816424577281e-6
-3.8805797213273514e-7 ; 6.217310806286856e-7
2.3248396602890253e-7 ; 2.712089806520145e-7
-1.1833902708256805e-7 ; 1.3316893037328255e-7
1.0485361515252839e-7 ; 6.605475483159069e-8
-1.739982021710805e-8 ; 1.6454266350868948e-8
2.7290239987151703e-8 ; 1.7373992442643007e-9
-3.29358103416797e-9 ; -8.776316484642499e-10
-1.2407965387499882e-6 ; -1.8993153694060247e-6
1.4585898646419942e-6 ; 2.453987210141405e-6
-2.3453204807945868e-6 ; -3.621748328821967e-6
2.4474390557721946e-6 ; 3.7362799334953225e-6
-1.9902901210994797e-6 ; -3.1214196604483236e-6
1.52969130225167e-6 ; 2.5226557721807514e-6
-1.6524408468662966e-6 ; -2.5797541723856122e-6
1.4658912174946328e-6 ; 2.1813316493465548e-6
-1.1530212761191285e-6 ; -1.9183573959622585e-6
-3.370148087791652e-9 ; 3.549477574319322e-7
2.3717467470129168e-6 ; -3.9534634403393035e-6
-1.4354093902155807e-6 ; 3.025614659724805e-6
1.0317968188767067e-6 ; -1.1081408395680851e-6
-3.567530284718516e-7 ; 5.956465966207231e-7
4.101964379444324e-7 ; 6.97871305841718e-8
-1.2553019504571308e-7 ; 1.374460563866456e-7
1.5130980836030422e-7 ; 1.5611632315527293e-8
-2.3582927871602488e-8 ; 2.2812869324454086e-8
3.516620903018255e-8 ; -5.937834317343152e-9
-3.996527973590006e-9 ; 6.882719687029799e-11
-1.2367933768191004e-6 ; -9.32223311790255e-7
1.5165119362300657e-6 ; 1.1646878064705093e-6
-2.347080576986035e-6 ; -1.772113228204672e-6
2.4376585121743188e-6 ; 1.8360548448020104e-6
-2.0108709433873205e-6 ; -1.516589147672977e-6
1.5751777375861968e-6 ; 1.2077199475931422e-6
-1.6720016011832967e-6 ; -1.2517330419701567e-6
1.4935218242229591e-6 ; 1.0504195993005756e-6
-1.1506414167126649e-6 ; -9.443315287453616e-7
2.3197405878459586e-8 ; 1.6132912649564526e-7
3.57833987075748e-6 ; -4.3899209342648765e-6
-2.3124555386137797e-6 ; 3.2279875418007293e-6
1.4514227257116906e-6 ; -1.4133410767696872e-6
-5.653871695518584e-7 ; 7.116893136297056e-7
4.854749888393082e-7 ; -1.5346963738321384e-7
-1.8098084412662652e-7 ; 1.7568038404341966e-7
1.71641102649919e-7 ; -4.045238203935239e-8
-3.555451358762268e-8 ; 3.613466237097683e-8
4.1756116567413585e-8 ; -1.6311605160184403e-8
-4.4673024473577014e-9 ; 1.1596502762380974e-9
-1.0284723932070152e-6 ; -4.935180854808209e-7
1.2934993484796307e-6 ; 5.813458299119305e-7
-1.956754538477458e-6 ; -9.33966731665091e-7
2.0264957414086965e-6 ; 9.756272804207571e-7
-1.6883643413811893e-6 ; -7.918466768843961e-7
1.3360370545572216e-6 ; 6.152843353992078e-7
-1.4084079692177003e-6 ; -6.529149294825772e-7
1.280334183591554e-6 ; 5.40610249008819e-7
-9.3884746088465e-7 ; -5.062063127602344e-7
-2.143105014716676e-10 ; 7.697342724703701e-8
5.238976416269125e-6 ; -6.919109121016154e-6
-3.5281228802719778e-6 ; 4.962441245211419e-6
2.0034799386449493e-6 ; -2.3867383767105995e-6
-8.418657781867393e-7 ; 1.1617314633823906e-6
5.618152883040444e-7 ; -4.4846343007286456e-7
-2.517056271991985e-7 ; 2.9388810447705626e-7
1.9213491658855765e-7 ; -1.1452453730325801e-7
-5.02575575730521e-8 ; 6.630939650212156e-8
4.9222353237183975e-8 ; -3.364723717174316e-8
-5.017606049535209e-9 ; 2.764326230966754e-9
-8.690137740363523e-7 ; -2.9044470118890085e-7
1.1362698527283284e-6 ; 3.119143699472756e-7
-1.6607218684319753e-6 ; -5.476464382139049e-7
1.712980225335934e-6 ; 5.80986747753656e-7
-1.449780856728416e-6 ; -4.6244962475821056e-7
1.1673226134824954e-6 ; 3.481922372920625e-7
-1.2169161302989872e-6 ; -3.835653461028992e-7
1.1310133168371954e-6 ; 3.123391063279822e-7
-7.756099131071995e-7 ; -3.0957661322417097e-7
-1.8071225455681338e-8 ; 4.09247471951071e-8
5.190666383654614e-6 ; -0.000013079807972599146
-3.53396008621535e-6 ; 9.28261982027005e-6
1.950923245098831e-6 ; -4.624181143341478e-6
-8.289353189441629e-7 ; 2.221018912448266e-6
5.056749710420104e-7 ; -9.987853990418764e-7
-2.4952689368126377e-7 ; 5.645514549147228e-7
1.793727519089735e-7 ; -2.5272207187982805e-7
-4.757310891276991e-8 ; 1.3200512107630352e-7
4.793860229504075e-8 ; -6.86300910073879e-8
-4.831020869904697e-9 ; 5.861173369031775e-9
-7.866469482036523e-7 ; -1.8192760047290884e-7
1.0923406299574907e-6 ; 1.6309934724477017e-7
-1.5169714480036975e-6 ; -3.413450346961554e-7
1.5580947797518918e-6 ; 3.7229988614293573e-7
-1.355380742906778e-6 ; -2.8764137636623663e-7
1.1265580525705153e-6 ; 2.0505435028091515e-7
-1.1539379169690042e-6 ; -2.4130575104435867e-7
1.0991438188376316e-6 ; 1.9055059010096637e-7
-6.950056434784163e-7 ; -2.0959179338029893e-7
-2.3294838443330148e-8 ; 2.3977787290058525e-8
-3.6403969476959785e-6 ; -0.000019534244848127396
2.6555619461048723e-6 ; 0.000013822442203856644
-1.236552664519895e-6 ; -6.951358978652488e-6
6.778563453102783e-7 ; 3.3268209419435825e-6
-2.672963404333327e-7 ; -1.553258843081252e-6
1.307223171340486e-7 ; 8.462329365507576e-7
-1.3281705507509696e-8 ; -3.920180967484992e-7
4.5701039914392524e-8 ; 1.99852924637768e-7
-4.8603038441016366e-11 ; -1.0439193280793097e-7
-6.014827849795533e-10 ; 9.005061389161773e-9
-7.530887062641238e-7 ; -8.595392696175347e-8
1.1212795964891845e-6 ; 1.1556227022034254e-8
-1.4683104289118438e-6 ; -1.5158143244975037e-7
1.5001250169829834e-6 ; 1.7840348896997569e-7
-1.3472313008835526e-6 ; -1.0884973122809118e-7
1.1613087610207126e-6 ; 4.297818382922154e-8
-1.1653259616294293e-6 ; -8.32241144261553e-8
1.1346317325371314e-6 ; 4.4076391357926444e-8
-6.614751383885455e-7 ; -1.1382156559406925e-7
-2.1647479999521902e-8 ; 9.149500570233569e-9
-0.000013342444518423686 ; -0.000013553337773431223
9.46118586450534e-6 ; 9.605637020663392e-6
-4.729759338885865e-6 ; -4.820539193991948e-6
2.3305195383664954e-6 ; 2.3128602391971285e-6
-1.1058159401015686e-6 ; -1.0677786319215982e-6
5.473483535095519e-7 ; 5.902470685742828e-7
-2.223047468532431e-7 ; -2.7035133203587195e-7
1.4769038776783205e-7 ; 1.3841658563685876e-7
-5.230140738825653e-8 ; -7.289845421865906e-8
3.984457278383114e-9 ; 6.286836770859789e-9
-7.394287909169497e-7 ; 1.0295072807031149e-9
1.181322467029231e-6 ; -1.4372730287381865e-7
-1.4555914054256522e-6 ; 2.3973859935717944e-8
1.4745580492527983e-6 ; 1.2575480807108962e-9
-1.3636440079166256e-6 ; 6.391416722734589e-8
1.2149348072159586e-6 ; -1.2282110984638818e-7
-1.1923741848300895e-6 ; 7.365075621239636e-8
1.182685176016356e-6 ; -1.0720729563310191e-7
-6.367356003398272e-7 ; -2.9665125923890578e-8
-1.94500228466847e-8 ; -3.0881375926502117e-9
-0.00001394111835170428 ; -6.778147269932013e-6
9.849790351492611e-6 ; 4.836526654751789e-6
-4.960925715152881e-6 ; -2.4014524211002242e-6
2.4293136886122196e-6 ; 1.1645922855544831e-6
-1.1875680082233224e-6 ; -5.093249940753386e-7
5.694441887216385e-7 ; 3.00223191096387e-7
-2.4123137749270023e-7 ; -1.305002144294278e-7
1.551181957437235e-7 ; 6.857796078379662e-8
-5.5267370154937586e-8 ; -3.693691630128726e-8
4.271852638498262e-9 ; 3.1731517490472816e-9
-7.587191423241076e-7 ; 9.314604430458421e-8
1.30296692170029e-6 ; -3.315368230211467e-7
-1.5083858003626207e-6 ; 2.1264841252777543e-7
1.5127247539211708e-6 ; -1.838060074658237e-7
-1.4414706077904025e-6 ; 2.539212998838292e-7
1.3276487097397477e-6 ; -3.148548039783872e-7
-1.2731665857310624e-6 ; 2.4778744565376324e-7
1.282863006736517e-6 ; -2.8120129376590094e-7
-6.383117745825005e-7 ; 5.034423264757165e-8
-1.4016935588492356e-8 ; -1.4029979254136321e-8
-0.00001254766833185011 ; -3.563553273380998e-6
8.830293649835603e-6 ; 2.5877404896396365e-6
-4.476591852868551e-6 ; -1.2542306712050567e-6
2.1853823397524103e-6 ; 6.265283848705972e-7
-1.1040272132149059e-6 ; -2.3827926622733652e-7
5.040092947615838e-7 ; 1.6516294815560475e-7
-2.1846674050175447e-7 ; -6.303801733226808e-8
1.4174459333802164e-7 ; 3.563016702988296e-8
-4.72505982284108e-8 ; -1.9997187683091663e-8
3.595741225825399e-9 ; 1.7093621479381796e-9
-8.156818078941929e-7 ; 2.3057428304077485e-7
1.5004535521971092e-6 ; -6.401813295680029e-7
-1.6378323433805932e-6 ; 4.979635667547714e-7
1.625754759787409e-6 ; -4.5792254528918243e-7
-1.5952357686014374e-6 ; 5.477488136512632e-7
1.516516250178612e-6 ; -6.234077370576562e-7
-1.4228774449531038e-6 ; 5.196409089489919e-7
1.4516638733704805e-6 ; -5.59812155080215e-7
-6.715205458426554e-7 ; 1.604895505668169e-7
-4.566045008976187e-9 ; -2.87513666335987e-8
-0.000011385055891488974 ; -2.077222766553792e-6
7.966932005740897e-6 ; 1.577956014065812e-6
-4.07333459959977e-6 ; -7.236564964023863e-7
1.976962721871952e-6 ; 3.9155910597731554e-7
-1.0413142384134667e-6 ; -9.87781952336773e-8
4.4685825234640787e-7 ; 1.0762593705158061e-7
-2.0067264476028078e-7 ; -2.911102975283343e-8
1.306494083972354e-7 ; 2.078737874045161e-8
-4.023141698087289e-8 ; -1.221255820044906e-8
3.000113546660565e-9 ; 1.0368948212987303e-9
-8.85296230786574e-7 ; 4.963666292889163e-7
1.7172048706838884e-6 ; -1.265317214359498e-6
-1.7920765574200264e-6 ; 1.0539022892087948e-6
1.7640942803473479e-6 ; -9.868888016767348e-7
-1.7718101699736539e-6 ; 1.127535038463385e-6
1.7256694278410137e-6 ; -1.2434419541087048e-6
-1.5925728209313228e-6 ; 1.0589805990304946e-6
1.6388932828808927e-6 ; -1.1190639224192243e-6
-7.16815136402494e-7 ; 3.6572712206966075e-7
6.214599407723143e-9 ; -5.629776693213619e-8
-0.000010651762691478717 ; -1.4241274498167134e-6
7.406804692159435e-6 ; 1.203241367421702e-6
-3.822678931259394e-6 ; -4.891986566408356e-7
1.8416307593632407e-6 ; 3.1970898377595816e-7
-1.0129844708409632e-6 ; -4.025140850550822e-9
4.0771831507707717e-7 ; 9.306625824767757e-8
-1.9143101744008862e-7 ; -7.616295436661623e-9
1.2406477198045724e-7 ; 1.5203804964905465e-8
-3.521479470299279e-8 ; -8.634963356524003e-9
2.5719578685600205e-9 ; 7.219504312816167e-10
-7.515963892047879e-7 ; 1.0120808443695893e-6
1.4351324683316607e-6 ; -2.497687165463142e-6
-1.517884838811498e-6 ; 2.135531615043238e-6
1.4982820124425996e-6 ; -2.012671291329844e-6
-1.4957949387095085e-6 ; 2.2608291585521377e-6
1.4427834552047094e-6 ; -2.4629792236037127e-6
-1.3389880362274068e-6 ; 2.1153079498308947e-6
1.382720715086592e-6 ; -2.218686175665713e-6
-6.099186998196762e-7 ; 7.590863082993025e-7
-4.059134075459182e-9 ; -1.0942890475324674e-7
-0.000010488161737135714 ; -1.3351459083685206e-6
7.323166943484913e-6 ; 1.315276369461953e-6
-3.773634906932198e-6 ; -4.537921165545127e-7
1.837658082749983e-6 ; 3.8412789910989875e-7
-9.9497581557035e-7 ; 8.820486420694584e-8
4.037033545307379e-7 ; 1.1608492604229423e-7
-1.8655373429898906e-7 ; 1.1000831682763106e-8
1.2463789187502795e-7 ; 1.672252468865185e-8
-3.24330254489294e-8 ; -7.586805629378992e-9
2.3197886575932578e-9 ; 6.127379688345354e-10
2.9353199670311913e-8 ; 1.2794875555446702e-6
-4.145914191139895e-7 ; -3.134023441346486e-6
1.1703582008660311e-7 ; 2.6959766997889904e-6
-5.44729008719928e-8 ; -2.5446341736705985e-6
2.1185192861378627e-7 ; 2.8472839722899844e-6
-3.887470067206834e-7 ; -3.0930547518324173e-6
2.512528386511461e-7 ; 2.6616717801156073e-6
-2.6936258432915475e-7 ; -2.786886995408599e-6
-1.4026703246377456e-8 ; 9.635851259025603e-7
-8.125199076007215e-8 ; -1.3684063358331733e-7
-0.000011276508277177845 ; -1.132462577628676e-6
8.139814550628534e-6 ; 1.261502306097479e-6
-4.059837866843262e-6 ; -3.790148634897214e-7
2.101100622622369e-6 ; 3.8941878100845834e-7
-9.442113024349709e-7 ; 1.4884435699031127e-7
4.7420237661275453e-7 ; 1.2155364782830883e-7
-1.7907588086607938e-7 ; 2.3805183355334605e-8
1.3874519020979957e-7 ; 1.564542677597436e-8
-3.287218699760418e-8 ; -6.610483708374776e-9
2.304413070724078e-9 ; 5.242534890443587e-10
5.051839543607001e-7 ; 7.625209682408868e-7
-1.533152909582902e-6 ; -1.8803437928550893e-6
1.11169542038231e-6 ; 1.6089457287770473e-6
-1.000368432325344e-6 ; -1.5168526086664945e-6
1.2481009214786e-6 ; 1.7032106832561732e-6
-1.4969821072866895e-6 ; -1.854904208206765e-6
1.2154512779998595e-6 ; 1.5933893567015199e-6
-1.2692870700397425e-6 ; -1.6709016572078472e-6
3.4968116465410894e-7 ; 5.733670881084943e-7
-1.2712195667970364e-7 ; -8.327356233890766e-8
-0.000012021450536148955 ; -1.8128974967374887e-7
8.821769718853951e-6 ; 4.066882929163629e-7
-4.333243357995827e-6 ; -4.2046168043449374e-8
2.310331633738606e-6 ; 1.4148787532519154e-7
-9.410732485060842e-7 ; 1.3904089147388665e-7
5.266973079074993e-7 ; 5.428194480410968e-8
-1.8081609463626727e-7 ; 2.5727396023415832e-8
1.5107192120801564e-7 ; 2.506211898811719e-9
-3.3261514918004654e-8 ; -3.581500141526787e-9
2.294073272786791e-9 ; 3.026775007667376e-10
4.7611244167974326e-7 ; 3.8366298806254414e-7
-1.4375355269329705e-6 ; -9.613442845301286e-7
1.0461987223158737e-6 ; 8.12325569325069e-7
-9.421168325727705e-7 ; -7.63736677534659e-7
1.17140351435789e-6 ; 8.647668303564115e-7
-1.4045986676826122e-6 ; -9.474573630701758e-7
1.1414189931227787e-6 ; 8.105218460371331e-7
-1.1867815739494343e-6 ; -8.529937416401957e-7
3.3007808666498613e-7 ; 2.8746119690282897e-7
-1.2106402870272064e-7 ; -4.394231432553861e-8
-0.000012520358866930991 ; 6.493843678118512e-7
9.156057152984744e-6 ; -3.1455856396646794e-7
-4.523411730964547e-6 ; 2.537399128182874e-7
2.3992096888777957e-6 ; -6.454199439031387e-8
-1.0034374425873819e-6 ; 1.438542432830642e-7
5.41906452397618e-7 ; -3.0037264013528616e-10
-1.9447779949733628e-7 ; 3.004247074753759e-8
1.5854820715071568e-7 ; -8.836669291601904e-9
-3.283207166877637e-8 ; -1.1663631720385948e-9
2.231862483026846e-9 ; 1.295129305317827e-10
3.780973550085105e-7 ; 2.1141704823053964e-7
-1.1785402395170962e-6 ; -5.419215171946491e-7
8.362584689213854e-7 ; 4.499901464775905e-7
-7.465989536060279e-7 ; -4.2154516129297777e-7
9.437026015257639e-7 ; 4.830566382086817e-7
-1.1501995446614788e-6 ; -5.337873592506552e-7
9.267083615553591e-7 ; 4.540541585993248e-7
-9.581437267663613e-7 ; -4.801536818429652e-7
2.576030825863067e-7 ; 1.5786920816391264e-7
-1.0806155289450171e-7 ; -2.5930938732877767e-8
-0.000013243693081604551 ; 1.3525675890788906e-6
9.626508408379599e-6 ; -8.736669015950063e-7
-4.795706027029723e-6 ; 5.066555510348516e-7
2.5180737707881205e-6 ; -2.1701898727232482e-7
-1.0967392221374205e-6 ; 1.7454233461829974e-7
5.625349595344597e-7 ; -3.821341654641346e-8
-2.151495152335878e-7 ; 3.895315769562165e-8
1.6850106446298395e-7 ; -1.8038924841530693e-8
-3.291952633424642e-8 ; 5.995228285525412e-10
2.207514416256895e-9 ; 5.8483320131100295e-12
2.990796012908312e-7 ; 1.2928595495321967e-7
-9.676371098756204e-7 ; -3.408449179504349e-7
6.66485126420705e-7 ; 2.771934009732074e-7
-5.886338639933155e-7 ; -2.5867568395035603e-7
7.587503482899032e-7 ; 3.0088122933561583e-7
-9.427688520487108e-7 ; -3.360436075498206e-7
7.520173699545196e-7 ; 2.8397652908220713e-7
-7.718047362608123e-7 ; -3.018787399221877e-7
1.9898895001461252e-7 ; 9.640604832194842e-8
-9.718220384530091e-8 ; -1.7226942216191085e-8
-0.000014344476276198129 ; 2.1285696330344854e-6
0.000010371739597860343 ; -1.4528924512401486e-6
-5.204890913174085e-6 ; 7.879348411051653e-7
2.7078759096775435e-6 ; -3.6947494993626156e-7
-1.2194988124732516e-6 ; 2.2829547285317143e-7
5.99448614443557e-7 ; -7.391972528423076e-8
-2.4316594437774353e-7 ; 5.272754480852094e-8
1.8317598533665899e-7 ; -2.7956400194830056e-8
-3.384689485669825e-8 ; 2.2664964820274606e-9
2.2409946077467784e-9 ; -1.0662305752415733e-10
2.41509463263718e-7 ; 8.624370339335414e-8
-8.101775916697215e-7 ; -2.3493303673612092e-7
5.418910488706674e-7 ; 1.8677101138389813e-7
-4.730096220944201e-7 ; -1.73755370024045e-7
6.21591202470287e-7 ; 2.0566981457565355e-7
-7.875088942013119e-7 ; -2.3264000262583027e-7
6.219402271200711e-7 ; 1.9528198930872961e-7
-6.325094154608327e-7 ; -2.0850793075945227e-7
1.561644848584211e-7 ; 6.447185615085557e-8
-8.866945015444828e-8 ; -1.2569130975029113e-8
-0.00001593613382906221 ; 3.1642181705506173e-6
0.000011472774002683626 ; -2.2022673135392906e-6
-5.792553181850807e-6 ; 1.164970117868514e-6
2.989627580714084e-6 ; -5.633005880107074e-7
-1.3817739739260783e-6 ; 3.1278716761013417e-7
6.572325571782764e-7 ; -1.177052374094578e-7
-2.809834860224792e-7 ; 7.365317573370995e-8
2.0404850301745663e-7 ; -4.108966479545335e-8
-3.576389444020308e-8 ; 4.2484219372293495e-9
2.3401802895089855e-9 ; -2.356014083176778e-10
1.989736028657744e-7 ; 6.229996866699322e-8
-6.901836197459249e-7 ; -1.760079047262224e-7
4.488526019644491e-7 ; 1.368255661914701e-7
-3.8684207919696794e-7 ; -1.2721302199949645e-7
5.176712778948997e-7 ; 1.535318563778549e-7
-6.684589823871272e-7 ; -1.7625279636222558e-7
5.2276171208896e-7 ; 1.4712389025407583e-7
-5.259516375457878e-7 ; -1.5726967620348372e-7
1.2431390230627086e-7 ; 4.697687366378665e-8
-8.185092643388302e-8 ; -9.895859303097301e-9
-0.00001819094441584561 ; 4.735459232818353e-6
0.000013049279502704025 ; -3.324188078587662e-6
-6.62189076712444e-6 ; 1.738248340797172e-6
3.393661079259742e-6 ; -8.514462641182866e-7
-1.600451597080322e-6 ; 4.492904174537452e-7
7.423376964007698e-7 ; -1.816728321389143e-7
-3.32652503837289e-7 ; 1.0707615498442775e-7
2.3330473543517845e-7 ; -6.098170778131421e-8
-3.8917456748735485e-8 ; 7.05179221551861e-9
2.519151813618726e-9 ; -4.1340347095007384e-10
1.6613961060771048e-7 ; 4.9342504469953865e-8
-5.942957023769597e-7 ; -1.447821204970729e-7
3.7598800673766785e-7 ; 1.1055671231940627e-7
-3.1933590343267567e-7 ; -1.033025577064401e-7
4.3475505254663526e-7 ; 1.271576145163582e-7
-5.721456115110879e-7 ; -1.4843210148674786e-7
4.428962402343693e-7 ; 1.236123968814451e-7
-4.4010298161316846e-7 ; -1.312895656284941e-7
9.941493225710756e-8 ; 3.7846237244745875e-8
-7.616551992756467e-8 ; -8.368473555210979e-9
-0.000021369088300862998 ; 7.393762198265775e-6
0.000015283576284044908 ; -5.212070650982895e-6
-7.788185058049594e-6 ; 2.7091697191099493e-6
3.966383712828187e-6 ; -1.3350487341249017e-6
-1.9001194158289044e-6 ; 6.860845010308738e-7
8.647813042537349e-7 ; -2.8822074729090953e-7
-4.041092184661373e-7 ; 1.648219768556978e-7
2.742417720911557e-7 ; -9.463353091808328e-8
-4.3710743471687536e-8 ; 1.1618333742620604e-8
2.8019298332130445e-9 ; -6.986932698191364e-10
1.3935724680915884e-7 ; 4.478348782832707e-8
-5.132630258656999e-7 ; -1.358395402655876e-7
3.15457893672936e-7 ; 1.0312910937794264e-7
-2.6304111762943795e-7 ; -9.77940946641657e-8
3.6434518752454613e-7 ; 1.22330913980419e-7
-4.891530141063991e-7 ; -1.452699257661103e-7
3.742543955062187e-7 ; 1.2146079145111465e-7
-3.665887913032252e-7 ; -1.264614202845492e-7
7.870509496548952e-8 ; 3.5247559524163086e-8
-7.122543085848927e-8 ; -7.714078767814393e-9
-0.000025733330572505454 ; 0.000012429712241971423
0.000018360413295942504 ; -8.780891889532183e-6
-9.387615597791142e-6 ; 4.549388813726587e-6
4.754909127768555e-6 ; -2.2483985804823856e-6
-2.3052700899291414e-6 ; 1.139163347003641e-6
1.0347834608213543e-6 ; -4.888365533538443e-7
-5.012814263900614e-7 ; 2.7516113933333583e-7
3.301906911491302e-7 ; -1.5839317794321297e-7
-5.055942844468554e-8 ; 2.0108441065459006e-8
3.2135375295345984e-9 ; -1.2250286378842139e-9
1.1733994425762668e-7 ; 5.051921886538023e-8
-4.442349004411894e-7 ; -1.5597448168544594e-7
2.648485548485503e-7 ; 1.200718662288176e-7
-2.1588781609662542e-7 ; -1.167822407427258e-7
3.0431396548052146e-7 ; 1.4709308547980274e-7
-4.1745823525561187e-7 ; -1.7713830155464386e-7
3.15185366471514e-7 ; 1.49834405312426e-7
-3.032562567091199e-7 ; -1.506470354139137e-7
6.127949174710072e-8 ; 4.090742533870377e-8
-6.688194415270432e-8 ; -8.11250815919307e-9
-0.00003059549800984848 ; 0.000023105402386162313
0.00002179186388193025 ; -0.000016340396219637164
-0.000011168732142954004 ; 8.45124688283043e-6
5.634332862680458e-6 ; -4.182467109585591e-6
-2.754119715336616e-6 ; 2.1032865645425316e-6
1.2248747073323967e-6 ; -9.131764244221856e-7
-6.091057597914188e-7 ; 5.098621536176411e-7
3.9244324555938755e-7 ; -2.9356645097077185e-7
-5.830355848156258e-8 ; 3.795577147097132e-8
3.682019005584897e-9 ; -2.327639015319382e-9