-7.656322366245094e-7 ; 7.901928810303125e-7
2.0179002114340987e-6 ; -1.7003555400855488e-6
-1.611665478448475e-6 ; 1.6071384852165889e-6
1.4772838738196258e-6 ; -1.5342233468630235e-6
-1.7194248013558323e-6 ; 1.5936142596757348e-6
1.825033603620838e-6 ; -1.5888522791057673e-6
-1.405861682502227e-6 ; 1.3150448665171386e-6
1.3456290768968627e-6 ; -1.1835312780577428e-6
-8.868405108453257e-7 ; 8.915256642571875e-7
7.304380106397055e-7 ; -5.712869037993402e-7
-2.3567621005630548e-7 ; 2.1072919614341986e-7
-1.5989348521153917e-7 ; 3.941118277984958e-8
-1.6019883686294635e-7 ; 6.0061781398962e-8
-5.669708161949923e-9 ; 5.089411603887681e-8
-3.106114215552671e-7 ; 9.542763560895537e-8
-3.549439893882156e-8 ; 2.728824747134882e-8
-2.426147143267096e-8 ; 1.8068125591910892e-8
3.8880992133311e-9 ; 4.133695636572962e-9
3.114138107780677e-9 ; 4.5913899244479886e-10
7.551395371884157e-11 ; -2.2061152706544778e-11
-7.153850265932868e-7 ; 1.6125619726081482e-6
1.9741551554559648e-6 ; -3.408360181513544e-6
-1.5191113804137224e-6 ; 3.2704761996352116e-6
1.3780592135056447e-6 ; -3.1324842662259443e-6
-1.646378440999751e-6 ; 3.225018353583815e-6
1.7756547196721458e-6 ; -3.1929135904116355e-6
-1.3463110822266596e-6 ; 2.6603196762880962e-6
1.299033741503143e-6 ; -2.387025533257432e-6
-8.377012073988134e-7 ; 1.8126435665196514e-6
7.311986473559857e-7 ; -1.1314458146161928e-6
-1.8625678479768328e-7 ; 5.065367725579532e-7
-2.0958463923830845e-7 ; 9.931367815120838e-10
-1.5503165481761287e-7 ; 1.3864341667821571e-7
-1.2271077016038528e-8 ; 8.770861209987326e-8
-3.255251364669535e-7 ; 1.777787691166158e-7
-3.844041109709713e-8 ; 4.931244663158063e-8
-2.6982597187191656e-8 ; 3.409787422018905e-8
3.956975499084204e-9 ; 7.980497755127851e-9
3.19813289938544e-9 ; 1.2570876234914227e-9
2.2738737888294549e-10 ; 2.95841704809869e-11
5.192487852003837e-7 ; 2.528060040992513e-6
-4.780462870196771e-7 ; -5.3193869652334655e-6
9.61335420479956e-7 ; 5.1236236002349005e-6
-1.0243834236584862e-6 ; -4.91151554525731e-6
7.537012964870709e-7 ; 5.045425993002213e-6
-5.427914820364161e-7 ; -4.9863400647137875e-6
6.32065205961997e-7 ; 4.161428950117761e-6
-4.5954067000572043e-7 ; -3.7307155290464572e-6
5.30954699854861e-7 ; 2.8395785436053106e-6
-4.29624456409296e-8 ; -1.761226368318802e-6
2.221211648983362e-7 ; 9.155059497794677e-7
-2.890002456376765e-7 ; -9.390137158172963e-8
-6.943465247707845e-8 ; 2.56331958908737e-7
4.184491767758256e-8 ; 1.1570281451696646e-7
-2.458414104648673e-7 ; 2.7950377781441823e-7
-9.153139769114397e-9 ; 7.105146485008459e-8
-1.1774254548299215e-8 ; 5.417127142219245e-8
1.0066239872001358e-8 ; 1.158596678272078e-8
3.891119757465696e-9 ; 2.5356236478235947e-9
7.338722364584927e-10 ; -6.689886939175513e-11
2.0479499406758423e-6 ; 1.7011266396151681e-6
-3.508380253729267e-6 ; -3.684765285075465e-6
4.031745351769892e-6 ; 3.4634801136501547e-6
-3.99930502031832e-6 ; -3.3023232389218653e-6
3.722973850620543e-6 ; 3.44151341677834e-6
-3.4088932237993634e-6 ; -3.4398451409452887e-6
3.0798359120105455e-6 ; 2.8388708287560914e-6
-2.6351590940062183e-6 ; -2.5547502822664117e-6
2.224573997399852e-6 ; 1.92544372461735e-6
-9.971958575999876e-7 ; -1.250053618793852e-6
8.085650572644991e-7 ; 1.0228549204454992e-6
-4.469219271950469e-7 ; -3.0579409169994986e-7
6.477994522707005e-8 ; 3.3660785607535036e-7
9.412942108668122e-8 ; 1.5156529387881884e-8
-1.423534365231588e-7 ; 2.6001476014781314e-7
2.384964175292932e-8 ; 3.62716806388695e-8
8.019469368985503e-9 ; 5.1935582697901066e-8
1.6867202096587627e-8 ; 4.3258467487020255e-9
4.9741416111016175e-9 ; 3.857133026038624e-9
1.249697481667022e-9 ; -1.024469205097504e-9
2.3267998198524173e-6 ; 5.961746804866561e-7
-3.944853589260758e-6 ; -1.5243699978598114e-6
4.574714040248238e-6 ; 1.248757131969131e-6
-4.545601289251296e-6 ; -1.1515290379198489e-6
4.214371909965061e-6 ; 1.308869067935287e-6
-3.839538895966079e-6 ; -1.3924673054278062e-6
3.4846848691978787e-6 ; 1.0802128735398908e-6
-2.9834977454105985e-6 ; -9.929403107617992e-7
2.519187044512218e-6 ; 7.077833384230714e-7
-1.1014047462287756e-6 ; -5.825480429027827e-7
1.6262875351137603e-6 ; 1.3420365537666804e-6
-1.0259070990612485e-6 ; -7.027948981499835e-7
3.2464548025636924e-7 ; 5.109091316269212e-7
-2.715631885114032e-8 ; -1.4758154668818126e-7
-1.0653514224252359e-7 ; 2.570502971139151e-7
-3.202928890395162e-9 ; -1.6308825870508205e-8
1.622238365942509e-8 ; 5.410281062664068e-8
1.1898860158515401e-8 ; -6.882461628314649e-9
7.53969329245796e-9 ; 6.533061661009666e-9
5.779212742260837e-10 ; -2.6343725815520636e-9
2.348629748132975e-6 ; -1.4427443933315618e-7
-3.810527657087707e-6 ; -2.0567235805835672e-7
4.592671574194198e-6 ; -2.1653635020844202e-7
-4.594135408535148e-6 ; 2.9404700246384355e-7
4.180749064240326e-6 ; -6.484019173292855e-8
-3.7405610024207264e-6 ; -1.2207542413549831e-7
3.457096850661838e-6 ; -5.3594413641126966e-8
-2.9418955502400473e-6 ; 3.1929462945291506e-9
2.5218144999928775e-6 ; -9.008938030460855e-8
-1.0077745072936137e-6 ; -2.1735950791481082e-7
3.343914361182928e-6 ; 8.076787112444979e-7
-2.30853039822953e-6 ; -3.8635293620788224e-7
9.104593897352491e-7 ; 3.799943341758343e-7
-3.3440160865567263e-7 ; -1.1677605994991193e-7
-2.694551944378128e-8 ; 2.385768202651838e-7
-7.753646128742478e-8 ; -1.760887457713157e-8
3.5002961704318977e-8 ; 5.180101359725046e-8
-2.9762142929248745e-9 ; -7.754359895633936e-9
1.3574941914099593e-8 ; 6.358121677660622e-9
-1.5890290847881028e-9 ; -2.8106288999185904e-9
2.4072096179956314e-6 ; -9.622618939220005e-7
-3.740062130076628e-6 ; 1.0464720713929577e-6
4.68283713123471e-6 ; -1.8054022619044774e-6
-4.71386925209645e-6 ; 1.8977974582195032e-6
4.21379756755012e-6 ; -1.4944887704712002e-6
-3.702342172585404e-6 ; 1.1202562912445302e-6
3.484006357194058e-6 ; -1.2353827689461943e-6
-2.947678290992526e-6 ; 1.0239806893493018e-6
2.5633135781140225e-6 ; -9.423637331694941e-7
-9.316276925380364e-7 ; 5.5094415427499123e-8
4.314793190459721e-6 ; -8.984254998272534e-7
-3.06200078404617e-6 ; 8.370674918597397e-7
1.2244338234744791e-6 ; -1.3214349058609214e-7
-5.093660775565987e-7 ; 1.270183230894232e-7
-1.1527477483418565e-8 ; 1.9786239856585805e-7
-1.218744158269948e-7 ; 3.172615482244005e-8
3.959883455793245e-8 ; 4.475295111340433e-8
-1.1188502420103548e-8 ; 1.1279017134703717e-9
1.6669865542750304e-8 ; 3.4342310461466163e-9
-2.411714894232898e-9 ; -1.6275783889978537e-9
2.045306927132253e-6 ; -2.304164423704478e-6
-3.136720742131806e-6 ; 2.9322553156337387e-6
3.972547775522461e-6 ; -4.386836324408533e-6
-4.005821780008901e-6 ; 4.533210931078522e-6
3.5599881812648443e-6 ; -3.7659195751503147e-6
-3.1130730757388924e-6 ; 3.02399228015356e-6
2.9418444381992107e-6 ; -3.1141090788099664e-6
-2.471371714984549e-6 ; 2.631573958561521e-6
2.184077733028585e-6 ; -2.314270065319066e-6
-7.884053298603373e-7 ; 3.927607018030788e-7
4.390407288635354e-6 ; -2.9591655162523237e-6
-3.1265571553176238e-6 ; 2.3948507671645395e-6
1.2863034775563934e-6 ; -6.795814658441443e-7
-5.460260313523319e-7 ; 4.1343517577605857e-7
2.0579974908017938e-8 ; 2.5229653579492886e-7
-1.373697366887304e-7 ; 8.919129442110921e-8
4.953460201849095e-8 ; 6.034842108304181e-8
-1.4924986026515905e-8 ; 9.337279167918967e-9
1.950631174285903e-8 ; 3.0850830355226465e-9
-2.569242363906765e-9 ; -1.1658029289495622e-9
9.734064993436814e-8 ; -3.1251202604863292e-6
-4.204310251491608e-7 ; 4.081717374649933e-6
2.2842832999699909e-7 ; -5.9655174129867484e-6
-1.7985983770875184e-7 ; 6.145718093513468e-6
2.72564939688626e-7 ; -5.153851824939053e-6
-3.661500999104309e-7 ; 4.18538116662599e-6
2.200108210456164e-7 ; -4.261940272679202e-6
-1.397883486355026e-7 ; 3.613030633044715e-6
2.0327849126031108e-7 ; -3.1536916310815627e-6
-3.2432120236014957e-7 ; 5.976962364952222e-7
2.924368109446637e-6 ; -4.412394018414028e-6
-1.931024923545402e-6 ; 3.485308390062568e-6
1.0405660955508418e-6 ; -1.0825914264512422e-6
-3.877066840494037e-7 ; 6.216136240107627e-7
2.3231474168204037e-7 ; 2.7121717175307875e-7
-1.1826304990454799e-7 ; 1.331424650977916e-7
1.0484125534339175e-7 ; 6.605615147756245e-8
-1.73985486496538e-8 ; 1.644955064442887e-8
2.7288927582757725e-8 ; 1.7388331277097372e-9
-3.2942097349517788e-9 ; -8.7804219497222e-10
-1.2368852087502858e-6 ; -1.899182664183136e-6
1.4518708182804618e-6 ; 2.4538330620717848e-6
-2.337803874743129e-6 ; -3.621501260932027e-6
2.440277935108499e-6 ; 3.7360257733955323e-6
-1.9841073237919853e-6 ; -3.1212204510923055e-6
1.5249141358399333e-6 ; 2.5225071747300018e-6
-1.6493548576281724e-6 ; -2.579587558418574e-6
1.4643636072857888e-6 ; 2.1811693390013394e-6
-1.1524585344939804e-6 ; -1.9181753775261786e-6
-3.498896705727815e-9 ; 3.548994339650798e-7
2.3708329244213534e-6 ; -3.9528319163761434e-6
-1.4345653172685394e-6 ; 3.0251458216263543e-6
1.0311873071438994e-6 ; -1.1079383667894917e-6
-3.5637560081025456e-7 ; 5.955420385729092e-7
4.0999601550274904e-7 ; 6.980656094059831e-8
-1.2544652946655317e-7 ; 1.374211902934493e-7
1.5128980704678662e-7 ; 1.561616481760191e-8
-2.357952975177423e-8 ; 2.2808016698910592e-8
3.5163414087942675e-8 ; -5.935927647000989e-9
-3.996882287037351e-9 ; 6.847768936852049e-11
-1.2328510302555127e-6 ; -9.321911305581733e-7
1.5097313571803092e-6 ; 1.164678044118871e-6
-2.33949925151114e-6 ; -1.772060154023578e-6
2.430431825483261e-6 ; 1.8359983375099738e-6
-2.0046198878335665e-6 ; -1.516562005001816e-6
1.5703323956726516e-6 ; 1.2077176525355317e-6
-1.668860008943625e-6 ; -1.2517102267673266e-6
1.49196055282852e-6 ; 1.0503808149736942e-6
-1.1500802054783401e-6 ; -9.442486934793595e-7
2.3074823993031748e-8 ; 1.6130322270876542e-7
3.5771764605151925e-6 ; -4.3892422552357885e-6
-2.311430664234761e-6 ; 3.2274920499265734e-6
1.4507220602584932e-6 ; -1.4131079549389647e-6
-5.649637696576615e-7 ; 7.115715583144309e-7
4.852544645624966e-7 ; -1.5343047855121135e-7
-1.808853315254139e-7 ; 1.7565093100592198e-7
1.7161616242229632e-7 ; -4.044268491544535e-8
-3.554851026824096e-8 ; 3.6128330992381297e-8
4.17519855568251e-8 ; -1.6308630324118195e-8
-4.467444085053157e-9 ; 1.1592613192146585e-9
-1.0245091780237836e-6 ; -4.935385857657215e-7
1.2866651096475451e-6 ; 5.814169336786239e-7
-1.949126920356787e-6 ; -9.340161475319697e-7
2.019223280905185e-6 ; 9.75674301274157e-7
-1.6820588804010208e-6 ; -7.919121403623976e-7
1.3311318204166643e-6 ; 6.153634477901962e-7
-1.4052211172275772e-6 ; -6.529704717523029e-7
1.2787473156613154e-6 ; 5.406396548989541e-7
-9.382999506308312e-7 ; -5.061732682611889e-7
-3.2882211901718933e-10 ; 7.695889362664137e-8
5.237533354404328e-6 ; -6.918098464475664e-6
-3.5268925340098267e-6 ; 4.9617129926148315e-6
2.00267983939385e-6 ; -2.3863799820502025e-6
-8.413912337471184e-7 ; 1.1615538850994685e-6
5.615761004792543e-7 ; -4.483902477562482e-7
-2.515969170818142e-7 ; 2.9384277680929096e-7
1.9210530891840997e-7 ; -1.1450613542264073e-7
-5.024871725443541e-8 ; 6.629911341177904e-8
4.921682759493711e-8 ; -3.36420846729208e-8
-5.017556618850802e-9 ; 2.7637817375051398e-9
-8.650164035654577e-7 ; -2.904979055234457e-7
1.129356968179845e-6 ; 3.1204158396931735e-7
-1.6530211869948746e-6 ; -5.477603274509525e-7
1.7056354779979688e-6 ; 5.810977625545752e-7
-1.4433947726070633e-6 ; -4.6257499085308223e-7
1.1623319387261447e-6 ; 3.483268660953739e-7
-1.213660632854236e-6 ; -3.836725180866903e-7
1.1293795886155774e-6 ; 3.1241460567329564e-7
-7.750648346536896e-7 ; -3.095717713736111e-7
-1.8180342323429123e-8 ; 4.091657900063925e-8
5.189187578039562e-6 ; -0.000013077967223354354
-3.5326945994407986e-6 ; 9.281304692149903e-6
1.9501101718241668e-6 ; -4.62352244546152e-6
-8.284500006420276e-7 ; 2.2206971681997055e-6
5.054372811621729e-7 ; -9.986413861326778e-7
-2.49414993639635e-7 ; 5.644690901947128e-7
1.7934344860955781e-7 ; -2.5268573500361806e-7
-4.756384344585081e-8 ; 1.3198592935158546e-7
4.793292828859443e-8 ; -6.862027380977995e-8
-4.830905347598423e-9 ; 5.860245954349527e-9
-7.825975569188464e-7 ; -1.8200859417535285e-7
1.0853152871974911e-6 ; 1.632806230771701e-7
-1.5091613767773996e-6 ; -3.415147867485181e-7
1.5506414249373802e-6 ; 3.7246534317893004e-7
-1.3488776430982406e-6 ; -2.878207948782464e-7
1.12144614309491e-6 ; 2.0524216671187304e-7
-1.1505806329120216e-6 ; -2.4146083573340226e-7
1.0974323485623385e-6 ; 1.90670667387297e-7
-6.944469687264132e-7 ; -2.0960874545527376e-7
-2.340181688833267e-8 ; 2.3974135753951898e-8
-3.640712544764111e-6 ; -0.000019531527358457985
2.6560196490619517e-6 ; 0.00001382050487188258
-1.236950553716701e-6 ; -6.950384702929992e-6
6.781496546828246e-7 ; 3.3263467885532837e-6
-2.674331669526506e-7 ; -1.5530425995774931e-6
1.3078623581143445e-7 ; 8.461115063744361e-7
-1.328585743306076e-8 ; -3.919634522604879e-7
4.569842898266405e-8 ; 1.9982441551104163e-7
-4.8041365612044677e-11 ; -1.0437729013488103e-7
-6.018680844045127e-10 ; 9.00373042094513e-9
-7.489702585688689e-7 ; -8.606963866685971e-8
1.1141069482694105e-6 ; 1.181042105019741e-8
-1.4603562010430717e-6 ; -1.5182254452666172e-7
1.4925291199741325e-6 ; 1.7863853161700628e-7
-1.3405763444086634e-6 ; -1.0910168220724336e-7
1.156040377740677e-6 ; 4.324025536112731e-8
-1.1618352202476522e-6 ; -8.344577879102184e-8
1.1328125189285339e-6 ; 4.426098894631295e-8
-6.608894604324527e-7 ; -1.1386647429927219e-7
-2.1754893248436776e-8 ; 9.15080470295333e-9
-0.000013341478831600956 ; -0.000013551425554866764
9.46075581576899e-6 ; 9.604259878611542e-6
-4.7297004952731304e-6 ; -4.819852045291482e-6
2.3306026266875872e-6 ; 2.3125192561490785e-6
-1.1058412586403809e-6 ; -1.0676315030995736e-6
5.473599226527105e-7 ; 5.901589381977179e-7
-2.222811893911789e-7 ; -2.703138029870899e-7
1.47674797705428e-7 ; 1.3839619986414113e-7
-5.2294019996685915e-8 ; -7.288808625484939e-8
3.983511301309856e-9 ; 6.285889927739132e-9
-7.352237642930812e-7 ; 8.669256410292442e-10
1.173963365404594e-6 ; -1.4336874038503897e-7
-1.4474571246638807e-6 ; 2.3635440410495904e-8
1.4667856556776876e-6 ; 1.5864965532058886e-9
-1.3568012915582438e-6 ; 6.356158721099932e-8
1.2094724431204656e-6 ; -1.2245352533866054e-7
-1.1887174953639565e-6 ; 7.333576913031992e-8
1.1807267203681492e-6 ; -1.0692989659089757e-7
-6.361114316150031e-7 ; -2.9746527846567396e-8
-1.9559894249632475e-8 ; -3.0810184206952893e-9
-0.000013940115115088047 ; -6.777134244778667e-6
9.849354068902373e-6 ; 4.835770767718163e-6
-4.960855767006622e-6 ; -2.401086464845481e-6
2.4294010468151965e-6 ; 1.1643983358957585e-6
-1.1875829256247923e-6 ; -5.092575653845574e-7
5.694580723044548e-7 ; 3.0017173837983903e-7
-2.4120563896015714e-7 ; -1.3048234093234174e-7
1.5510264670426305e-7 ; 6.856662388692504e-8
-5.525987235765936e-8 ; -3.693137633469573e-8
4.270923531442828e-9 ; 3.1726349823261054e-9
-7.544021938231134e-7 ; 9.291072043606796e-8
1.2953640105814585e-6 ; -3.3100961070203707e-7
-1.5000189321147786e-6 ; 2.1215815552431426e-7
1.5047256188508051e-6 ; -1.833320066414306e-7
-1.4343860957967239e-6 ; 2.534105526585102e-7
1.3219353958955052e-6 ; -3.143188288934295e-7
-1.2692940326577986e-6 ; 2.4732529503496527e-7
1.2807158832218242e-6 ; -2.807746609405677e-7
-6.376307519550348e-7 ; 5.020794370576122e-8
-1.4132161583044818e-8 ; -1.401477456239132e-8
-0.000012546910759581599 ; -3.562929434452996e-6
8.830057999175012e-6 ; 2.58723650204818e-6
-4.476612502286147e-6 ; -1.2540037849061304e-6
2.1855257841312723e-6 ; 6.263901608596931e-7
-1.1040520925328216e-6 ; -2.3825430875445798e-7
5.040389833761772e-7 ; 1.6512471359201429e-7
-2.184441349244805e-7 ; -6.303021324421782e-8
1.4173217468688447e-7 ; 3.562246069320316e-8
-4.7244521166004376e-8 ; -1.9993801502710044e-8
3.5949566499507355e-9 ; 1.7090423055974694e-9
-8.112217288792705e-7 ; 2.3020576595928221e-7
1.4925353611295289e-6 ; -6.393387411601174e-7
-1.6291679315391543e-6 ; 4.971943848454593e-7
1.6174667279807783e-6 ; -4.5718341279202246e-7
-1.5878420920107572e-6 ; 5.469462112649299e-7
1.5104805686495368e-6 ; -6.225586059710676e-7
-1.4187264348000165e-6 ; 5.189067059971346e-7
1.4492655715897117e-6 ; -5.591060006358759e-7
-6.707597383555062e-7 ; 1.6025331612998756e-7
-4.690071322182091e-9 ; -2.872209182448511e-8
-0.00001138453033529156 ; -2.0766981758998503e-6
7.966896605245531e-6 ; 1.577478040318366e-6
-4.073441186148269e-6 ; -7.234655147515063e-7
1.9771643449011805e-6 ; 3.9141743529531905e-7
-1.0413438340890529e-6 ; -9.878229286479157e-8
4.469046954567732e-7 ; 1.0758521704978655e-7
-2.0065210522935418e-7 ; -2.910939211230738e-8
1.3064015512723162e-7 ; 2.077998231985505e-8
-4.022668288240586e-8 ; -1.2209904234268616e-8
2.999461957470724e-9 ; 1.0366501662344826e-9
-8.80685778738084e-7 ; 4.957192393480637e-7
1.7089576015847838e-6 ; -1.2638074862965457e-6
-1.7830999564320533e-6 ; 1.0525480988133425e-6
1.7555028153026033e-6 ; -9.855948890232527e-7
-1.76409272434697e-6 ; 1.12611886831559e-6
1.7192968618441458e-6 ; -1.2419320311716099e-6
-1.5881298864324276e-6 ; 1.0576740018269444e-6
1.6362326819336757e-6 ; -1.1177650780793984e-6
-7.159699839417932e-7 ; 3.6528107703609005e-7
6.080896286561024e-9 ; -5.623956193503566e-8
-0.00001065140759351923 ; -1.423459478563124e-6
7.40692706264325e-6 ; 1.2025673274439072e-6
-3.82284980255461e-6 ; -4.889579900387502e-7
1.8418806485396066e-6 ; 3.1949923285613563e-7
-1.0130135853742233e-6 ; -4.063134328105239e-9
4.077791554134146e-7 ; 9.300499547456634e-8
-1.9141127966547167e-7 ; -7.620763182509785e-9
1.2405808987822072e-7 ; 1.5193435695415915e-8
-3.5211126576150326e-8 ; -8.632061377946767e-9
2.5714125446579666e-9 ; 7.217027205502365e-10
-7.470597936620874e-7 ; 1.0108795416122455e-6
1.427100659465755e-6 ; -2.4948468079814235e-6
-1.5090676748567702e-6 ; 2.133014609315807e-6
1.4898328533979888e-6 ; -2.010275678838647e-6
-1.4882500439604652e-6 ; 2.25819223908656e-6
1.436611267188587e-6 ; -2.460152672958687e-6
-1.3347164140572623e-6 ; 2.11286223137719e-6
1.3802842494373363e-6 ; -2.2162036704076096e-6
-6.091602492243633e-7 ; 7.582224926794232e-7
-4.179420812996588e-9 ; -1.093135198788345e-7
-0.000010487691639624768 ; -1.334014792061005e-6
7.323165878742781e-6 ; 1.3140847497070454e-6
-3.773770138558314e-6 ; -4.533895981781773e-7
1.8378711631989957e-6 ; 3.8375168298726284e-7
-9.95020081591947e-7 ; 8.811259583229004e-8
4.037545687569692e-7 ; 1.1597503324365831e-7
-1.8653673922968117e-7 ; 1.0987548276910192e-8
1.2462962949662688e-7 ; 1.6704413701037728e-8
-3.242947755763211e-8 ; -7.582548672975858e-9
2.3192783244115158e-9 ; 6.124053842858763e-10
3.311248003717851e-8 ; 1.2779986035706141e-6
-4.2070712018008936e-7 ; -3.130494935505953e-6
1.2421513756793895e-7 ; 2.6928562779445453e-6
-6.138106947818287e-8 ; -2.541666317992175e-6
2.1767005211917374e-7 ; 2.8440141155058323e-6
-3.9303897134519314e-7 ; -3.0895464604226137e-6
2.5390276871532435e-7 ; 2.658635368498845e-6
-2.700582995971642e-7 ; -2.783793450722689e-6
-1.388930590890019e-8 ; 9.625056424763862e-7
-8.128624606324125e-8 ; -1.366956509380082e-7
-0.000011275161347844276 ; -1.1311202407479712e-6
8.138905531129585e-6 ; 1.260063843308213e-6
-4.059670947915346e-6 ; -3.7853849999695345e-7
2.1010340337873425e-6 ; 3.8896166067961937e-7
-9.443284863119505e-7 ; 1.4872229217136996e-7
4.741745250607053e-7 ; 1.2141979869991256e-7
-1.7906995600402068e-7 ; 2.378690120869395e-8
1.387237033528892e-7 ; 1.562361298264969e-8
-3.286635667772525e-8 ; -6.605596457790226e-9
2.3037671271755567e-9 ; 5.238833165956016e-10
5.084961814271782e-7 ; 7.615923905275319e-7
-1.5381452269633222e-6 ; -1.8781731369835933e-6
1.1179301024409904e-6 ; 1.6070034827922794e-6
-1.0063925144604083e-6 ; -1.5149987973828715e-6
1.2529199242475504e-6 ; 1.7011799902236732e-6
-1.5001784747524934e-6 ; -1.8527362106631594e-6
1.2171586148659931e-6 ; 1.5915091580968736e-6
-1.2689468574235365e-6 ; -1.6690202214176175e-6
3.4944605220862964e-7 ; 5.727147864447117e-7
-1.2710416443266508e-7 ; -8.318658107967273e-8
-0.000012019514009054849 ; -1.8058977390807838e-7
8.820268856953543e-6 ; 4.059012277888339e-7
-4.33287479806387e-6 ; -4.179455013038423e-8
2.3100863538566405e-6 ; 1.4123093272307782e-7
-9.412320652767736e-7 ; 1.389627499549256e-7
5.266198678096482e-7 ; 5.420496183842301e-8
-1.8081625065440651e-7 ; 2.571520681836542e-8
1.5104193045934345e-7 ; 2.4940698891041373e-9
-3.3254300555776087e-8 ; -3.578605174298441e-9
2.2933508583555826e-9 ; 3.0244954024708515e-10
4.795255984513334e-7 ; 3.8314338757277594e-7
-1.4427220715370192e-6 ; -9.601668001217055e-7
1.052639324630174e-6 ; 8.112435216661599e-7
-9.483466940110836e-7 ; -7.626958225828143e-7
1.1764315725737804e-6 ; 8.636412528961132e-7
-1.408002972301498e-6 ; -9.462690136667057e-7
1.1433113290533786e-6 ; 8.094860144051379e-7
-1.1865777858353007e-6 ; -8.519997127777821e-7
3.298836873903187e-7 ; 2.8712180016414706e-7
-1.2105057726388837e-7 ; -4.3897804541488097e-8
-0.00001251833890360321 ; 6.495898846272289e-7
9.154510817106132e-6 ; -3.148511227967673e-7
-4.523018616478537e-6 ; 2.53818464483599e-7
2.398958678226704e-6 ; -6.464794222799852e-8
-1.0035877319313837e-6 ; 1.43806582120542e-7
5.418296559672021e-7 ; -3.34751553037601e-10
-1.9447621230231834e-7 ; 3.0034325047840544e-8
1.5851784943936602e-7 ; -8.841454282638601e-9
-3.282507699347089e-8 ; -1.1649608971909887e-9
2.2311724146187044e-9 ; 1.2939131805155145e-10
3.816879041214959e-7 ; 2.1108103445432645e-7
-1.1841007934927327e-6 ; -5.411941998362012e-7
8.430649104084749e-7 ; 4.4929489710225763e-7
-7.53186856574934e-7 ; -4.2086902741182403e-7
9.491068894985247e-7 ; 4.823388443188812e-7
-1.1539908813574972e-6 ; -5.330417111671661e-7
9.289419225552036e-7 ; 4.533984598774542e-7
-9.582347690565325e-7 ; -4.795635073188794e-7
2.5750510342016376e-7 ; 1.5767243289301028e-7
-1.080601167436493e-7 ; -2.590573632541401e-8
-0.000013241612944899659 ; 1.3524917855405683e-6
9.624957576799538e-6 ; -8.736935960896121e-7
-4.795296451897121e-6 ; 5.066354353489388e-7
2.517832217065828e-6 ; -2.1704597020860142e-7
-1.096871164925716e-6 ; 1.7450452524108803e-7
5.624637485238042e-7 ; -3.8226124255788837e-8
-2.1514436568871022e-7 ; 3.894585186932522e-8
1.6847094661797678e-7 ; -1.8039724095224515e-8
-3.2912868838317226e-8 ; 6.001391003072375e-10
2.206863232525189e-9 ; 5.7831309855525236e-12
3.0282958841384993e-7 ; 1.2903456135233507e-7
-9.735231780516443e-7 ; -3.4032990700806853e-7
6.736188958469769e-7 ; 2.7667716753520593e-7
-5.955443509603006e-7 ; -2.581674191145339e-7
7.644894510847374e-7 ; 3.003530227983306e-7
-9.469008822153929e-7 ; -3.3550524699676236e-7
7.545538217359848e-7 ; 2.834971922702733e-7
-7.721454380012796e-7 ; -3.0148078887128405e-7
1.9897123354882927e-7 ; 9.627746000293808e-8
-9.719065248276661e-8 ; -1.721093343744551e-8
-0.000014342252332195024 ; 2.1282847525409747e-6
0.00001037011663035936 ; -1.452738307841574e-6
-5.204435460286937e-6 ; 7.878410049028084e-7
2.707625489560226e-6 ; -3.694506472252004e-7
-1.2196098844341878e-6 ; 2.2825671791101653e-7
5.993784442520721e-7 ; -7.391908536442172e-8
-2.431564214384189e-7 ; 5.271924328140574e-8
1.8314507901013736e-7 ; -2.7954428466946325e-8
-3.3840384033653195e-8 ; 2.2666061854023172e-9
2.2403680695570527e-9 ; -1.066521164339846e-10
2.453991248561218e-7 ; 8.603338855966538e-8
-8.163356668479972e-7 ; -2.3452637536240236e-7
5.49309738018924e-7 ; 1.8634247503862395e-7
-4.802036763258308e-7 ; -1.7332831536069427e-7
6.276195051591418e-7 ; 2.052354063731637e-7
-7.919305563499749e-7 ; -2.3220577985791327e-7
6.247374243714522e-7 ; 1.9488943844264186e-7
-6.330499218746451e-7 ; -2.0820992954367478e-7
1.562091146062637e-7 ; 6.437910346759404e-8
-8.868539867750267e-8 ; -1.2557931015082552e-8
-0.000015933661756624336 ; 3.163718946031144e-6
0.00001147099569049722 ; -2.201943189257935e-6
-5.792014987177278e-6 ; 1.1648000966461438e-6
2.9893458558442343e-6 ; -5.632303693173741e-7
-1.3818603140602601e-6 ; 3.127396072503155e-7
6.57157939751311e-7 ; -1.1769341283627009e-7
-2.809684326766136e-7 ; 7.36423069251091e-8
2.0401551691885145e-7 ; -4.108499447756725e-8
-3.575730932905864e-8 ; 4.248089944424552e-9
2.3395625831319184e-9 ; -2.3559984525682787e-10
2.0299095180571143e-7 ; 6.210902835382193e-8
-6.965781560189025e-7 ; -1.7565855211921178e-7
4.565300227990777e-7 ; 1.3643930828362e-7
-3.942961978413004e-7 ; -1.2682390631165304e-7
5.239600802350179e-7 ; 1.5314371374552307e-7
-6.731372528406415e-7 ; -1.758717436244727e-7
5.257934251803789e-7 ; 1.467735298591742e-7
-5.266578389562855e-7 ; -1.5702655537592436e-7
1.24408394616993e-7 ; 4.6904269936643326e-8
-8.187271655567161e-8 ; -9.887351635936907e-9
-0.000018188098035514134 ; 4.734677803333807e-6
0.00001304724949868548 ; -3.323652831487161e-6
-6.621224972390429e-6 ; 1.737977185057471e-6
3.3933227004210986e-6 ; -8.51320882365816e-7
-1.6005062557960847e-6 ; 4.4922451906415325e-7
7.422526767361977e-7 ; -1.816482759193079e-7
-3.326300662806888e-7 ; 1.0706056018330336e-7
2.3326813250215866e-7 ; -6.097355820419686e-8
-3.891055649301377e-8 ; 7.050944645799648e-9
2.5185263397414364e-9 ; -4.133675957462872e-10
1.702792765458652e-7 ; 4.915843848299525e-8
-6.009061344986365e-7 ; -1.4446151340734126e-7
3.839117305982675e-7 ; 1.1018666371261765e-7
-3.2703980699526814e-7 ; -1.0292634161483505e-7
4.412899547258006e-7 ; 1.267885432598048e-7
-5.770626275934575e-7 ; -1.4807527737791765e-7
4.461497458712536e-7 ; 1.2327852601360523e-7
-4.4095380763060447e-7 ; -1.310763362022909e-7
9.955126708851909e-8 ; 3.7785223398563074e-8
-7.619208880944597e-8 ; -8.361512603705651e-9
-0.000021365704487941788 ; 7.392535633841218e-6
0.00001528117393175366 ; -5.2112124774245156e-6
-7.787333344235655e-6 ; 2.7087379290392526e-6
3.965957493085041e-6 ; -1.334840306781074e-6
-1.9001312659682356e-6 ; 6.859839021290304e-7
8.646787873023176e-7 ; -2.8817760710787407e-7
-4.040765694467503e-7 ; 1.6479775601204264e-7
2.7419957808236957e-7 ; -9.461989507316301e-8
-4.3703239408125783e-8 ; 1.1616723388386164e-8
2.80127739113159e-9 ; -6.986083884485136e-10
1.4361882571551325e-7 ; 4.4597768322371296e-8
-5.200795448741303e-7 ; -1.3552898540164076e-7
3.236257445717589e-7 ; 1.027575192604002e-7
-2.709944752973291e-7 ; -9.741348119164364e-8
3.7112235847266e-7 ; 1.2196240429832177e-7
-4.943019682261732e-7 ; -1.4491779569990814e-7
3.777270252829425e-7 ; 1.211256546261197e-7
-3.675723738521733e-7 ; -1.2626190550728437e-7
7.887834633305788e-8 ; 3.5192781135712905e-8
-7.125612511567302e-8 ; -7.707958298616327e-9
-0.000025729207052041437 ; 0.000012427670800452452
0.000018357491388810522 ; -8.77945096010819e-6
-9.386505440276375e-6 ; 4.548661431985892e-6
4.754357369723121e-6 ; -2.2480411049624873e-6
-2.3052240034648795e-6 ; 1.1389938709139827e-6
1.0346550218025726e-6 ; -4.887605136962238e-7
-5.012347923480045e-7 ; 2.75120017520385e-7
3.3014046527334236e-7 ; -1.583694240093523e-7
-5.0550977298259984e-8 ; 2.0105469682951172e-8
3.2128358072368486e-9 ; -1.224858240749526e-9
1.2172678877755469e-7 ; 5.032458547045556e-8
-4.512551198192403e-7 ; -1.5565854626849944e-7
2.7326594653235007e-7 ; 1.1968349311277538e-7
-2.2409774310922328e-7 ; -1.1638207148686796e-7
3.113371813581693e-7 ; 1.467090192120924e-7
-4.2284000135251817e-7 ; -1.7677381935683798e-7
3.188817074475576e-7 ; 1.4948214284184455e-7
-3.0436678210077785e-7 ; -1.5044785118263707e-7
6.1486742986288e-8 ; 4.085472617154634e-8
-6.691637458575423e-8 ; -8.106693856545178e-9
-0.00003059054112209127 ; 0.000023101662044118835
0.000021788352776264217 ; -0.000016337747776910647
-0.000011167330895689153 ; 8.449901075770498e-6
5.633637930873749e-6 ; -4.181801113296804e-6
-2.7540102242997595e-6 ; 2.102968026116987e-6
1.224716390519126e-6 ; -9.130326198726576e-7
-6.090437347316437e-7 ; 5.097846354818147e-7
3.923839529750188e-7 ; -2.9352143727060566e-7
-5.8294006221731475e-8 ; 3.7949982237790736e-8
3.681257548719594e-9 ; -2.32729355545301e-9