 10  8  9  3 00  0  0  0  0
/home/kirscher/kette_repo/sim_par/potentials/NN_pheno/AV18
 10                                                            Z1
 10 10
                                    142.448729  
                                    138.434158  
                                    53.848492   
                                    47.178473   
                                    30.469137   
                                    13.133739   
                                    8.972496    
                                    4.381237    
                                    1.620538    
                                    0.376358    
  140.930627  128.046463   52.936419   31.313515   14.562682   12.083580
    8.477476    2.894581    1.001132    0.035602
  1  1
          1.

  1  1
                      1.

  1  1
                                  1.

  1  1
                                              1.

  1  1
                                                          1.

  1  1
                                                                      1.

  1  1

          1.
  1  1

                      1.
  1  1

                                  1.
  1  1

                                              1.
 10                                                            Z2
 10 10
                                    140.939785  
                                    131.742539  
                                    52.777342   
                                    48.013327   
                                    30.975946   
                                    27.208232   
                                    12.298180   
                                    4.310237    
                                    1.741955    
                                    0.382712    
  139.166834   55.176360   50.261725   31.911073   28.796664   13.064346
    8.871185    2.791282    1.028157    0.034488
  1  1
          1.

  1  1
                      1.

  1  1
                                  1.

  1  1
                                              1.

  1  1
                                                          1.

  1  1
                                                                      1.

  1  1

          1.
  1  1

                      1.
  1  1

                                  1.
  1  1

                                              1.
 10                                                            Z3
 10 10
                                    140.546010  
                                    125.478330  
                                    55.997302   
                                    48.003122   
                                    30.340122   
                                    28.355312   
                                    8.596838    
                                    4.434707    
                                    1.708086    
                                    0.379471    
  131.057841  123.888886   49.710295   31.852307   29.236924   13.958166
    7.812876    2.750877    1.033686    0.035972
  1  1
          1.

  1  1
                      1.

  1  1
                                  1.

  1  1
                                              1.

  1  1
                                                          1.

  1  1
                                                                      1.

  1  1

          1.
  1  1

                      1.
  1  1

                                  1.
  1  1

                                              1.
 10                                                            Z4
 10 10
                                    138.058522  
                                    120.647324  
                                    54.703223   
                                    48.984141   
                                    28.377425   
                                    14.414973   
                                    8.520928    
                                    3.059945    
                                    1.191791    
                                    0.379175    
  126.277034  119.981552   50.839909   29.016110   27.002846   12.952492
    4.297552    1.679547    0.847081    0.035486
  1  1
          1.

  1  1
                      1.

  1  1
                                  1.

  1  1
                                              1.

  1  1
                                                          1.

  1  1
                                                                      1.

  1  1

          1.
  1  1

                      1.
  1  1

                                  1.
  1  1

                                              1.
 10                                                            Z5
 10 10
                                    140.055611  
                                    137.362373  
                                    54.499586   
                                    47.498321   
                                    28.699848   
                                    12.530947   
                                    4.194677    
                                    1.732497    
                                    0.817791    
                                    0.203641    
  138.889149  119.548760   53.176817   30.002079   13.726840    7.941910
    3.009160    1.252139    0.496341    0.021530
  1  1
          1.

  1  1
                      1.

  1  1
                                  1.

  1  1
                                              1.

  1  1
                                                          1.

  1  1
                                                                      1.

  1  1

          1.
  1  1

                      1.
  1  1

                                  1.
  1  1

                                              1.
