 10  8  9  3 00  0  0  0  0
/home/kirscher/kette_repo/sim_par/potentials/NNN_pheno/urbana9_AK_neu
  5                                                            Z1  BVs 1 - 5
  5  5
                                    0.366283    
                                    0.274754    
                                    0.183225    
                                    0.091696    
                                    0.000166    
    0.000100    0.250075    0.500050    0.750025    1.000000
  1  1
          1.
  1  1
                      1.
  1  1
                                  1.
  1  1
                                              1.
  1  1
                                                          1.
  5                                                            Z2  BVs 6 - 10
  5  5
                                    2.907028    
                                    2.180602    
                                    1.454175    
                                    0.727748    
                                    0.001321    
    0.000100    0.250075    0.500050    0.750025    1.000000
  1  1
          1.
  1  1
                      1.
  1  1
                                  1.
  1  1
                                              1.
  1  1
                                                          1.
  5                                                            Z3  BVs 11 - 15
  5  5
                                    0.988836    
                                    0.741740    
                                    0.494643    
                                    0.247546    
                                    0.000449    
    0.000100    0.250075    0.500050    0.750025    1.000000
  1  1
          1.
  1  1
                      1.
  1  1
                                  1.
  1  1
                                              1.
  1  1
                                                          1.
