 11  3 12 31  1  2  2  2  2 -1
  1  1  1  1  1  1  1  1  1  1  1  1  1  1  1  1  1  1  1  1  1  1  1  1  1  1  1  1  1  1  1  1  1  1  1  1  1  1  1  1  1  1  1  1  1  1  1  1  1  1  1  1  1  1
1.0           1.0            1.00        1.000         1.0000       1.     1.
1.            1.0            1.00        1.000         1.0000       1.     1.
1.            1.0            1.00        1.000         1.0000       1.     1.
1.            1.0            1.00        1.000         1.0000       1.     0.
0.
  1  2  1  0  2
  1  1
  1  1
  1  2
  0  0  1
  1  3
  0  0  0  1
  1  4
  1  
  1  5
  0  1
  1  6
  0  0  1
  1  7
  1
  1  8
  0  1
  1  9
  0  0  1
  1 10
  1
  1 11
  0  1
  1 12
  0  0  1
  1 13
  0  0  0  1
  1 14
  1  1
  1 15
  0  0  1
  1 16
  0  0  0  1
  1 17
  1
  1 18
  0  1
  1 19
  0  0  1
  1 20
  1
  1 21
  0  1
  1 22
  0  0  1
  1 23
  1  1
  1 24
  0  0  1
  1 25
  0  0  0  1
  1 26
  1
  1 27
  0  1
  1 28
  0  0  1
  1 32
  1
  1 33
  0  1
  1 34
  0  0  1
  1 35
  0  0  0  1
  1 29
  1
  1 30
  0  1
  1 31
  0  0  1
  1 36
  1
  1 37
  0  1
  1 38
  1
  1 39
  0  1
  1 40
  0  0  1
  1 41
  0  0  0  1
  1 42
  1
  1 43
  0  1
  1 44
  0  0  1
  1 45
  0  0  0  1
  1 46
  1
  1 47
  0  1
  1 48
  0  0  1
  1 49
  0  0  0  1
  1 50
  1
  1 51
  0  1
  1 52
  0  0  1
  1 53
  1
  1 54
  1
  1 55
  1
  1 56
  0  1
  1 57
  0  0  1
  1 58
  1
  1 59
  0  1
  1 60
  0  0  1
  1 61
  1
  1 62
  0  1
  1 63
  0  0  1
  1 64
  0  0  0  1
  1 65
  1
  1 66
  0  1
  1 67
  1
