 10  8  9  3 00  0  0  0
/home/kirscher/kette_repo/sim_par/potentials/NN_pheno/AV18
  2                                 z1
  2  1
                                     05.90179000 
                                     0.373586
00.41119100
  1  1
1.
  1  1
0.           1.
  2                                 z2
  2  1
                                     00.91778200 
                                     00.35257700 
00.16793400
  1  1
1.
  1  1
0.           1.
  2                                   z3 
  2  1
                                     11.1041
                                     15.44500000   
8.23842
  1  1  
1.
  1  1  
0.          1.
  2                                z4
  2  1  
                                    5.42126
                                    0.696673
8.1754
  1  1
1.
  1  1
0.          1.
  2                                 z5
  2  1
                                     06.19776000 
                                     5.78045
00.45244200
  1  1
1.
  1  1
0.           1.
  2                                 z6
  2  1
                                     0.296495
                                     1.10659
00.08565810
  1  1
1.
  1  1
0.           1.
  2                                  z7 
  2  1
                                     0.848642
                                     2.71594
11.1278
  1  1
1.
  1  1
0.          1.
  2                                 z8
  2  1
                                     01.69713000 
                                     0.942296
04.21919000
  1  1
1.
  1  1
0.           1.
