 10  8  9  3 00  0  0  0  0
/home/kirscher/kette_repo/sim_par/potentials/NNN_pheno/urbana9_AK_neu
  6                                                            Z1
  6  5
                                    4.722651    
                                    2.274881    
                                    1.433548    
                                    0.772417    
                                    0.184662    
                                    0.001062    
    3.923944    2.666776    1.533622    0.764917    0.000907
  1  1
          1.
  1  1
                      1.
  1  1
                                  1.
  1  1
                                              1.
  1  1
                                                          1.
  1  1
                                                                      1.
  6                                                            Z2
  6  5
                                    4.505656    
                                    2.170356    
                                    1.367680    
                                    0.736926    
                                    0.176177    
                                    0.001013    
    4.023955    2.734745    1.572711    0.784413    0.000931
  1  1
          1.
  1  1
                      1.
  1  1
                                  1.
  1  1
                                              1.
  1  1
                                                          1.
  1  1
                                                                      1.
  6                                                            Z3
  6  5
                                    4.369181    
                                    2.104616    
                                    1.326253    
                                    0.714605    
                                    0.170841    
                                    0.000982    
    3.602668    2.448431    1.408056    0.702289    0.000833
  1  1
          1.
  1  1
                      1.
  1  1
                                  1.
  1  1
                                              1.
  1  1
                                                          1.
  1  1
                                                                      1.
  6                                                            Z4
  6  5
                                    4.956579    
                                    2.387563    
                                    1.504556    
                                    0.810677    
                                    0.193809    
                                    0.001114    
    4.300911    2.922968    1.680955    0.838402    0.000995
  1  1
          1.
  1  1
                      1.
  1  1
                                  1.
  1  1
                                              1.
  1  1
                                                          1.
  1  1
                                                                      1.
  6                                                            Z5
  6  5
                                    4.617523    
                                    2.224241    
                                    1.401637    
                                    0.755223    
                                    0.180552    
                                    0.001038    
    4.019369    2.731628    1.570918    0.783519    0.000929
  1  1
          1.
  1  1
                      1.
  1  1
                                  1.
  1  1
                                              1.
  1  1
                                                          1.
  1  1
                                                                      1.
  6                                                            Z6
  6  5
                                    4.267346    
                                    2.055562    
                                    1.295341    
                                    0.697949    
                                    0.166859    
                                    0.000960    
    3.906912    2.655200    1.526966    0.761597    0.000903
  1  1
          1.
  1  1
                      1.
  1  1
                                  1.
  1  1
                                              1.
  1  1
                                                          1.
  1  1
                                                                      1.
  6                                                            Z7
  6  5
                                    4.428149    
                                    2.133021    
                                    1.344153    
                                    0.724249    
                                    0.173147    
                                    0.000996    
    3.773711    2.564675    1.474906    0.735632    0.000873
  1  1
          1.
  1  1
                      1.
  1  1
                                  1.
  1  1
                                              1.
  1  1
                                                          1.
  1  1
                                                                      1.
  6                                                            Z8
  6  5
                                    4.249122    
                                    2.046784    
                                    1.289809    
                                    0.694968    
                                    0.166147    
                                    0.000955    
    3.498281    2.377488    1.367258    0.681940    0.000809
  1  1
          1.
  1  1
                      1.
  1  1
                                  1.
  1  1
                                              1.
  1  1
                                                          1.
  1  1
                                                                      1.
  6                                                            Z9
  6  5
                                    3.584353    
                                    1.726568    
                                    1.088020    
                                    0.586242    
                                    0.140153    
                                    0.000806    
    3.019997    2.052439    1.180327    0.588706    0.000698
  1  1
          1.
  1  1
                      1.
  1  1
                                  1.
  1  1
                                              1.
  1  1
                                                          1.
  1  1
                                                                      1.
  6                                                            Z10
  6  5
                                    3.196989    
                                    1.539976    
                                    0.970437    
                                    0.522886    
                                    0.125007    
                                    0.000719    
    2.510750    1.706346    0.981294    0.489435    0.000581
  1  1
          1.
  1  1
                      1.
  1  1
                                  1.
  1  1
                                              1.
  1  1
                                                          1.
  1  1
                                                                      1.
  6                                                            Z11
  6  5
                                    3.811802    
                                    1.836129    
                                    1.157062    
                                    0.623442    
                                    0.149047    
                                    0.000857    
    2.474478    1.681695    0.967117    0.482364    0.000572
  1  1
          1.
  1  1
                      1.
  1  1
                                  1.
  1  1
                                              1.
  1  1
                                                          1.
  1  1
                                                                      1.
  6                                                            Z12
  6  5
                                    3.991658    
                                    1.922765    
                                    1.211657    
                                    0.652859    
                                    0.156079    
                                    0.000898    
    2.340939    1.590940    0.914926    0.456333    0.000541
  1  1
          1.
  1  1
                      1.
  1  1
                                  1.
  1  1
                                              1.
  1  1
                                                          1.
  1  1
                                                                      1.
