-7.310813667378574e-9 ; -2.820174889703646e-9
6.070179071616336e-9 ; 1.542354292928772e-8
-1.3442718305584873e-8 ; -7.130467880214114e-9
1.4362461775592322e-8 ; 5.213609374628283e-9
-9.800295014487392e-9 ; -9.760107604216622e-9
6.92419434769275e-9 ; 1.3121427078426194e-8
-7.875746824498488e-9 ; -8.214640026641293e-9
3.666695564715989e-9 ; 8.726920702289365e-9
-5.602783559560993e-9 ; -4.35953873551254e-9
-1.2756240954218656e-10 ; 7.226929847681386e-9
6.016312485331104e-10 ; 1.3381012932344003e-8
1.4679091079503282e-9 ; -1.3945714763141373e-8
2.9636478529288252e-9 ; 3.05278132095783e-9
-2.4832919362599777e-9 ; -2.9413306346955035e-9
5.580539348960243e-9 ; -2.801372064724968e-9
1.311744338091369e-10 ; -1.2398131778853702e-9
-3.0626566136059824e-10 ; -4.001051142190316e-10
-4.290805733410781e-10 ; -6.05381455423881e-11
-8.754296715712323e-11 ; 7.138592135841545e-11
5.189750822423896e-12 ; 9.962113343492363e-13
-9.450713983603432e-9 ; 5.85580445810414e-9
1.451156353408804e-8 ; 3.640604150082381e-9
-1.8353801678071612e-8 ; 9.481704255765883e-9
1.839373615037873e-8 ; -1.1810138235827416e-8
-1.5776582789629182e-8 ; 4.720901978836061e-9
1.426394294534294e-8 ; 1.2221281275150497e-9
-1.2679302525761322e-8 ; 3.6009348867635404e-9
7.957486109322313e-9 ; -1.0546131625336542e-9
-8.613448399760849e-9 ; 4.728517746679923e-9
4.241210111249542e-9 ; 4.684648183654874e-9
1.061939815062021e-8 ; 3.8656364643934645e-8
-7.808016862714723e-9 ; -3.256452283209432e-8
6.133456636298149e-9 ; 1.0703919822995295e-8
-5.0182851758200505e-9 ; -6.715563949603871e-9
5.0373306611459504e-9 ; -2.397282258545425e-9
-3.878999440897547e-10 ; -2.238272431692813e-9
-5.172141599913511e-10 ; -2.601436355991528e-10
-6.172309228946011e-10 ; -2.0379658774836577e-10
-1.1064087915753844e-10 ; 1.8528941158612363e-10
1.3297923118617217e-11 ; -5.690355582224151e-12
1.979735069297364e-10 ; 8.097334991306473e-9
2.98421126320562e-9 ; -1.6535495001888674e-9
-8.165368808403546e-11 ; 1.406928245742392e-8
-6.347003768636385e-10 ; -1.607901426099448e-8
-3.0828166567097005e-10 ; 9.366223158024362e-9
2.1902638718622035e-9 ; -3.445936420718189e-9
1.8724796015487004e-10 ; 7.065429991248109e-9
-3.1780583673633085e-9 ; -3.6522159775213553e-9
1.099011503371788e-9 ; 7.956164705694573e-9
3.2669563422855326e-9 ; 1.4296570259160567e-9
7.124912384590348e-8 ; 5.756632785047654e-8
-5.22610289931306e-8 ; -4.507211206718496e-8
2.63497535052661e-8 ; 1.734255201192921e-8
-1.5393584574442523e-8 ; -9.416677931263366e-9
7.964051011079127e-9 ; -5.941053152752772e-10
-2.689247572719306e-9 ; -3.055679790023288e-9
8.701571841153944e-11 ; 2.1924345086882329e-10
-1.2415622052572203e-9 ; -3.036339009414448e-10
6.573377542414918e-11 ; 3.7068784540302163e-10
4.374149692143032e-12 ; -2.6044533388898074e-11
2.5436359278901873e-9 ; 1.134744929100308e-9
9.551647923860092e-10 ; 7.99553073264796e-9
4.208743489294674e-9 ; 6.076226355405075e-10
-5.2112342510239715e-9 ; -2.2372799571775652e-9
3.0044765918366175e-9 ; -2.5709276945114747e-9
1.6905830957481978e-10 ; 6.750556507040656e-9
2.545018030887055e-9 ; -3.395957253652646e-9
-4.913198991460936e-9 ; 6.1606271387434185e-9
4.318977912297281e-9 ; 1.7091797071226492e-9
2.1353044066692823e-9 ; 1.1339445574100675e-9
1.5266511887095533e-7 ; -6.48394506876434e-9
-1.1048671528234024e-7 ; 8.556013163823109e-10
5.523156799152828e-8 ; -4.908474837187435e-9
-2.971118522322337e-8 ; 1.6503642189816307e-9
1.4176930251791515e-8 ; -4.989465482697657e-9
-5.976763223225579e-9 ; -6.47155071149622e-10
1.4845406478462937e-9 ; -8.094340979425445e-10
-2.1543766855588384e-9 ; 4.3664178390242324e-10
4.04725953631959e-10 ; 2.4598304069262517e-10
-2.3387762168620367e-11 ; -2.106076789664191e-11
-1.5296045936438658e-9 ; -1.4442038343311656e-9
9.52526946632941e-9 ; 1.013288347495229e-8
-4.16345576326774e-9 ; -4.168781014670437e-9
2.9367453842265446e-9 ; 2.9335185644108056e-9
-5.477926010693632e-9 ; -6.3399497594251305e-9
8.962521460190684e-9 ; 9.260320225623778e-9
-5.39547499396218e-9 ; -6.46279919277258e-9
2.835222694580208e-9 ; 8.82916260722309e-9
1.6214441402152715e-9 ; -1.1088162832776336e-9
1.9973946657862036e-9 ; 1.0172770244099343e-9
1.671386222433212e-7 ; -1.426421398218449e-7
-1.2161905453403274e-7 ; 9.802658005722509e-8
6.068510159891526e-8 ; -5.37876972342289e-8
-3.290974184079298e-8 ; 2.5957402731158798e-8
1.525818167330095e-8 ; -1.6024739433307813e-8
-6.5883678393083694e-9 ; 4.816661359315631e-9
1.5948060837476145e-9 ; -3.467704252203537e-9
-2.38762675049755e-9 ; 2.076211893560365e-9
4.971026716625658e-10 ; -1.0301890139056429e-10
-3.185540978509377e-11 ; 3.067112182194286e-12
-4.04811674785998e-9 ; -7.728862710614744e-11
1.3773910701440589e-8 ; 5.4072424769826055e-9
-9.216700225014689e-9 ; -1.1052740040714259e-9
8.078700618380899e-9 ; 2.784700540177235e-10
-1.0370454970740308e-8 ; -2.6625750030105364e-9
1.3681642786339024e-8 ; 4.7267364244166e-9
-9.935278492478624e-9 ; -2.8087556557140003e-9
6.686527886062154e-9 ; 5.235476263668682e-9
-5.617102656574227e-11 ; -7.508751999390275e-10
1.8637312365149705e-9 ; 6.953337235779542e-10
4.111519316134933e-8 ; -2.940553276694233e-7
-3.2502147085173e-8 ; 2.0631957419738038e-7
1.507618977185321e-8 ; -1.0874448319045625e-7
-1.0588245954999021e-8 ; 5.357931684584762e-8
4.316542814808217e-9 ; -2.87877298992254e-8
-1.3821957009081474e-9 ; 1.0914657181046669e-8
-1.2890614569653372e-9 ; -6.52591658799625e-9
-9.045627000072805e-10 ; 3.989847803889265e-9
2.8787593205780364e-10 ; -4.3368339098382686e-10
-1.916172621459019e-11 ; 2.5143929389155904e-11