-7.503212220580547e-9 ; -2.801606839098984e-9
6.396705108926966e-9 ; 1.539197365161578e-8
-1.3805786705383293e-8 ; -7.093041949806172e-9
1.4702323558159643e-8 ; 5.175417885969216e-9
-1.0084072045989417e-8 ; -9.72362571207354e-9
7.131927221405099e-9 ; 1.3088246191872074e-8
-7.999097958563063e-9 ; -8.187186000585383e-9
3.717135877768896e-9 ; 8.709805512074747e-9
-5.617138448592559e-9 ; -4.351045885447509e-9
-1.2534255773652407e-10 ; 7.224511623685174e-9
2.483892196022466e-10 ; 1.3404146580436445e-8
1.7047372771968894e-9 ; -1.3961440684735151e-8
2.85751131418769e-9 ; 3.059477441715047e-9
-2.4414245076523506e-9 ; -2.9441040293514016e-9
5.566350981644307e-9 ; -2.8006488883276328e-9
1.3517288144333775e-10 ; -1.2401777500744244e-9
-3.063484990490786e-10 ; -4.001249285477075e-10
-4.2909081861247323e-10 ; -6.05412208775115e-11
-8.755637190677361e-11 ; 7.139584190649946e-11
5.190649614994891e-12 ; 9.963669548761697e-13
-9.648215716190607e-9 ; 5.879919143263718e-9
1.484694705730909e-8 ; 3.5999840219371502e-9
-1.8727495616586204e-8 ; 9.53011148129607e-9
1.8744752000118052e-8 ; -1.185949415151933e-8
-1.6071413267441397e-8 ; 4.767902991094147e-9
1.4481803760249894e-8 ; 1.179135377572207e-9
-1.2809973447021098e-8 ; 3.6376338609975672e-9
8.009802506810989e-9 ; -1.078462733771859e-9
-8.6262506026562e-9 ; 4.740336570009326e-9
4.242474315359797e-9 ; 4.681719605697911e-9
1.025836499110724e-8 ; 3.868704990648991e-8
-7.565828807517414e-9 ; -3.258550219754992e-8
6.0248718179007475e-9 ; 1.0712746762214376e-8
-4.975341602044962e-9 ; -6.719266746459168e-9
5.022758551963712e-9 ; -2.3964203169408273e-9
-3.837671391715861e-10 ; -2.2388060136805255e-9
-5.172816521193304e-10 ; -2.6015161583353003e-10
-6.17253329212513e-10 ; -2.038210374912035e-10
-1.1065599896811955e-10 ; 1.853098877319099e-10
1.3299658968233591e-11 ; -5.6909728071758875e-12
-4.811402109707436e-12 ; 8.126135849848191e-9
3.3289552716223174e-9 ; -1.703148164693333e-9
-4.663958074532927e-10 ; 1.4127246829661362e-8
-2.7206887476344555e-10 ; -1.6137962812498223e-8
-6.148294947233647e-10 ; 9.423071553193587e-9
2.419058742535942e-9 ; -3.498961933876042e-9
4.871666940429607e-11 ; 7.111409120190124e-9
-3.1245433275021513e-9 ; -3.6825840912890606e-9
1.0885452687136005e-9 ; 7.969176671418784e-9
3.267466853322505e-9 ; 1.4270213565434576e-9
7.088397992226745e-8 ; 5.7602616943022406e-8
-5.201614987001279e-8 ; -4.509643203568006e-8
2.6240001055120923e-8 ; 1.735311613456999e-8
-1.5350180856463792e-8 ; -9.420919190457895e-9
7.949320012563115e-9 ; -5.927288609471034e-10
-2.6851489627012053e-9 ; -3.0562853416771103e-9
8.702769755611275e-11 ; 2.1933323940028174e-10
-1.2416444441882561e-9 ; -3.03667893503294e-10
6.57354104127042e-11 ; 3.707260233694428e-10
4.374992917920104e-12 ; -2.604719019632125e-11
2.3341086080144647e-9 ; 1.1699103750218343e-9
1.3084077494221192e-9 ; 7.933186814037646e-9
3.810599747290324e-9 ; 6.786480034244918e-10
-4.834026143626785e-9 ; -2.3092570113156226e-9
2.684872808375637e-9 ; -2.500388781970001e-9
4.0860564173293616e-10 ; 6.683291134484415e-9
2.3980384630499538e-9 ; -3.3367455117760876e-9
-4.8605588325351654e-9 ; 6.121204407123861e-9
4.310096587781527e-9 ; 1.723336803243089e-9
2.1355618907421286e-9 ; 1.1315713252340918e-9
1.5229066876033395e-7 ; -6.448604462396019e-9
-1.102341097364064e-7 ; 8.330078886241265e-10
5.511940705046343e-8 ; -4.898517756693277e-9
-2.9666141397080844e-8 ; 1.64687700777741e-9
1.4162810948123737e-8 ; -4.987891874348881e-9
-5.972417138001358e-9 ; -6.474731477814048e-10
1.484808918028506e-9 ; -8.093359251314351e-10
-2.1544997931497396e-9 ; 4.366841049658231e-10
4.047545531739176e-10 ; 2.46004713077056e-10
-2.3389326084481492e-11 ; -2.1062616547619222e-11
-1.7462895653580834e-9 ; -1.402880503058311e-9
9.884338365823732e-9 ; 1.0062927588127221e-8
-4.575309524353042e-9 ; -4.085881735050228e-9
3.329496678614267e-9 ; 2.848815819897925e-9
-5.810116663278439e-9 ; -6.257974162765995e-9
9.211059711556176e-9 ; 9.182769739488525e-9
-5.550103937390867e-9 ; -6.392296589037873e-9
2.8832064699774314e-9 ; 8.786679154473319e-9
1.6149534394710576e-9 ; -1.0952910965587754e-9
1.9973940404015425e-9 ; 1.0152326101568608e-9
1.6674315845404268e-7 ; -1.4259915136343673e-7
-1.2134903045444087e-7 ; 9.799757856951024e-8
6.056686652247173e-8 ; -5.377591093105799e-8
-3.28606811538122e-8 ; 2.5952550838012532e-8
1.524485031054448e-8 ; -1.6023787591180968e-8
-6.583172025101193e-9 ; 4.816107653793368e-9
1.5953544037512372e-9 ; -3.4677573352996717e-9
-2.387701084723056e-9 ; 2.0762714300192835e-9
4.971239877132538e-10 ; -1.0301355320163024e-10
-3.1856687556642677e-11 ; 3.0665669524294935e-12
-4.2787854926691566e-9 ; -2.5596373235216343e-11
1.4152642137252106e-8 ; 5.327849704617442e-9
-9.656232563834807e-9 ; -1.0029929248153652e-9
8.50075576907118e-9 ; 1.7241342237507083e-10
-1.0729489104903067e-8 ; -2.5629328351469832e-9
1.395376375511186e-8 ; 4.634791636291992e-9
-1.0110640654208353e-8 ; -2.7204029663825093e-9
6.740649711152676e-9 ; 5.190941925006364e-9
-6.388346999452218e-11 ; -7.385801459717371e-10
1.8639487287268858e-9 ; 6.936210529741674e-10
4.0702899025859884e-8 ; -2.939899075116904e-7
-3.2218911591257995e-8 ; 2.0627161669760923e-7
1.495372596036357e-8 ; -1.0872669878333883e-7
-1.0536685393625248e-8 ; 5.3570139061796384e-8
4.30408124913162e-9 ; -2.878815294833422e-8
-1.3765823416690727e-9 ; 1.0913181020235471e-8
-1.2881694289549835e-9 ; -6.526260179247467e-9
-9.047045817651366e-10 ; 3.989860392452178e-9
2.879003922774381e-10 ; -4.3367450804125083e-10
-1.9163148529887415e-11 ; 2.5143245031122818e-11