1.0143844920586522e-6 ; -1.0892784784938706e-6
-3.670027458613563e-6 ; 3.937737945574545e-6
7.248346078268188e-6 ; -7.773632766475673e-6
-0.000010609401108257915 ; 0.000011366458327007644
0.000013044897897831322 ; -0.000013958930464214355
-0.000014410754963104933 ; 0.000015399554183755475
0.00001484466167870142 ; -0.000015853895389782913
-0.00001460328139440603 ; 0.00001560349333047632
0.000013883851520229752 ; -0.000014874017599253223
-0.000012748931548031344 ; 0.000013781925289981072
0.000011352878282198473 ; -0.000012459102202111819
-9.706519789731307e-6 ; 0.000010906990533838392
7.877819645087902e-6 ; -9.154889407343102e-6
-5.918374832384058e-6 ; 7.199186953447957e-6
3.929876760622142e-6 ; -5.111853906924827e-6
-2.1420806959515146e-6 ; 3.0608322224662063e-6
8.063673847022774e-7 ; -1.3597745334878378e-6
-1.6292136529537353e-7 ; 3.425489129288799e-7
9.668755885143775e-7 ; -1.127349886746108e-6
-3.49838293419447e-6 ; 4.075378398682349e-6
6.909536990613753e-6 ; -8.045331416805535e-6
-0.000010114278204168846 ; 0.000011763730187967322
0.0000124372193340717 ; -0.000014446784939227391
-0.00001374089875332322 ; 0.00001593770532398321
0.00001415550881230747 ; -0.000016407784836949683
-0.00001392601063732573 ; 0.00001614856246919499
0.000013239852050643897 ; -0.000015393623587521762
-0.00001215339062744768 ; 0.000014263296719749337
0.000010816297146052272 ; -0.000012894399649733773
-9.237921560582303e-6 ; 0.000011288200465994925
7.485136335072495e-6 ; -9.475183961768524e-6
-5.608724693047121e-6 ; 7.45142447042752e-6
3.707250139338836e-6 ; -5.291370802639973e-6
-2.004415588788019e-6 ; 3.1683910432846266e-6
7.402010945431877e-7 ; -1.4073894344645538e-6
-1.4480839971245114e-7 ; 3.5463629637813675e-7
9.138554999636974e-7 ; -1.1590466053060754e-6
-3.306821082388807e-6 ; 4.189984992605422e-6
6.53141163081866e-6 ; -8.271557520078675e-6
-9.561684657160312e-6 ; 0.000012094536045210202
0.000011758985994548095 ; -0.000014853039872660244
-0.000012993241466769027 ; 0.000016385870526939027
0.000013386294790644901 ; -0.00001686904593073333
-0.000013170010734497048 ; 0.00001660253305424429
0.00001252090935898271 ; -0.000015826520574953465
-0.000011488498672998264 ; 0.000014664395364369755
0.00001021715064966766 ; -0.000013257281053949233
-8.714651697568408e-6 ; 0.000011606105789459607
7.046636756693975e-6 ; -9.742416930018351e-6
-5.263024879733548e-6 ; 7.661896593722211e-6
3.4588724833751393e-6 ; -5.441057923877611e-6
-1.8510442899831594e-6 ; 3.2577537859696265e-6
6.666964333368702e-7 ; -1.446520184867492e-6
-1.2472752211221505e-7 ; 3.645041293059113e-7
8.565183239568376e-7 ; -1.1830132613416322e-6
-3.099656932738605e-6 ; 4.2766597250801475e-6
6.122488727714116e-6 ; -8.442641963591305e-6
-8.964073109198118e-6 ; 0.000012344741929433359
0.000011025487302180585 ; -0.000015160342557104297
-0.000012184646083552874 ; 0.000016724913124964253
0.000012554379961354728 ; -0.000017217981756815202
-0.000012352359863673203 ; 0.000016946032349548147
0.000011743286172352079 ; -0.000016154264779478997
-0.000010769318369300488 ; 0.000014968146414137778
9.569038179455041e-6 ; -0.000013532337374802107
-8.14860904733916e-6 ; 0.00001184723396904172
6.572305121959522e-6 ; -9.945292312636589e-6
-4.889139379761382e-6 ; 7.821712237825157e-6
3.1903562359162285e-6 ; -5.554568245285307e-6
-1.6853703345248419e-6 ; 3.3250587969947324e-6
5.874096092282857e-7 ; -1.4753782621350526e-6
-1.0307531293485669e-7 ; 3.7168370842954826e-7
7.964597721089094e-7 ; -1.1981770776172943e-6
-2.8826568570988738e-6 ; 4.331525847825387e-6
5.694152172814795e-6 ; -8.550931771243639e-6
-8.338084502620845e-6 ; 0.000012503161134258304
0.000010257155005863622 ; -0.00001535495899021062
-0.000011337646937834304 ; 0.000016939687584972494
0.000011682962688198583 ; -0.000017439004005853914
-0.000011495878876646192 ; 0.00001716372939876975
0.000010928713417455922 ; -0.000016362261410437042
-0.000010015976078710018 ; 0.00001516103977382827
8.890130259874132e-6 ; -0.000013707378157545323
-7.555690881580947e-6 ; 0.000012000928455188808
6.075479769279308e-6 ; -0.000010074876982525522
-4.497573293716413e-6 ; 7.923841285816737e-6
2.9091988847897377e-6 ; -5.626882814245211e-6
-1.5119415066013632e-6 ; 3.3672494510648146e-6
5.044222747099072e-7 ; -1.4925429818732705e-6
-8.038392980886552e-8 ; 3.758005103253639e-7
7.355883196981289e-7 ; -1.2038825578063194e-6
-2.662717458908368e-6 ; 4.3522145720562645e-6
5.260017089563922e-6 ; -8.591750886883279e-6
-7.703621346317766e-6 ; 0.000012562958631093617
9.47842530984608e-6 ; -0.000015428498128773387
-0.000010479194761788471 ; 0.000017020941106209075
0.000010799787578925865 ; -0.000017522590435951808
-0.000010627860638621145 ; 0.000017246260551996432
0.000010103180246304074 ; -0.000016441598241362475
-9.25254148373368e-6 ; 0.000015234828074804656
8.202157157212202e-6 ; -0.000013774964500516955
-6.954908303346908e-6 ; 0.000012060689701391063
5.572111158315888e-6 ; -0.000010125725725712349
-4.100888642812006e-6 ; 7.964000534426594e-6
2.6243660390154384e-6 ; -5.654943053129406e-6
-1.3361967971355947e-6 ; 3.382457780500293e-6
4.202252743712476e-7 ; -1.4971373699058676e-6
-5.729092299936047e-8 ; 3.7661947284605757e-7
6.759860013414403e-7 ; -1.1999884488549783e-6
-2.4473625198672653e-6 ; 4.338215481457046e-6
4.834936789000434e-6 ; -8.564091994334317e-6
-7.082396125565026e-6 ; 0.000012522662439781531
8.715956707008395e-6 ; -0.00001537915372292787
-9.638691253527236e-6 ; 0.000016966683308068043
9.935122447517751e-6 ; -0.000017466694939016856
-9.77808008706992e-6 ; 0.00001719161659988225
9.295039161081013e-6 ; -0.000016390366516315047
-8.505273011914697e-6 ; 0.000015187750026684247
7.528824936329095e-6 ; -0.000013733513539095358
-6.36700083890108e-6 ; 0.000012025141462523638
5.079599741731105e-6 ; -0.000010096692005643495
-3.7127893668447536e-6 ; 7.941292240880921e-6
2.345638405513452e-6 ; -5.638106490467189e-6
-1.1640700790816235e-6 ; 3.3702808613942062e-6
3.375366282112494e-7 ; -1.4889546167327887e-6
-3.449205940277162e-8 ; 3.740773473115192e-7
6.197391249286506e-7 ; -1.186906875041715e-6
-2.2441312124265276e-6 ; 4.29101792672343e-6
4.433795002925454e-6 ; -8.470895654092796e-6
-6.496165734207544e-6 ; 0.000012386571637573292
7.996462202623757e-6 ; -0.00001521220526332333
-8.845598259928665e-6 ; 0.000016782738758022068
9.119297298576948e-6 ; -0.000017277316484027984
-8.976373404134587e-6 ; 0.000017005702561372828
8.532700807996162e-6 ; -0.00001621419406306514
-7.800483228589838e-6 ; 0.000015025024397833039
6.893888409122988e-6 ; -0.000013587744555225053
-5.812750851001315e-6 ; 0.000011898421340834247
4.615381978125132e-6 ; -9.99125584950555e-6
-3.3470079644410585e-6 ; 7.858462542333333e-6
2.0828171958095606e-6 ; -5.578331199362542e-6
-1.0015079147582772e-6 ; 3.3318924573256235e-6
2.5908020966715415e-7 ; -1.468508684541698e-6
-1.2684080636932207e-8 ; 3.6829526282503047e-7
5.68767023429501e-7 ; -1.1655768888639883e-6
-2.059959241907759e-6 ; 4.2140154128341795e-6
4.07028417537847e-6 ; -8.31886157530667e-6
-5.964945569217993e-6 ; 0.00001216448044139675
7.34451659844979e-6 ; -0.000014939679215747931
-8.127019462159284e-6 ; 0.000016482373397183194
8.380214948552189e-6 ; -0.000016968114790754638
-8.2501892479891e-6 ; 0.000016701959772865595
7.842302150415052e-6 ; -0.000015925885487096503
-7.162379462407128e-6 ; 0.000014758517227967546
6.319201670349908e-6 ; -0.000013348378755351841
-5.311278224810081e-6 ; 0.000011689918615890802
4.195499697620542e-6 ; -9.817304277040316e-6
-3.016178933648809e-6 ; 7.721728885515617e-6
1.8449201106352444e-6 ; -5.480052639700794e-6
-8.539817527012633e-7 ; 3.269967893689602e-6
1.8736209162970456e-7 ; -1.4369989715594398e-6
7.492938955100539e-9 ; 3.5956891038767544e-7
5.246768196759911e-7 ; -1.137379613372332e-6
-1.9006540135989093e-6 ; 4.11219892300381e-6
3.755869370872359e-6 ; -8.117843274272228e-6
-5.505494995890661e-6 ; 0.00001187079336334969
6.780696984029112e-6 ; -0.000014579262745684797
-7.505649551975849e-6 ; 0.000016085096697848495
7.741239846657486e-6 ; -0.000016559177693092067
-7.6225119575729775e-6 ; 0.000016300153651545463
7.245728832721421e-6 ; -0.00001554426798493003
-6.611232233869552e-6 ; 0.000014405673544081466
5.823064470121641e-6 ; -0.000013031175129667657
-4.878593623578453e-6 ; 0.000011413431414925999
3.833386212057913e-6 ; -9.586424686330996e-6
-2.7308827295253145e-6 ; 7.540224002710418e-6
1.6394990164635716e-6 ; -5.349786827416921e-6
-7.260741420064007e-7 ; 3.188442783952579e-6
1.2448124410568359e-7 ; -1.3961985828455142e-6
2.5504044185274305e-8 ; 3.483388893532787e-7
4.886639561258769e-7 ; -1.1040143646824309e-6
-1.7705351843901755e-6 ; 3.9917092091722315e-6
3.4990786076274012e-6 ; -7.879964252188431e-6
-5.1302799165066555e-6 ; 0.000011523233179729538
6.320308892367464e-6 ; -0.000014152717368915616
-6.9983691761392494e-6 ; 0.000015614912148022624
7.219751386725724e-6 ; -0.00001607522047071896
-7.110438227641015e-6 ; 0.000015824602578861306
6.759259710091185e-6 ; -0.000015092504894748764
-6.162119548192273e-6 ; 0.000013987956124134229
5.419088321430287e-6 ; -0.000012655521264685643
-4.526606103368141e-6 ; 0.000011085934566953861
3.5390333712508284e-6 ; -9.312871636698032e-6
-2.4989894964148934e-6 ; 7.325182702657186e-6
1.4721715667009522e-6 ; -5.1955499464578876e-6
-6.211949962669156e-7 ; 3.09216036214937e-6
7.200040294426422e-8 ; -1.3482914934099744e-6
4.0951908234820825e-8 ; 3.351478847270678e-7
4.614653708843793e-7 ; -1.0673598825412489e-6
-1.6722655027802584e-6 ; 3.859335290251156e-6
3.30516886652424e-6 ; -7.6186280053972145e-6
-4.846984586834878e-6 ; 0.000011141393776869565
5.972786887637976e-6 ; -0.000013684102229520803
-6.615583746120395e-6 ; 0.000015098357864625662
6.826462859965794e-6 ; -0.000015543569170023893
-6.724506888644933e-6 ; 0.000015302194346513323
6.392928515891757e-6 ; -0.000014596207021944879
-5.8243350486865214e-6 ; 0.000013529096919771361
5.115661809749e-6 ; -0.000012242855011976683
-4.2626546006401785e-6 ; 0.00001072619939037473
3.3185978732546656e-6 ; -9.012409329072832e-6
-2.325348479053589e-6 ; 7.08903068834229e-6
1.3463995308288697e-6 ; -5.0262080288012256e-6
-5.414478073333951e-7 ; 2.986476464242352e-6
3.0886276677880936e-8 ; -1.2956904996144837e-6
5.359100941763048e-8 ; 3.205930976914489e-7
4.4336038068120933e-7 ; -1.0293424712036014e-6
-1.6068540532024132e-6 ; 3.722037936988451e-6
3.1761323944851283e-6 ; -7.347577322633563e-6
-4.65852082023558e-6 ; 0.000010745365018211095
5.741705735453219e-6 ; -0.000013198085724425142
-6.361235512538364e-6 ; 0.000014562644515405978
6.565433228514789e-6 ; -0.000014992243840548701
-6.468710034493805e-6 ; 0.000014760500707039538
6.150534233824794e-6 ; -0.0000140816372938869
-5.601396626450391e-6 ; 0.000013053434608787813
4.915957832163794e-6 ; -0.000011815163779719866
-4.0895132060620335e-6 ; 0.000010353481106058687
3.1744048257666128e-6 ; -8.701210607612247e-6
-2.211790061088849e-6 ; 6.844517682771354e-6
1.2634902438096372e-6 ; -4.850858239830737e-6
-4.876314724037905e-7 ; 2.8768838728515467e-6
1.5124512590021025e-9 ; -1.240864512758181e-6
6.332525378731839e-8 ; 3.0528150776809144e-7
4.342066686092971e-7 ; -9.91825063633908e-7
-1.5737863763728254e-6 ; 3.586548790594129e-6
3.1109534906477998e-6 ; -7.0801028539055175e-6
-4.563403390860012e-6 ; 0.000010354575835787595
5.625241228237203e-6 ; -0.000012718525053133644
-6.233311584103573e-6 ; 0.000014034088698621547
6.434589387552977e-6 ; -0.000014448345717996214
-6.3410062870378916e-6 ; 0.000014226190812633012
6.03012961085084e-6 ; -0.000013574200028776255
-5.491497694026552e-6 ; 0.000012584515377876531
4.818340390479446e-6 ; -0.000011393721329968318
-4.0057458064700465e-6 ; 9.9864136465652e-6
3.105244274402705e-6 ; -8.39492966289595e-6
-2.157358397172858e-6 ; 6.60398705823069e-6
1.222762638692425e-6 ; -4.678307570206716e-6
-4.593421476180104e-7 ; 2.7686960482063863e-6
-1.6291506591851096e-8 ; -1.186193773085447e-6
7.019346682337576e-8 ; 2.8979294881394975e-7
4.334971952209956e-7 ; -9.565225651295305e-7
-1.5712301965294002e-6 ; 3.459064501208904e-6
3.106014551397031e-6 ; -6.8284392600322315e-6
-4.556343606454304e-6 ; 9.986911595063903e-6
5.616898855916583e-6 ; -0.000012267382527564913
-6.224647327232827e-6 ; 0.000013536917672887695
6.426552493287497e-6 ; -0.000013936826389805824
-6.334133147871596e-6 ; 0.000013723820219966945
6.024794428876495e-6 ; -0.00001309728776957931
-5.48822216913032e-6 ; 0.000012144024378532043
4.817009420855756e-6 ; -0.000010998122903453765
-4.006268951818617e-6 ; 9.642164970251557e-6
3.1068424042604903e-6 ; -8.107992916658909e-6
-2.1586816042543428e-6 ; 6.378816930366104e-6
1.2218114717378325e-6 ; -4.516673878163543e-6
-4.5513473289317384e-7 ; 2.6668054383145974e-6
-2.3163555122009807e-8 ; -1.1338600905984982e-6
7.434786869685808e-8 ; 2.7465294830778286e-7
4.4042654002040537e-7 ; -9.249423467559302e-7
-1.5962751984031535e-6 ; 3.345031752278779e-6
3.155569338433874e-6 ; -6.6033406744479406e-6
-4.628941106151478e-6 ; 9.658093488926483e-6
5.7063630623880946e-6 ; -0.000011863963439711468
-6.323862777783161e-6 ; 0.000013092428527624761
6.529601363776878e-6 ; -0.000013479621442641547
-6.436554267492576e-6 ; 0.000013274978188984725
6.123537242556435e-6 ; -0.000012671469202481514
-5.5813786476930514e-6 ; 0.000011751032586751531
4.902753278739999e-6 ; -0.000010645604879812102
-4.083009104104496e-6 ; 9.335840820009163e-6
3.172412070048482e-6 ; -7.853097975113852e-6
-2.210404588375081e-6 ; 6.179024762046341e-6
1.2568162837880907e-6 ; -4.373103611494092e-6
-4.7271141880411703e-7 ; 2.5755129367100013e-6
-2.012057473663605e-8 ; -1.0857705434702676e-6
7.602980179900162e-8 ; 2.60314916071953e-7
4.539596913440076e-7 ; -8.983456600564034e-7
-1.6451816302194485e-6 ; 3.249007937504736e-6
3.25223374487591e-6 ; -6.413805543956533e-6
-4.770401262121568e-6 ; 9.381276399899046e-6
5.880378020279143e-6 ; -0.000011524422248888903
-6.516333935021232e-6 ; 0.000012718443325085846
6.728672106705637e-6 ; -0.000013095088659242482
-6.633442520029356e-6 ; 0.000012897734490095716
6.312231216689548e-6 ; -0.000012313962267667192
-5.757866563757123e-6 ; 0.00001142150745927768
5.063730217941496e-6 ; -0.000010350602442075512
-4.225585645963173e-6 ; 9.080096336021249e-6
3.293225229820439e-6 ; -7.64088667778356e-6
-2.3056394321877655e-6 ; 6.013008802658637e-6
1.3228629398560068e-6 ; -4.253587179243509e-6
-5.091176509161578e-7 ; 2.498416878400692e-6
-8.467005654846277e-9 ; -1.0435091387027698e-6
7.554544703563247e-8 ; 2.4715009008922724e-7
4.729001605884105e-7 ; -8.777262556419505e-7
-1.7136264115209003e-6 ; 3.174584005810275e-6
3.3874716749861104e-6 ; -6.266924165729115e-6
-4.968245383912541e-6 ; 9.166826081959512e-6
6.123619582801143e-6 ; -0.000011261488874454903
-6.7851544114024895e-6 ; 0.000012429006919066393
7.006348201282695e-6 ; -0.000012797695914021321
-6.907653906077911e-6 ; 0.000012606331752905384
6.574541251683722e-6 ; -0.000012038341027422555
-6.0025348411636e-6 ; 0.00001116803992784046
5.286243270944921e-6 ; -0.00001012450245845394
-4.4219886608872926e-6 ; 8.884918293258547e-6
3.4591813975043798e-6 ; -7.479761164624951e-6
-2.43641306971753e-6 ; 5.887402050099894e-6
1.41426329157763e-6 ; -4.162854641948707e-6
-5.60936653691056e-7 ; 2.4383509337072543e-6
1.029497828362392e-8 ; -1.0083112142662413e-6
7.324286636652121e-8 ; 2.354435511839927e-7
4.959559275201969e-7 ; -8.638042830985108e-7
-1.7969413476312425e-6 ; 3.124362504596744e-6
3.5520653849437667e-6 ; -6.167835191869059e-6
-5.208998152719909e-6 ; 9.02225559118657e-6
6.419539289203284e-6 ; -0.000011084390485769171
-7.112066335568787e-6 ; 0.000012234300372192148
7.343819301253401e-6 ; -0.000012597931080234103
-7.240670878496315e-6 ; 0.000012411096218099738
6.892821976086281e-6 ; -0.000011854450446777141
-6.299014117222959e-6 ; 0.000010999764045521598
5.555491429215835e-6 ; -9.975570271523187e-6
-4.659236529197819e-6 ; 8.75755957215894e-6
3.6593595708309153e-6 ; -7.375827721450244e-6
-2.594102381684498e-6 ; 5.807026931365095e-6
1.5248659212543934e-6 ; -4.104343314949558e-6
-6.244782338958767e-7 ; 2.397365633367069e-6
3.455176795774821e-8 ; -9.810577193664352e-7
6.949092357477217e-8 ; 2.2539511740855752e-7
5.21801121481036e-7 ; -8.570349646108184e-7
-1.8903359117315994e-6 ; 3.0999889934927917e-6
3.736555443661908e-6 ; -6.119787577888611e-6
-5.4788306796280774e-6 ; 8.952315886483422e-6
6.751153988642637e-6 ; -0.000010998962674523473
-7.478331433457513e-6 ; 0.000012140763383015078
7.721778841548664e-6 ; -0.000012502427448711151
-7.613485690595209e-6 ; 0.00001231856068963145
7.248958659581181e-6 ; -0.000011768523264598274
-6.630496584958899e-6 ; 0.00001092246421526767
5.8562736761045806e-6 ; -9.909045948279674e-6
-4.923992725792286e-6 ; 8.702622261113182e-6
3.88253625588977e-6 ; -7.332965594866095e-6
-2.7698429390476606e-6 ; 5.774948700877587e-6
1.6483481357339235e-6 ; -4.080235888511095e-6
-6.959559950920652e-7 ; 2.3767525305099005e-6
6.265862961942394e-8 ; -9.622884940149961e-7
6.466051016059945e-8 ; 2.1712445075056547e-7
5.491299834315833e-7 ; -8.576316047437343e-7
-1.989092094360512e-6 ; 3.1022351948586247e-6
3.931625537542472e-6 ; -6.124304693215617e-6
-5.764122864602403e-6 ; 8.959235686412342e-6
7.101736328479448e-6 ; -0.000011007943866869076
-7.865492746278028e-6 ; 0.00001215141885972864
8.121209166766278e-6 ; -0.00001251429760645867
-8.007373127444242e-6 ; 0.000012331792718272527
7.625102730125248e-6 ; -0.000011783492232761547
-6.9804184038555635e-6 ; 0.000010938863879277169
6.1736050614814155e-6 ; -9.927404458264245e-6
-5.203105836738612e-6 ; 8.722284679233182e-6
4.11763918599762e-6 ; -7.353016920651383e-6
-2.9548872507994928e-6 ; 5.792624637690178e-6
1.7784719585758203e-6 ; -4.091566998807046e-6
-7.716426770841155e-7 ; 2.3771096708278203e-6
9.300976825089e-8 ; -9.522336929828441e-7
5.910874793592641e-8 ; 2.106798678076325e-7
5.76698528851831e-7 ; -8.656005842811149e-7
-2.0887148167124834e-6 ; 3.1311254030800517e-6
4.128399559741466e-6 ; -6.181433907873831e-6
-6.05189755316962e-6 ; 9.04308624350984e-6
7.455347851639651e-6 ; -0.000011111423149085066
-8.255962766295125e-6 ; 0.000012266366800100922
8.523987940270342e-6 ; -0.000012633642040436291
-8.404487399451726e-6 ; 0.000012450894880964504
8.004239818358562e-6 ; -0.000011899466192346702
-7.332986920765108e-6 ; 0.000011049066524236512
6.493192585867982e-6 ; -0.000010030753473344342
-5.48402680699009e-6 ; 8.816649328910553e-6
4.354097922354667e-6 ; -7.436078480270553e-6
-3.1408817171523896e-6 ; 5.860133869932593e-6
1.9092821202592277e-6 ; -4.138387440788861e-6
-8.479904905616179e-7 ; 2.3984418659049585e-6
1.2409268107693953e-7 ; -9.508604238989754e-7
5.3167043708612834e-8 ; 2.0605007360111993e-7
6.033500360819085e-7 ; -8.80783541902279e-7
-2.1850239197423506e-6 ; 3.1860888225992116e-6
4.318623328457902e-6 ; -6.290047433008298e-6
-6.330086054243944e-6 ; 9.202221028924942e-6
7.797165002245884e-6 ; -0.000011307380125570205
-8.633383083250548e-6 ; 0.000012483379780767726
8.913259075771728e-6 ; -0.000012858162707825355
-8.788227211042074e-6 ; 0.000012673608466811237
8.370536959822405e-6 ; -0.00001211430451933186
-7.673502961443928e-6 ; 0.000011251088200731938
6.801725863163017e-6 ; -0.000010217313777141562
-5.755063727295737e-6 ; 8.984163464464633e-6
4.5820578118600934e-6 ; -7.580854594309322e-6
-3.320035665359983e-6 ; 5.976455654634025e-6
2.035227018202202e-6 ; -4.219963066992692e-6
-9.217050780248921e-7 ; 2.4402820274421634e-6
1.5452206570753177e-7 ; -9.579286727294976e-7
4.713373934117833e-8 ; 2.0317755034427279e-7
6.280227135412741e-7 ; -9.029000895352275e-7
-2.2741817869716357e-6 ; 3.2661137858175866e-6
4.494719173099561e-6 ; -6.448146861620484e-6
-6.587607822648171e-6 ; 9.4337207194059e-6
8.11357690838271e-6 ; -0.000011592231194476437
-8.982732213495864e-6 ; 0.000012798505456058373
9.273544080304502e-6 ; -0.000013183783930546497
-9.143345255168115e-6 ; 0.00001299592434619675
8.709446376535663e-6 ; -0.00001242419822584431
-7.988457147050631e-6 ; 0.00001154139634059962
7.086963542846936e-6 ; -0.000010483905198008185
-6.005457381747483e-6 ; 9.222044544698275e-6
4.792443122908891e-6 ; -7.785014082316862e-6
-3.485171183277805e-6 ; 6.1397509548640785e-6
2.151194572482818e-6 ; -4.334976148120982e-6
-9.897682713056828e-7 ; 2.501814302780065e-6
1.830513025186811e-7 ; -9.730483038357535e-7
4.127158914792637e-8 ; 2.0197195410817383e-7
6.497410326628829e-7 ; -9.315838668371907e-7
-2.3526619864358365e-6 ; 3.3698779094187616e-6
4.649724031070972e-6 ; -6.6531202700056335e-6
-6.81427988652139e-6 ; 9.733768902837547e-6
8.392074082332925e-6 ; -0.000011961290840439602
-9.29020271655104e-6 ; 0.000013206575388375536
9.590615496235508e-6 ; -0.000013605176928062366
-9.455823449105674e-6 ; 0.000013412598990834366
9.007586149078878e-6 ; -0.000012824160547287387
-8.265419028035092e-6 ; 0.000011915364597709668
7.337632493427376e-6 ; -0.00001082635640223504
-6.225292443207829e-6 ; 9.52663878836097e-6
4.976881876540678e-6 ; -8.0454907825854e-6
-3.6296636100663393e-6 ; 6.347599415217254e-6
2.252469994089614e-6 ; -4.481695014346288e-6
-1.0494138204794372e-6 ; 2.5819786077316726e-6
2.0856332483381063e-7 ; -9.95728490835306e-7
3.580958866486377e-8 ; 2.0232183466246035e-7
6.675950993273155e-7 ; -9.66406233495307e-7
-2.4171747306371305e-6 ; 3.4958335422138944e-6
4.777142255032589e-6 ; -6.901910953324327e-6
-7.000601637364153e-6 ; 0.000010097898446672626
8.620984079190995e-6 ; -0.000012409073898939769
-9.542909463743362e-6 ; 0.000013701538210362298
9.851196230615656e-6 ; -0.000014116103173320024
-9.71257675730781e-6 ; 0.000013917491912679348
9.252457709240249e-6 ; -0.000013308347086622798
-8.492774687374336e-6 ; 0.000012367569322446814
7.543190115373072e-6 ; -0.000011239771161932975
-6.405288553079717e-6 ; 9.893653532009996e-6
5.127529642637961e-6 ; -8.358677595407994e-6
-3.7473021482452256e-6 ; 6.597152094203857e-6
2.3346364682937644e-6 ; -4.658083684687361e-6
-1.0980685930241618e-6 ; 2.6795396987330606e-6
2.300461691961428e-7 ; -1.0254124955490858e-6
3.09480367350092e-8 ; 2.0410333064903025e-7
6.80714328595592e-7 ; -1.0068838641024084e-6
-2.4645717799731954e-6 ; 3.642235077393166e-6
4.870757803355932e-6 ; -7.191071419347823e-6
-7.1374802766709635e-6 ; 0.000010521070206374209
8.789134293657993e-6 ; -0.000012929392001297822
-9.728517527064706e-6 ; 0.000014276565748294346
0.000010042575961819214 ; -0.000014709523812134141
-9.901075418385264e-6 ; 0.000014503672717074781
9.432085791676582e-6 ; -0.000013870156261378375
-8.659392387639248e-6 ; 0.000012891881962211312
7.693521847011317e-6 ; -0.000011718609775534977
-6.536534649963413e-6 ; 0.000010318227072773665
5.236845748585618e-6 ; -8.720483427451142e-6
-3.832112902285717e-6 ; 6.885175705708217e-6
2.3934489196854363e-6 ; -4.861834198867882e-6
-1.133277160157697e-6 ; 2.7931105335613465e-6
2.4656070295610825e-7 ; -1.0614935603699207e-6
2.686532454812491e-8 ; 2.071850677481289e-7
6.882423869151558e-7 ; -1.0524693843157112e-6
-2.4917559543734248e-6 ; 3.807104989443675e-6
4.924455520176399e-6 ; -7.516696366598299e-6
-7.215969598240368e-6 ; 0.000010997574788568407
8.885531179337327e-6 ; -0.00001351523265469807
-9.834888248342769e-6 ; 0.00001492391922141451
0.000010152246264137684 ; -0.00001537746172464777
-0.000010008985734494304 ; 0.000015163284437247739
9.534676384223987e-6 ; -0.000014502097251305448
-8.754305057933998e-6 ; 0.000013481345398875183
7.778654302105222e-6 ; -0.000012256574713226503
-6.61023729475527e-6 ; 0.000010794826315104012
5.297381597536027e-6 ; -9.126244814553152e-6
-3.878191604321338e-6 ; 7.207981820447094e-6
2.4247145376782802e-6 ; -5.09031697854857e-6
-1.1526296898778012e-6 ; 2.921127191683945e-6
2.572087364754407e-7 ; -1.103310866582849e-6
2.3724853925057674e-8 ; 2.1142911319639946e-7
6.893201676342752e-7 ; -1.1025265547611934e-6
-2.495619705889977e-6 ; 3.988144001045474e-6
4.932099815770154e-6 ; -7.874245237611774e-6
-7.227092775672832e-6 ; 0.000011520772723193703
8.89914273424889e-6 ; -0.00001415843966486821
-9.849839362803981e-6 ; 0.000015634596019782644
0.000010167653292853158 ; -0.00001611063725077503
-0.000010023926803530713 ; 0.000015887183780576073
9.548385576138142e-6 ; -0.000015195445071870554
-8.766495966591966e-6 ; 0.000014127852425776562
7.788562315352265e-6 ; -0.000012846316949341705
-6.617551889963173e-6 ; 0.000011316986673668566
5.3016392949243525e-6 ; -9.570504393693784e-6
-3.879592130995859e-6 ; 7.561250648345572e-6
2.4242128991899877e-6 ; -5.340456083343392e-6
-1.153712452429675e-6 ; 3.061779465036091e-6
2.611093009796773e-7 ; -1.1501273362281916e-6
2.1680619100659306e-8 ; 2.1668837580857416e-7
6.83082882094323e-7 ; -1.1562932617735705e-6
-2.473034713828532e-6 ; 4.182597261456738e-6
4.8875140692904395e-6 ; -8.258278054915221e-6
-7.161812438980204e-6 ; 0.00001208270808603986
8.818861938889259e-6 ; -0.000014849238386628354
-9.761104913459143e-6 ; 0.000016397805466120755
0.000010076156443706376 ; -0.000016897927795161205
-9.933430395831425e-6 ; 0.00001666440796649691
9.461282632374711e-6 ; -0.000015939730284862084
-8.684865121906986e-6 ; 0.000014821670577647907
7.713140309388545e-6 ; -0.000013479003078020563
-6.549558845513774e-6 ; 0.00001187692951803512
5.242053070616015e-6 ; -0.000010046686015103253
-3.8303124163729026e-6 ; 7.939772990441617e-6
2.387685292377841e-6 ; -5.608546167441536e-6
-1.1340982020194948e-6 ; 3.2129070359431686e-6
2.5738984583896996e-7 ; -1.201093335501107e-6
2.088023073067351e-8 ; 2.2280124651493923e-7
6.68676371352617e-7 ; -1.2128379379680483e-6
-2.4209109869016808e-6 ; 4.387096710266963e-6
4.784597320071709e-6 ; -8.662144035277679e-6
-7.011201612553295e-6 ; 0.000012673652793274279
8.633717052580915e-6 ; -0.000015575675485961557
-9.55656775900101e-6 ; 0.00001720034993436606
9.865268019666515e-6 ; -0.00001772572964925092
-9.725177895101645e-6 ; 0.000017481545132877818
9.26157785845578e-6 ; -0.000016722136728778666
-8.498441981180786e-6 ; 0.000015550881501646032
7.542397533461267e-6 ; -0.000014143805075520403
-6.397437177747677e-6 ; 0.000012465111642424984
5.111137931962026e-6 ; -0.00001054671255693869
-3.724412996388031e-6 ; 8.337146860559976e-6
2.310918283694723e-6 ; -5.8900371123977034e-6
-1.0913909038760214e-6 ; 3.371876418870419e-6
2.4519782100329573e-7 ; -1.255202265485343e-6
2.1464441224074838e-8 ; 2.295845860845309e-7
6.452963904582157e-7 ; -1.2710163895722968e-6
-2.3363390209424686e-6 ; 4.5975050149403745e-6
4.617604961570532e-6 ; -9.077673508515065e-6
-6.766854549275926e-6 ; 0.000013281656077207288
8.333376716231561e-6 ; -0.00001632306546115792
-9.224817652039945e-6 ; 0.00001802601378977485
9.523228599353089e-6 ; -0.000018577328091948136
-9.38756836752584e-6 ; 0.000018322113112836868
8.938167087381748e-6 ; -0.000017526907496421185
-8.196892808926975e-6 ; 0.000016300828113463636
7.266921235063681e-6 ; -0.00001482739740361033
-6.152874482389076e-6 ; 0.000013069781404252306
4.9018385970096676e-6 ; -0.000011060629614335537
-3.5562944253751333e-6 ; 8.745478856469283e-6
2.189940164774106e-6 ; -6.17932193685124e-6
-1.02333547598721e-6 ; 3.53545928897448e-6
2.237365278143762e-7 ; -1.311245914877577e-6
2.3562539454493917e-8 ; 2.36826447084484e-7
6.122526642897299e-7 ; -1.3294387159270361e-6
-2.2168215168878716e-6 ; 4.8087959351282524e-6
4.381606268287676e-6 ; -9.494941574451365e-6
-6.421556199002741e-6 ; 0.000013892198633208377
7.908972818323006e-6 ; -0.00001707356547002166
-8.756060120631744e-6 ; 0.000018855093724398764
9.039943951889982e-6 ; -0.00001943241300516371
-8.910643078265145e-6 ; 0.000019166081637465697
8.481516858250773e-6 ; -0.000018334888132229622
-7.771344951575587e-6 ; 0.000017053689480985852
6.878627956797378e-6 ; -0.00001551357049440885
-5.808731060150939e-6 ; 0.000013676637721710665
4.60809377251528e-6 ; -0.000011576316568090934
-3.321145507048435e-6 ; 9.155154936232099e-6
2.0213387323314918e-6 ; -6.469573918597755e-6
-9.27997307806411e-7 ; 3.699738640018359e-6
1.923268641464595e-7 ; -1.3677794226406144e-6
2.728337778615571e-8 ; 2.442801995922088e-7
5.690558839969055e-7 ; -1.3864571745550347e-6
-2.060588068652424e-6 ; 5.015010505181467e-6
4.073105808386827e-6 ; -9.902181622867409e-6
-5.970191496453257e-6 ; 0.000014488066273281507
7.354218178371812e-6 ; -0.000017806020244556176
-8.143351030830695e-6 ; 0.000019664227698535567
8.408257826914376e-6 ; -0.000020266902605071246
-8.287341376660667e-6 ; 0.0000199896987395902
7.884866539080653e-6 ; -0.000019123361089912954
-7.215506108159039e-6 ; 0.000017788326974894215
6.3717831814481605e-6 ; -0.00001618309132610552
-5.359940853030521e-6 ; 0.000014268707364806652
4.225601159849961e-6 ; -0.000012079382945310549
-3.015550783258375e-6 ; 9.554758314181236e-6
1.8026921940507447e-6 ; -6.752688126704037e-6
-8.04006782436622e-7 ; 3.860074419129286e-6
1.5049310791024933e-7 ; -1.4231074442786693e-6
3.270236497840293e-8 ; 2.51661975355357e-7
5.155211188577409e-7 ; -1.4401873420768268e-6
-1.866969188431879e-6 ; 5.209333601688032e-6
3.6907819856040027e-6 ; -0.000010285936489832537
-5.4108259155249606e-6 ; 0.000015049571116425564
6.666734599302058e-6 ; -0.00001849623395608075
-7.384063346800429e-6 ; 0.00002042669520777872
7.625464020733479e-6 ; -0.00002105325285841692
-7.514992467301461e-6 ; 0.0000207657960760926
7.1456559048285526e-6 ; -0.000019866338204100385
-6.5269933168525415e-6 ; 0.000018480556584504342
5.744211640455132e-6 ; -0.000016813951829343445
-4.80458055914608e-6 ; 0.000014826564627057345
3.752724957135512e-6 ; -0.000012553355214224305
-2.6382110488034453e-6 ; 9.931217861014656e-6
1.533080355420551e-6 ; -7.019386532332731e-6
-6.508499601614542e-7 ; 4.0111624663607274e-6
9.806582555937116e-8 ; -1.4753037909389232e-6
3.984556652276666e-8 ; 2.586534246785804e-7
4.51874530917146e-7 ; -1.4885727530772591e-6
-1.6367822678865209e-6 ; 5.3843277423997075e-6
3.23624915860145e-6 ; -0.000010631520065807126
-4.745820512695685e-6 ; 0.000015555226953026616
5.849423310078986e-6 ; -0.000019117800242799154
-6.481400710408763e-6 ; 0.00002111333398079447
6.694866742511505e-6 ; -0.000021761402399538123
-6.596854808499414e-6 ; 0.000021464721205400576
6.2669981956368e-6 ; -0.000020535453054199915
-5.70870424142114e-6 ; 0.000019103979684843893
4.9985459941451555e-6 ; -0.000017382125728632208
-4.14497253161012e-6 ; 0.000015329000005892214
3.1914319036687523e-6 ; -0.000012980244562939112
-2.1906864756669607e-6 ; 0.000010270258934169506
1.21361191059666e-6 ; -7.259537784053433e-6
-4.6916873548273543e-7 ; 4.147215949855662e-6
3.5288616939967956e-8 ; -1.5222750778885561e-6
4.8673062963451116e-8 ; 2.6491148493466157e-7
3.788439761878409e-7 ; -1.529498011406809e-6
-1.372659273170841e-6 ; 5.5323422400458426e-6
2.7147047504209403e-6 ; -0.000010923825278532225
-3.982778752390242e-6 ; 0.000015982931548190674
4.911628721825984e-6 ; -0.000019643555488173815
-5.44568280222435e-6 ; 0.000021694145207928983
5.627105766770753e-6 ; -0.000022360427426600555
-5.5434234700637875e-6 ; 0.000022055970359690774
5.25893109494412e-6 ; -0.000021101523571580947
-4.7699817077045306e-6 ; 0.000019631437680243128
4.1432871711963794e-6 ; -0.000017862893294925148
-3.3886212715686757e-6 ; 0.000015754190326684285
2.5480860278611806e-6 ; -0.000013341540079048727
-1.6780275373545806e-6 ; 0.000010557191845990087
8.478721446807784e-7 ; -7.462716611307705e-6
-2.610158251590077e-7 ; 4.262283537828318e-6
-3.709099524473384e-8 ; -1.561873510540465e-6
5.906472681289596e-8 ; 2.70085986586917e-7
2.97710175289757e-7 ; -1.5609460993017483e-6
-1.0792318051639492e-6 ; 5.646082165469831e-6
2.1352946624533507e-6 ; -0.000011148447554769414
-3.135081108399333e-6 ; 0.000016311610362117
3.869795447058991e-6 ; -0.00002004759901048412
-4.295070949265597e-6 ; 0.00002214052468305499
4.440904464445471e-6 ; -0.000022820841684728203
-4.3731680729462215e-6 ; 0.000022510457440293774
4.139122789422986e-6 ; -0.000021536723231058356
-3.727270966433556e-6 ; 0.000020037033043739946
3.1934027873426712e-6 ; -0.000018232681651460477
-2.54874194878571e-6 ; 0.000016081324081955988
1.8338971627411848e-6 ; -0.000013619588127821964
-1.1091310772944732e-6 ; 0.000010778006873958443
4.421756055982858e-7 ; -7.6189808039249025e-6
-2.999870896356302e-8 ; 4.350691742860336e-6
-1.1777021538947033e-7 ; -1.5920543129287964e-6
7.081220485984449e-8 ; 2.738443867850192e-7
2.1029631884400892e-7 ; -1.581182927457236e-6
-7.630934965120134e-7 ; 5.719275814250908e-6
1.511039023402628e-6 ; -0.000011293002760487231
-2.2217764141504973e-6 ; 0.00001652314475454112
2.747334754948409e-6 ; -0.00002030766284282909
-3.0554206308754086e-6 ; 0.000022427880003086637
3.162917784292776e-6 ; -0.00002311729443080712
-3.112382833135594e-6 ; 0.00002280317561493936
2.932728476623421e-6 ; -0.000021817127853608348
-2.603986181917757e-6 ; 0.000020298499979685015
2.1702055953160035e-6 ; -0.000018471223326456188
-1.6441531076816645e-6 ; 0.000016292507763363937
1.0648299291324164e-6 ; -0.000013799210097798406
-4.966680915541964e-7 ; 0.000010920658458073335
5.514848449746554e-9 ; -7.719782473306701e-6
2.1874960936339009e-7 ; 4.407563938394869e-6
-2.0490148171894723e-7 ; -1.611060778495083e-6
8.362066904407542e-8 ; 2.759009275731388e-7
1.1888273710119274e-7 ; -1.5889402783378534e-6
-4.324913944054378e-7 ; 5.747336405996309e-6
8.582228117642678e-7 ; -0.000011348433864233838
-1.2666903229122874e-6 ; 0.000016604283852970797
1.5735288795012937e-6 ; -0.000020407461625612173
-1.759071425630712e-6 ; 0.00002253822597454311
1.8264849118147796e-6 ; -0.000023231246066764043
-1.7939561066432217e-6 ; 0.00002291583693840989
1.6712130693266537e-6 ; -0.000021925241361144447
-1.4294146614218982e-6 ; 0.000020399555475362948
1.10035587212887e-6 ; -0.000018563696883242412
-6.983957434479593e-7 ; 0.000016374656320182734
2.608562807341716e-7 ; -0.000013869306627622775
1.4350955013427264e-7 ; 0.000010976338651175051
-4.508605846346174e-7 ; -7.758871709724661e-6
4.788105844544311e-7 ; 4.429335148114522e-6
-2.9617832879936296e-7 ; -1.6176079618706698e-6
9.712249368028365e-8 ; 2.7604561517499676e-7
2.6049022228612092e-8 ; -1.583562215721757e-6
-9.67549321167649e-8 ; 5.727891590801263e-6
1.952682521973753e-7 ; -0.000011310056438392774
-2.967754594333006e-7 ; 0.000016548174101315712
3.8150320549168516e-7 ; -0.0000203385723486392
-4.4260736161822693e-7 ; 0.00002246226051619949
4.6932040397383235e-7 ; -0.000023153108027581004
-4.550926326085171e-7 ; 0.0000228389833191295
3.901717559977087e-7 ; -0.00002185201562108854
-2.3668821730577175e-7 ; 0.00002033177942238886
1.4014453224178992e-8 ; -0.000018502438771451243
2.618977051078263e-7 ; 0.000016321004960997896
-5.554284384721493e-7 ; -0.000013824140517107407
7.934676346404414e-7 ; 0.00001094049551518684
-9.142237535998295e-7 ; -7.733019261371278e-6
7.429245070029439e-7 ; 4.414163756536528e-6
-3.889943728355979e-7 ; -1.6110296025727164e-6
1.1090251596849145e-7 ; 2.7416739587487984e-7
-6.553598732575155e-8 ; -1.5650827429969344e-6
2.3446361582645953e-7 ; 5.6610643733814614e-6
-4.587649139539973e-7 ; -0.00001117811348775974
6.600826792901478e-7 ; 0.000016355171219328065
-7.944702142573902e-7 ; -0.000020101432537610695
8.561209994876426e-7 ; 0.00002220046735727719
-8.695555634222531e-7 ; -0.000022883379771569777
8.657147095860061e-7 ; 0.00002257310839191318
-8.735674159021439e-7 ; -0.00002159792408124674
9.399137141826279e-7 ; 0.000020095614092194274
-1.0576125750570284e-6 ; -0.000018287853436624938
1.2091715457789804e-6 ; 0.000016131912956612136
-1.36064522171165e-6 ; -0.000013664018873697439
1.4346499131462583e-6 ; 0.00001081337463882403
-1.3714066430799127e-6 ; -7.642400805723706e-6
1.0035812311988893e-6 ; 4.3621503762644605e-6
-4.806546649942965e-7 ; -1.5913561249382078e-6
1.2453159361041853e-7 ; 2.7026642022627086e-7
-1.533407952645491e-7 ; -1.5342169298691547e-6
5.520086897222669e-7 ; 5.549440969151001e-6
-1.0857978251391284e-6 ; -0.000010957711839982262
1.5774337028062328e-6 ; 0.00001603274692564315
-1.9218831486811035e-6 ; -0.00001970522534362364
2.1012111085403833e-6 ; 0.00002176298884802965
-2.15313109253621e-6 ; -0.000022432517393017862
2.1319541156736904e-6 ; 0.000022128527712878176
-2.0850715784990644e-6 ; -0.000021172837472388448
2.067875643627033e-6 ; 0.000019700248354477067
-2.0849246438188258e-6 ; -0.00001792830792481936
2.117287629895899e-6 ; 0.00001581477058940599
-2.13261758588469e-6 ; -0.0000133952142138817
2.0494546689312068e-6 ; 0.000010599956536052098
-1.8099189991477389e-6 ; -7.490552506716334e-6
1.2536579522575752e-6 ; 4.275312374910409e-6
-5.686038858215295e-7 ; -1.559305259702676e-6
1.3760282692116895e-7 ; 2.644524621631663e-7
-2.3517443555289065e-7 ; -1.4922666692391473e-6
8.4795629762789e-7 ; 5.397729994852963e-6
-1.670183478647429e-6 ; -0.000010658149260884516
2.4323851112548266e-6 ; 0.000015594504599536624
-2.9726000384174158e-6 ; -0.00001916666992095624
3.2615895823978496e-6 ; 0.000021168290188287816
-3.3493725938223217e-6 ; -0.000021819556718826914
3.3120247519194482e-6 ; 0.000021524020564485508
-3.214106388441585e-6 ; -0.000020594724416487012
3.1190553818235695e-6 ; 0.000019162408279760207
-3.0423023472216476e-6 ; -0.00001743903094101565
2.9636232206528623e-6 ; 0.00001538302702787894
-2.8521516490197166e-6 ; -0.000013029139692077094
2.6226476952315305e-6 ; 0.000010309302010039423
-2.218951086045251e-6 ; -7.283906447326677e-6
1.4869908296114968e-6 ; 4.157318950779083e-6
-6.506308691542557e-7 ; -1.516187020142824e-6
1.4976401989770733e-7 ; 2.569297639617955e-7
-3.093326875903888e-7 ; -1.4409624957609683e-6
1.1161428622256564e-6 ; 5.212190370492134e-6
-2.1997510460332598e-6 ; -0.000010291784785654978
3.207130293154154e-6 ; 0.000015058526532758876
-3.924736061518865e-6 ; -0.00001850799021078377
4.313086477453777e-6 ; 0.00002044091620406651
-4.433363176899429e-6 ; -0.000021069800897539102
4.381346332702468e-6 ; 0.000020784548871939584
-4.2371545308681045e-6 ; -0.00001988746900954923
4.071562865455784e-6 ; 0.000018504325818120094
-3.909817990250995e-6 ; -0.000016840263603785167
3.7305815195318866e-6 ; 0.000014854557389988603
-3.5043178342409827e-6 ; -0.000012580963618897998
3.1423796774355033e-6 ; 9.95345244124826e-6
-2.5900957135070703e-6 ; -7.031010219382194e-6
1.6987865984160387e-6 ; 4.013046192872533e-6
-7.250158651551613e-7 ; -1.4637442926031243e-6
1.6074105189876021e-7 ; 2.4797167744747026e-7
-3.7466987646572516e-7 ; -1.3822746760595256e-6
1.3524249227009297e-6 ; 4.999948081258783e-6
-2.6663186953872287e-6 ; -9.87268954306491e-6
3.889698824349758e-6 ; 0.000014445399885187124
-4.763579246704909e-6 ; -0.00001775448860186869
5.239453633421879e-6 ; 0.00001960881143965344
-5.388352351654849e-6 ; -0.000020212057502043023
5.32339458127409e-6 ; 0.000019938531414792506
-5.1384064149004955e-6 ; -0.000019078262647879478
4.910682229654583e-6 ; 0.000017751310977280283
-4.674075047561515e-6 ; -0.000016155049058207207
4.4063329319659926e-6 ; 0.000014249710782811677
-4.079079833223628e-6 ; -0.000012067953211077205
3.600685441731495e-6 ; 9.546115106582001e-6
-2.917702571268146e-6 ; -6.741593944612829e-6
1.8858245956023452e-6 ; 3.8480451848690395e-6
-7.906028002445919e-7 ; -1.4039623380027092e-6
1.7034934577719155e-7 ; 2.3789038248570767e-7
-4.3059678774368645e-7 ; -1.318227636134072e-6
1.5546715463287166e-6 ; 4.768324976880555e-6
-3.065678515753218e-6 ; -9.415321354646327e-6
4.473934330048124e-6 ; 0.000013776277549114757
-5.481563212403439e-6 ; -0.000016932162762660944
6.032334556264804e-6 ; 0.000018700688296027152
-6.205724984469623e-6 ; -0.000019275925562166217
6.129670655164866e-6 ; 0.00001901516767446203
-5.909731005913794e-6 ; -0.000018195043675887347
5.628844688914868e-6 ; 0.000016929368782065415
-5.328183542931138e-6 ; -0.000015407063056146296
4.984793349220958e-6 ; 0.000013589394655564154
-4.5712762140310345e-6 ; -0.000011507849236344
3.993469381482333e-6 ; 9.101373070238701e-6
-3.1988679530809197e-6 ; -6.425654761581185e-6
2.046450970314736e-6 ; 3.668020093017847e-6
-8.467971711466202e-7 ; -1.3388818972457303e-6
1.784935347409495e-7 ; 2.270071863681539e-7
-4.770198353598811e-7 ; -1.2507448251353464e-6
1.7225443801843881e-6 ; 4.5242777428852705e-6
-3.3971623061596387e-6 ; -8.933417007331539e-6
4.95885933355495e-6 ; 0.000013071257553045474
-6.077486646174432e-6 ; -0.000016065713917229888
6.690402445910126e-6 ; 0.00001774382731581985
-6.88411267817695e-6 ; -0.000018289527842243043
6.798824479513237e-6 ; 0.000018042200629051215
-6.549836994737911e-6 ; -0.000017264356730562983
6.2248476564889e-6 ; 0.00001606320664122086
-5.871049083822552e-6 ; -0.00001461879976478567
5.464996257586783e-6 ; 0.000012893472698065716
-4.980087632569005e-6 ; -0.000010917506606140531
4.320082542240745e-6 ; 8.632606121451164e-6
-3.4331346969861504e-6 ; -6.092691060018269e-6
2.180407725793661e-6 ; 3.4783916216421213e-6
-8.935048367666879e-7 ; -1.2704428722842037e-6
1.8515775067579776e-7 ; 2.1562768220542393e-7
-5.142440139050786e-7 ; -1.1815384640621508e-6
1.8571466221115272e-6 ; 4.2739991112113524e-6
-3.6629483300755116e-6 ; -8.439204704289491e-6
5.347660849226857e-6 ; 0.000012348230686925904
-6.555266399495554e-6 ; -0.000015177130395781921
7.217982943747417e-6 ; 0.00001676251272160172
-7.4279738619014495e-6 ; -0.000017277898012413323
7.335253959024994e-6 ; 0.00001704432571411433
-7.062932544944505e-6 ; -0.000016309830502734447
6.702607216497179e-6 ; 0.000015174817518130434
-6.306237131056559e-6 ; -0.00001381028194919858
5.8500898117541495e-6 ; 0.000012179625912429747
-5.308185867988555e-6 ; -0.00001031192804557854
4.582647179945165e-6 ; 8.151723766043235e-6
-3.6220129520843164e-6 ; -5.751158186621507e-6
2.288559665128687e-6 ; 3.2839867332966236e-6
-9.310342879287871e-7 ; -1.2003732183792423e-6
1.9039011797532538e-7 ; 2.0402408767033496e-7
-5.42861984730336e-7 ; -1.1120466712613712e-6
1.960621877242581e-6 ; 4.022690457311204e-6
-3.8672692356867545e-6 ; -7.942955055952186e-6
5.6465316131269375e-6 ; 0.000011622223647666602
-6.9225134630001995e-6 ; -0.000014284880453260262
7.62348154577914e-6 ; 0.000015777141056644933
-7.845972694841173e-6 ; -0.00001626206182211821
7.747505788085506e-6 ; 0.00001604228440845835
-7.457195192351732e-6 ; -0.00001535131045003721
7.069733821239027e-6 ; 0.000014282672604770418
-6.64067625545132e-6 ; -0.000012998325924121533
6.146191655828886e-6 ; 0.000011462703480892545
-5.560762109037682e-6 ; -9.70371328472324e-6
4.785285448118985e-6 ; 7.668728002663254e-6
-3.7684329173164465e-6 ; -5.4081581605099875e-6
2.3725825935466973e-6 ; 3.0888617583412816e-6
-9.59985070057648e-7 ; -1.1301255889991616e-6
1.9428505145686802e-7 ; 1.9242516585402872e-7
-5.636470823448083e-7 ; -1.0434117977837346e-6
2.0357672264169485e-6 ; 3.7744834972673534e-6
-4.015648045556496e-6 ; -7.45282653608077e-6
5.863552310915698e-6 ; 0.000010905172991916019
-7.18915919477203e-6 ; -0.000013403634487122037
7.917866389778202e-6 ; 0.000014803914431010068
-8.149414994425806e-6 ; -0.000015258720927977294
8.046732538640651e-6 ; 0.000015052552414065776
-7.743295671595062e-6 ; -0.000014404560549327212
7.336158278702645e-6 ; 0.000013401443815011649
-6.883407270489358e-6 ; -0.000012196288999831644
6.361284323540623e-6 ; 0.0000107544998177004
-5.744589720863596e-6 ; -9.102869939558197e-6
4.933375490594881e-6 ; 7.191563236100858e-6
-3.876217072286017e-6 ; -5.069333168549148e-6
2.434662687993834e-6 ; 2.896241665892211e-6
-9.811402279647616e-7 ; -1.0608555636875298e-6
1.9696619465499383e-7 ; 1.8101274822289041e-7
-5.774615652364264e-7 ; -9.764897833674867e-7
2.085701373696996e-6 ; 3.532474057166896e-6
-4.114242806136599e-6 ; -6.974932055378007e-6
6.007732654043962e-6 ; 0.000010206022424617591
-7.3662766294170374e-6 ; -0.000012544384515835209
8.113366318204345e-6 ; 0.000013854972397963445
-8.35090588445607e-6 ; -0.000014280388767972632
8.2453682551401e-6 ; 0.000014087473610842743
-7.93313059770772e-6 ; -0.000013481391375404436
7.512951953989806e-6 ; 0.000012542122930201982
-7.0445090299384e-6 ; -0.00001141417789375601
6.504266532015062e-6 ; 0.000010063850268085105
-5.867219214407754e-6 ; -8.516894689690199e-6
5.0329124351069185e-6 ; 6.726180695932877e-6
-3.949626859731619e-6 ; -4.738911248270663e-6
2.4772383540334605e-6 ; 2.708546058254323e-6
-9.95373981405773e-7 ; -9.934309128361577e-7
1.9857177723255477e-7 ; 1.6992318473725685e-7
-5.851846460666465e-7 ; -9.11879003360354e-7
2.11360440977906e-6 ; 3.2988264597833153e-6
-4.1693328157475855e-6 ; -6.513545165553738e-6
6.088259840566654e-6 ; 9.53102454727665e-6
-7.4651569571052885e-6 ; -0.00001171481505639821
8.222451047439258e-6 ; 0.000012938801556131553
-8.463298527336005e-6 ; -0.000013335812823794806
8.35609143591571e-6 ; 0.000013155676640913412
-8.038830311399478e-6 ; -0.000012590058720470504
7.6114032345550075e-6 ; 0.000011712392691459771
-7.134257636342124e-6 ; -0.00001065898662262857
6.584210657162355e-6 ; 9.396929538312381e-6
-5.9363482039554e-6 ; -7.951026527308305e-6
5.090008317979972e-6 ; 6.276739465877777e-6
-3.993008007933034e-6 ; -4.4198489078703925e-6
2.502798378300439e-6 ; 2.52747039042524e-6
-1.0035795780896132e-6 ; -9.284606203799305e-7
1.9924317699250737e-7 ; 1.592519303420972e-7
-5.876610843801299e-7 ; -8.499591736866066e-7
2.122531754825204e-6 ; 3.074914187488111e-6
-4.186950982721236e-6 ; -6.071377767986181e-6
6.1139603955247825e-6 ; 8.884147151811564e-6
-7.496647860110671e-6 ; -0.000010919802513658525
8.257100222477868e-6 ; 0.000012060787154293026
-8.49894042736963e-6 ; -0.000012430543338752796
8.391081397491849e-6 ; 0.000012262635997153673
-8.07204731021969e-6 ; -0.00001173580046260291
7.642355070143352e-6 ; 0.00001091712655642604
-7.162523271390255e-6 ; -9.935151502792549e-6
6.609829996591341e-6 ; 8.757653522582014e-6
-5.959369343015941e-6 ; -7.408587721893046e-6
5.1105332748220444e-6 ; 5.845877122150286e-6
-4.010536133261687e-6 ; -4.114023103706381e-6
2.513737308269655e-6 ; 2.3540952645803927e-6
-1.0066176570536725e-6 ; -8.663339367485452e-7
1.991167393668438e-7 ; 1.4905972282674787e-7
-5.856673333442086e-7 ; -7.909330909624007e-7
2.1152919001051686e-6 ; 2.8614708742663335e-6
-4.172642707332742e-6 ; -5.649878311906585e-6
6.0929477604149896e-6 ; 8.26750952723123e-6
-7.4707206970736295e-6 ; -0.000010161951413597246
8.228325618587898e-6 ; 0.000011223805305570569
-8.469180954753724e-6 ; -0.000011567543836109598
8.361532489133665e-6 ; 0.000011411274315147345
-8.043491484151509e-6 ; -0.000010921412850723554
7.615772282312822e-6 ; 0.000010158925171076297
-7.138376235514902e-6 ; -9.245039597914337e-6
6.589130780920334e-6 ; 8.148110695795036e-6
-5.943075021310827e-6 ; -6.8913498867385216e-6
5.09988117054176e-6 ; 5.435000296051809e-6
-4.006050690124279e-6 ; -3.822437310941299e-6
2.512261261867642e-6 ; 2.189003675052972e-6
-1.0052826901171474e-6 ; -8.072622494642069e-7
1.9831846851972758e-7 ; 1.393792062144517e-7
-5.798922954062196e-7 ; -7.348666680703452e-7
2.0943766917523144e-6 ; 2.6587350657266176e-6
-4.131327979910417e-6 ; -5.24951759150824e-6
6.032420255852147e-6 ; 7.681800540858128e-6
-7.396221922416793e-6 ; -9.442108206611452e-6
8.145896388930318e-6 ; 0.000010428790446087869
-8.384087914998445e-6 ; -0.000010747776167216887
8.277374384885085e-6 ; 0.000010602539588650497
-7.962662462535668e-6 ; -0.000010147802836167778
7.540492316888612e-6 ; 9.438630599910111e-6
-7.069859993564987e-6 ; -8.589416950816447e-6
6.529211660093882e-6 ; 7.568975692936633e-6
-5.893487198831848e-6 ; -6.399884948696834e-6
5.062834569720128e-6 ; 5.044563249904435e-6
-3.9829594575406065e-6 ; -3.5454190229733875e-6
2.5003340122510666e-6 ; 2.0323932517151325e-6
-1.0002838654827796e-6 ; -7.513191230376945e-7
1.969610129763581e-7 ; 1.3022126050393476e-7
-5.709284991034111e-7 ; -6.817247761330899e-7
2.06192948176728e-6 ; 2.466579877861477e-6
-4.06723856901135e-6 ; -4.870044841752755e-6
5.9385692784306594e-6 ; 7.1266533799116635e-6
-7.280760298989757e-6 ; -8.759821875274496e-6
8.018214469988047e-6 ; 9.675244044472398e-6
-8.25231896417614e-6 ; -9.970724946730467e-6
8.147145084819091e-6 ; 9.835922493275023e-6
-7.837727975372715e-6 ; -9.414482981509313e-6
7.4241117881221275e-6 ; 8.755787028209143e-6
-6.963887742268759e-6 ; -7.96786800690234e-6
6.436172180472336e-6 ; 7.0198797541094565e-6
-5.815779661570501e-6 ; -5.933879488409003e-6
5.003503039904858e-6 ; 4.6743173434772135e-6
-3.944195080529728e-6 ; -3.2827964930628393e-6
2.479652794592213e-6 ; 1.884176511333792e-6
-9.922366306057915e-7 ; -6.984759905248461e-7
1.951423449399145e-7 ; 1.2158063642666742e-7
-5.592703583364713e-7 ; -6.314018336055754e-7
2.0197388461818893e-6 ; 2.284623621021147e-6
-3.983905643421106e-6 ; -4.510706216955473e-6
5.816561300624957e-6 ; 6.600965270700231e-6
-7.130684938161199e-6 ; -8.11373702176933e-6
7.852290518995119e-6 ; 8.961668934198408e-6
-8.081096937986475e-6 ; -9.234845581694091e-6
7.977966723536373e-6 ; 9.109898615605933e-6
-7.675500860322054e-6 ; -8.719994774231827e-6
7.2729650728094755e-6 ; 8.109035076133377e-6
-6.826222964143993e-6 ; -7.37915477977812e-6
6.315095554000256e-6 ; 6.49972811394975e-6
-5.714263399309468e-6 ; -5.492404152239626e-6
4.9253116136700596e-6 ; 4.323524866268695e-6
-3.892207253495671e-6 ; -3.0340500927029604e-6
2.451644476232556e-6 ; 1.7440664438489583e-6
-9.816615404333513e-7 ; -6.486325243269679e-7
1.929456005573755e-7 ; 1.1344073904033323e-7
-5.453174109662406e-7 ; -5.837475950084293e-7
1.969250246442602e-6 ; 2.112323014609894e-6
-3.8841826332988874e-6 ; -4.170428763787723e-6
5.670571057812486e-6 ; 6.10316644772388e-6
-6.951125734076997e-6 ; -7.5019242097784726e-6
7.65378818258969e-6 ; 8.285933928553326e-6
-7.876255070540322e-6 ; -8.537940043933498e-6
7.77558984240909e-6 ; 8.422299049036717e-6
-7.481481180170651e-6 ; -8.06226309774592e-6
7.092163207438094e-6 ; 7.496441846510503e-6
-6.661514655943923e-6 ; -6.821517351933993e-6
6.170079553177067e-6 ; 6.0069655141853514e-6
-5.592412716592589e-6 ; -5.07413898742525e-6
4.831021523158774e-6 ; 3.991137821052797e-6
-3.828977772138626e-6 ; -2.7984386293080252e-6
2.417474746671001e-6 ; 1.611647559856755e-6
-9.689877632647545e-7 ; -6.016417085466207e-7
1.9043965902363797e-7 ; 1.0577756119216877e-7
-5.293798496986637e-7 ; -5.385881903039891e-7
1.9115861360073e-6 ; 1.9490493029878926e-6
-3.77028513108085e-6 ; -3.8479708477527676e-6
5.503840250162037e-6 ; 5.631440406529043e-6
-6.7460658770076016e-6 ; -6.922150913446663e-6
7.427104526302572e-6 ; 7.645573355366782e-6
-7.64232014197191e-6 ; -7.877466051925257e-6
7.544475605744493e-6 ; 7.770615711546452e-6
-7.259935048695615e-6 ; -7.438888563073588e-6
6.8856672644584395e-6 ; 6.915773436098513e-6
-6.473364168273785e-6 ; -6.292922197972611e-6
6.004295480958913e-6 ; 5.5397958240639e-6
-5.452915264761508e-6 ; -4.677559938547356e-6
4.722769973441431e-6 ; 3.6759459010061653e-6
-3.7560490875999594e-6 ; -2.5751036430867657e-6
2.378064950562292e-6 ; 1.486434076891095e-6
-9.545593017996518e-7 ; -5.57330194374444e-7
1.8768015025556232e-7 ; 9.856285692407262e-8
-5.116860132119572e-7 ; -4.95743755573585e-7
1.847572995607044e-6 ; 1.794152007316542e-6
-3.6438441192933718e-6 ; -3.542048076890186e-6
5.318755183739947e-6 ; 5.183908115866786e-6
-6.518436983676189e-6 ; -6.372107913520351e-6
7.175474801976651e-6 ; 7.038037111079519e-6
-7.38262019186823e-6 ; -7.250795024211819e-6
7.287901842938636e-6 ; 7.152255933506979e-6
-7.013995946301671e-6 ; -6.847391135172051e-6
6.656382475941342e-6 ; 6.364722057713265e-6
-6.264410792483418e-6 ; -5.791269122631057e-6
5.8200636236815e-6 ; 5.09636512382445e-6
-5.297736005165378e-6 ; -4.3010943289304665e-6
4.602120924578288e-6 ; 3.376699799840417e-6
-3.6745605612722363e-6 ; -2.3631559760125624e-6
2.334113141381317e-6 ; 1.3679176244842081e-6
-9.38642665081883e-7 ; -5.155147676232605e-7
1.8471068638773885e-7 ; 9.17666839173905e-8
-4.923906673611936e-7 ; -4.550434375908384e-7
1.7777712365488858e-6 ; 1.6470130972825152e-6
-3.5059649554355774e-6 ; -3.251440188466906e-6
5.1169330426318225e-6 ; 4.758784239707216e-6
-6.27022514894885e-6 ; -5.849601200452488e-6
6.901089619520462e-6 ; 6.46090258543063e-6
-7.099405344442085e-6 ; -6.655430768582662e-6
7.0080822663398175e-6 ; 6.564758358938056e-6
-6.745778803512605e-6 ; -6.285416778614199e-6
6.406264412607052e-6 ; 5.841098854003619e-6
-6.03642842693854e-6 ; -5.314567026728728e-6
5.618938600955069e-6 ; 4.674917364049679e-6
-5.128189627445138e-6 ; -3.943253117793401e-6
4.4701225863168074e-6 ; 3.092216067569631e-6
-3.5852893244396834e-6 ; -2.161749012395097e-6
2.286117465706358e-6 ; 1.2556069386226925e-6
-9.214352667069713e-7 ; -4.7601579800510914e-7
1.815641968816526e-7 ; 8.535945130113731e-8
-4.7158389301911635e-7 ; -4.163382207474001e-7
1.702507519043352e-6 ; 1.5070934559040641e-6
-3.3572914994575776e-6 ; -2.975083059585964e-6
4.899316047025279e-6 ; 4.35451202707914e-6
-6.002586962381831e-6 ; -5.352718107015822e-6
6.605223307633268e-6 ; 5.912058519718947e-6
-6.79398034445536e-6 ; -6.089199586623884e-6
6.706297375332841e-6 ; 6.005980899533256e-6
-6.456505355762564e-6 ; -5.750917527349744e-6
6.13643581506493e-6 ; 5.34300216624573e-6
-5.790432024079217e-6 ; -4.861087433548642e-6
5.40180347265335e-6 ; 4.273930512166791e-6
-4.945020446304073e-6 ; -3.6027466567932863e-6
4.3273708219977245e-6 ; 2.821468853310905e-6
-3.4886950574204514e-6 ; -1.970142379931453e-6
2.234401296768391e-6 ; 1.1490616993460337e-6
-9.030742716990083e-7 ; -4.386684385697125e-7
1.782643157574997e-7 ; 7.931359443129409e-8
-4.493014550890554e-7 ; -3.795126824816872e-7
1.621912021293909e-6 ; 1.3739752663274381e-6
-3.198079356747577e-6 ; -2.7121522874764246e-6
4.6662781927797415e-6 ; 3.9698853515267035e-6
-5.715980367704105e-6 ; -4.879977121100723e-6
6.288378235559706e-6 ; 5.389870389434423e-6
-6.466853323455517e-6 ; -5.550421019293218e-6
6.383041211667201e-6 ; 5.4742693645957145e-6
-6.146644534896486e-6 ; -5.242312902674818e-6
5.847317483712816e-6 ; 4.868968411040684e-6
-5.526796853787178e-6 ; -4.42950215021201e-6
5.168975286571822e-6 ; 3.892238726096894e-6
-4.748492052309929e-6 ; -3.2785885986955485e-6
4.174080245455298e-6 ; 2.5636722090990304e-6
-3.3849698177219527e-6 ; -1.787758739414821e-6
2.179140523832143e-6 ; 1.047922061737704e-6
-8.83645950486188e-7 ; -4.0333214992761274e-7
1.7482682088002394e-7 ; 7.360496991623113e-8
-4.2553640256632883e-7 ; -3.4449536390335583e-7
1.535960495365091e-6 ; 1.2473995040041592e-6
-3.0282791703769465e-6 ; -2.462137332773462e-6
4.417747298302193e-6 ; 3.6041572352417425e-6
-5.410314823079075e-6 ; -4.430461387002168e-6
5.950450786247591e-6 ; 4.893328031274618e-6
-6.1179071922118355e-6 ; -5.038060504899531e-6
6.038190630388724e-6 ; 4.968608398996648e-6
-5.816074503603573e-6 ; -4.7586345000758356e-6
5.538779573667747e-6 ; 4.418107393529762e-6
-5.2453964658596165e-6 ; -4.019006817612699e-6
4.920327356716751e-6 ; 3.529142132001506e-6
-4.538491243417495e-6 ; -2.970189318074498e-6
4.0101665921938826e-6 ; 2.318354062367393e-6
-3.2740953050111558e-6 ; -1.6142345474892913e-6
2.1203940853209095e-6 ; 9.519345459919614e-7
-8.631958289300463e-7 ; -3.698988462222786e-7
1.712611603695005e-7 ; 6.821402425417172e-8
-4.0025278534482165e-7 ; -3.1126760896828446e-7
1.444523827599275e-6 ; 1.1272978963809802e-6
-2.8476345843772187e-6 ; -2.2249047616126876e-6
4.153348424408574e-6 ; 3.257132485009433e-6
-5.085127826854893e-6 ; -4.003932770698327e-6
5.5909267025587e-6 ; 4.422171908085783e-6
-5.746601739938869e-6 ; -4.551860102744199e-6
5.671205225966515e-6 ; 4.488750855230502e-6
-5.464274271925134e-6 ; -4.299649996035491e-6
5.210320862560948e-6 ; 3.990218478847962e-6
-4.945766360794725e-6 ; -3.6294270438300053e-6
4.655434584757298e-6 ; 3.184501211475798e-6
-4.314651659632254e-6 ; -2.677436268925585e-6
3.835344678134494e-6 ; 2.085419825471093e-6
-3.1559104821538384e-6 ; -1.4494635182525529e-6
2.058139140786704e-6 ; 8.609738612865115e-7
-8.417400340499094e-7 ; -3.3829962139321075e-7
1.6757211882813974e-7 ; 6.312674136903864e-8
-3.734022812900673e-7 ; -2.798702801452434e-7
1.3474280558916206e-6 ; 1.0138171484087536e-6
-2.6558007391213577e-6 ; -2.0007460573895126e-6
3.872577041184425e-6 ; 2.929237517871437e-6
-4.739797630790456e-6 ; -3.6009175879344583e-6
5.209116015698325e-6 ; 3.976987761954162e-6
-5.352216326453643e-6 ; -4.092436300240195e-6
5.281367103338559e-6 ; 4.035314449207039e-6
-5.090553243662791e-6 ; -3.865955698400882e-6
4.8612834874334135e-6 ; 3.5858772689589408e-6
-4.6272999986045655e-6 ; -3.2612975738614367e-6
4.373747585946678e-6 ; 2.8588072261443736e-6
-4.0765019441175725e-6 ; -2.400753946081756e-6
3.6492457161865395e-6 ; 1.8651998426720362e-6
-3.030192088142807e-6 ; -1.2936289394379248e-6
1.9923121115259066e-6 ; 7.750589564847274e-7
-8.192781978122848e-7 ; -3.085096227437745e-7
1.6376167257682627e-7 ; 5.833531941712408e-8
-3.449433738770867e-7 ; -2.5040675987637615e-7
1.24452369560701e-6 ; 9.073297910329603e-7
-2.4524814191069005e-6 ; -1.790399096156012e-6
3.574999860714861e-6 ; 2.6215518424890582e-6
-4.373790451682549e-6 ; -3.222745411457359e-6
4.80442660548449e-6 ; 3.559249620970903e-6
-4.934133008725486e-6 ; -3.661324587749971e-6
4.868060989386419e-6 ; 3.6098259063545908e-6
-4.694319635338902e-6 ; -3.4590188779582467e-6
4.4911043449646805e-6 ; 3.2064752876868742e-6
-4.289478433634806e-6 ; -2.9158985601129457e-6
4.07479688387243e-6 ; 2.553214497287586e-6
-3.823639576857235e-6 ; -2.1411313754048213e-6
3.4515549368572106e-6 ; 1.6584711370010396e-6
-2.896748713842362e-6 ; -1.147218457341965e-6
1.9228559450132557e-6 ; 6.943603306262641e-7
-7.958080348310963e-7 ; -2.8055025684793354e-7
1.5983105104115902e-7 ; 5.383847403703133e-8
-3.1486303051698596e-7 ; -2.2304072467723074e-7
1.1357639844329073e-6 ; 8.084261372744403e-7
-2.2375835733294768e-6 ; -1.595032211987559e-6
3.2604806485243562e-6 ; 2.3357846807068855e-6
-3.986937886076965e-6 ; -2.871520220198335e-6
4.376670679014103e-6 ; 3.171287791192909e-6
-4.492153398843218e-6 ; -3.2609462424445744e-6
4.431087500879205e-6 ; 3.214688041386412e-6
-4.275380541951564e-6 ; -3.081146195765908e-6
4.099596172611418e-6 ; 2.8541903546721516e-6
-3.932127079743113e-6 ; -2.59522847946898e-6
3.758421317559134e-6 ; 2.2695162800267466e-6
-3.5559253518592623e-6 ; -1.9001015572469402e-6
3.2421655163386153e-6 ; 1.4664411364951574e-6
-2.755525746859479e-6 ; -1.0110130430698926e-6
1.8497723346364248e-6 ; 6.191946889537415e-7
-7.71341238650708e-7 ; -2.5448762428984685e-7
1.5578295852666422e-7 ; 4.964122485797333e-8
-2.831987426435505e-7 ; -1.979867674173183e-7
1.0212845366319746e-6 ; 7.178804320898269e-7
-2.0113749205007413e-6 ; -1.4161773220184143e-6
2.9294110551861493e-6 ; 2.0741772279908008e-6
-3.5797211445178533e-6 ; -2.5500003082908817e-6
3.926379423364045e-6 ; 2.8161561647008745e-6
-4.026824509031493e-6 ; -2.8944710766409376e-6
3.9709856557538635e-6 ; 2.8530440219810958e-6
-3.834251063982082e-6 ; -2.735353679064204e-6
3.687237296505316e-6 ; 2.5318646775428176e-6
-3.555680489185986e-6 ; -2.3018927263905377e-6
3.4250036811626146e-6 ; 2.010045554744549e-6
-3.2736840638253404e-6 ; -1.6796569532825835e-6
3.0213374179448363e-6 ; 1.2906808022305897e-6
-2.606713510006826e-6 ; -8.860416700354464e-7
1.7731752294331236e-6 ; 5.500029207019717e-7
-7.459196446198382e-7 ; -2.3042603835650027e-7
1.5162381733857104e-7 ; 4.5754015283235306e-8
-2.50058780387323e-7 ; -1.754928893603361e-7
9.014764737840446e-7 ; 6.365876228498789e-7
-1.7746284339124487e-6 ; -1.2556048840543126e-6
2.5829218324294206e-6 ; 1.8393196461005113e-6
-3.1535306102474986e-6 ; -2.261373071711095e-6
3.4550898200607552e-6 ; 2.4973830024167664e-6
-3.539735349478091e-6 ; -2.5655593370690317e-6
3.489326140042082e-6 ; 2.528521884972932e-6
-3.3724352072700744e-6 ; -2.4251218343662876e-6
3.2554348109748016e-6 ; 2.2427751444636667e-6
-3.161422774016015e-6 ; -2.0388936232806346e-6
3.075684645416384e-6 ; 1.7774879813411409e-6
-2.977886665738092e-6 ; -1.482090120621786e-6
2.7898415383565772e-6 ; 1.1329985277562063e-6
-2.4508453318056763e-6 ; -7.734958851667175e-7
1.6933392627741886e-6 ; 4.873086356504294e-7
-7.196298169302305e-7 ; -2.0849584230559236e-7
1.4736578696009264e-7 ; 4.2191062771574644e-8
-2.1563647194610282e-7 ; -1.5581474578856607e-7
7.770380297915262e-7 ; 5.654703576451857e-7
-1.5287244303735597e-6 ; -1.1151400412455962e-6
2.223032316688533e-6 ; 1.63388213777113e-6
-2.710849852046647e-6 ; -2.008924299990928e-6
2.965548299765852e-6 ; 2.2186052392273185e-6
-3.033727788635585e-6 ; -2.2779832027398946e-6
2.988919995551728e-6 ; 2.2448600474078137e-6
-2.892625912510725e-6 ; -2.154036816485914e-6
2.8067120661921525e-6 ; 1.99029681248452e-6
-2.7516589420342042e-6 ; -1.8093228473311193e-6
2.7125152343867144e-6 ; 1.574607960312296e-6
-2.6702801293294525e-6 ; -1.3097603321052248e-6
2.549062497803251e-6 ; 9.952554961136057e-7
-2.28886755963483e-6 ; -6.74604764891989e-7
1.6107344565429296e-6 ; 4.31657532560911e-7
-6.926135559984428e-7 ; -1.8883561983504418e-7
1.4302822526777162e-7 ; 3.896795426279204e-8
-1.8021503263071184e-7 ; -1.3918387307965673e-7
6.489919097168311e-7 ; 5.053642433724461e-7
-1.275684702082077e-6 ; -9.964357454419372e-7
1.8527001381215951e-6 ; 1.4602829952620951e-6
-2.2553165182748726e-6 ; -1.79562981217653e-6
2.4617778566550123e-6 ; 1.9831167490045124e-6
-2.512965768714455e-6 ; -2.0351590699736937e-6
2.473886919959293e-6 ; 2.0054444226599474e-6
-2.3987703883820288e-6 ; -1.9253468036455645e-6
2.3447697216943092e-6 ; 1.7774867997677684e-6
-2.3297705874296933e-6 ; -1.6159810547969195e-6
2.338506254812042e-6 ; 1.4039098128786326e-6
-2.3534294828547416e-6 ; -1.1648048992807676e-6
2.301031928769461e-6 ; 8.791372805244984e-7
-2.122162476156955e-6 ; -5.904802584497831e-7
1.5260380347521492e-6 ; 3.8354244794911263e-7
-6.650716665509716e-7 ; -1.71570221442007e-7
1.3863823649423336e-7 ; 3.609867892654516e-8
-1.4415938528308893e-7 ; -1.2577397766441245e-7
5.18655892828379e-7 ; 4.568961310143776e-7
-1.0181146243624174e-6 ; -9.007321541550602e-7
1.4757368253747915e-6 ; 1.3203366606390396e-6
-1.7916187963792674e-6 ; -1.6237226190474675e-6
1.948963726134396e-6 ; 1.7933896532438344e-6
-1.982817031261458e-6 ; -1.8396520306479353e-6
1.949538284239317e-6 ; 1.8128181015002745e-6
-1.8959580654361904e-6 ; -1.7414921450550654e-6
1.8743805668652764e-6 ; 1.6066436250204543e-6
-1.9001197187811604e-6 ; -1.4609750953653633e-6
1.957542519892805e-6 ; 1.267279021234677e-6
-2.0306446931608637e-6 ; -1.0488335200879143e-6
2.048370681688058e-6 ; 7.859120219381568e-7
-1.952509554936018e-6 ; -5.219534486500752e-7
1.4401163473850494e-6 ; 3.433240124687296e-7
-6.3725895835409e-7 ; -1.567875072754617e-7
1.3423003531790234e-7 ; 3.35924884014516e-8
-1.0789490653123004e-7 ; -1.1567124389077931e-7
3.875659861722523e-7 ; 4.203768770925366e-7
-7.590510103098432e-7 ; -8.286445739843947e-7
1.0965849793690265e-6 ; 1.2149434437359913e-6
-1.325221075787265e-6 ; -1.494311210216431e-6
1.4331497158513417e-6 ; 1.6506520687352154e-6
-1.4495384797581512e-6 ; -1.6927386882417636e-6
1.4220655721615831e-6 ; 1.6682486881231448e-6
-1.3901218791840665e-6 ; -1.6036907001249998e-6
1.4011091006845974e-6 ; 1.4789182700016696e-6
-1.467792284047554e-6 ; -1.3453624743466375e-6
1.5741542049703845e-6 ; 1.165665535513401e-6
-1.7057857752945093e-6 ; -9.626584537547473e-7
1.7941346663398816e-6 ; 7.162169376627925e-7
-1.7819814735888237e-6 ; -4.6942996641028775e-7
1.3539751916471069e-6 ; 3.111605519964518e-7
-6.094699889214034e-7 ; -1.4451778514117883e-7
1.2984306241381463e-7 ; 3.145111896623876e-8
-7.18748318768587e-8 ; -1.0885450393554008e-7
2.5735877201209543e-7 ; 3.9572974121025944e-7
-5.017295693464545e-7 ; -7.800219162240291e-7
7.199781878126091e-7 ; 1.1438824802228937e-6
-8.619457367761584e-7 ; -1.4071249311899096e-6
9.207757159712404e-7 ; 1.5546065288321708e-6
-9.197973827212916e-7 ; -1.5941157089612603e-6
8.98066586709234e-7 ; 1.5714399389903373e-6
-8.875842623261527e-7 ; -1.5116615373299142e-6
9.308856131200054e-7 ; 1.3940550844506931e-6
-1.0382088150502093e-6 ; -1.268914554107296e-6
1.1931699294450742e-6 ; 1.0988728902641577e-6
-1.3829671915506299e-6 ; -9.061148677170338e-7
1.541581052733181e-6 ; 6.699161690170109e-7
-1.6127862321900783e-6 ; -4.3279365542954123e-7
1.2686840336489488e-6 ; 2.8696128564474096e-7
-5.820171611829764e-7 ; -1.3472004234190921e-7
1.2551906905318704e-7 ; 2.9666926040442438e-8
-3.6541976118043586e-8 ; -1.0518969381230264e-7
1.2963319594178928e-7 ; 3.824703666560772e-7
-2.4931164865818197e-7 ; -7.539071231514498e-7
3.50541266193986e-7 ; 1.1057538352294964e-6
-4.074814115134938e-7 ; -1.360442766862066e-6
4.1813374955089995e-7 ; 1.5033512118110912e-6
-4.001081148662201e-7 ; -1.5418182874298658e-6
3.8398794832710407e-7 ; 1.5204510865643627e-6
-3.945227957131408e-7 ; -1.4635476219870728e-6
4.6950480499213236e-7 ; 1.3503193121149675e-6
-6.166660016364289e-7 ; -1.2300503279521123e-6
8.193082496819299e-7 ; 1.065499256305951e-6
-1.0662097319701334e-6 ; -8.780106266042543e-7
1.2938928935076874e-6 ; 6.460610162140149e-7
-1.4470810974108354e-6 ; -4.113794793954929e-7
1.1852865519716854e-6 ; 2.7037295489345186e-7
-5.55204801546007e-7 ; -1.2727792627008432e-7
1.2129865800135997e-7 ; 2.8222327709706968e-8
-2.2915427992333287e-9 ; -1.0443972330082579e-7
5.8162643325208106e-9 ; 3.797424188169827e-7
-4.618673330780993e-9 ; -7.486076375463993e-7
-7.598262239345778e-9 ; 1.0980816027038114e-6
3.309493149477179e-8 ; -1.3512201725315248e-6
-6.916066462077682e-8 ; 1.4935202501231632e-6
1.0371520181443551e-7 ; -1.532365459515655e-6
-1.1441661541600459e-7 ; 1.5118406855430419e-6
8.354894644609361e-8 ; -1.4560537027022696e-6
2.2138734451379174e-8 ; 1.344626506557459e-6
-2.078914218684438e-7 ; -1.225954773650609e-6
4.5678092636692256e-7 ; 1.0630429410056665e-6
-7.59102460167506e-7 ; -8.762162063875584e-7
1.0539117205799469e-6 ; 6.429610227628115e-7
-1.286791911550118e-6 ; -4.040214000571669e-7
1.104713709397967e-6 ; 2.608026520698343e-7
-5.293039479451562e-7 ; -1.220062817570807e-7
1.1721791616168867e-7 ; 2.709066584720412e-8
3.055835892113824e-8 ; -1.0628740414480607e-7
-1.129434476610843e-7 ; 3.864003602300665e-7
2.3007847598504938e-7 ; -7.618590339253816e-7
-3.511183932547713e-7 ; 1.1175532519479006e-6
4.556972315867027e-7 ; -1.3753834492040883e-6
-5.365880993239643e-7 ; 1.5206093201223097e-6
5.869932257164612e-7 ; -1.5610972128703795e-6
-5.925163773743919e-7 ; 1.541000250039299e-6
5.421936461687959e-7 ; -1.4847660747386239e-6
-4.0704998486330194e-7 ; 1.3728425495255506e-6
1.8431010905852822e-7 ; -1.2528531632806535e-6
1.0897779854467875e-7 ; 1.0881468220850978e-6
-4.645341795512968e-7 ; -8.978729845605167e-7
8.239251223238894e-7 ; 6.583486994966085e-7
-1.1334695489984876e-6 ; -4.091635853385306e-7
1.0277146996514304e-6 ; 2.5747122995380336e-7
-5.045323244937217e-7 ; -1.1866660812873301e-7
1.1330574021041873e-7 ; 2.6238265201499935e-8
6.178445065769653e-8 ; -1.1036623805299086e-7
-2.2583974917609493e-7 ; 4.011206576681318e-7
4.5318572998337043e-7 ; -7.910449620873452e-7
-6.776871184923115e-7 ; 1.1603414866079402e-6
8.574569948695871e-7 ; -1.428225744837307e-6
-9.80975702022576e-7 ; 1.579413750183444e-6
1.046440575542679e-6 ; -1.6226281707051321e-6
-1.0470599927934457e-6 ; 1.602603306882908e-6
9.782958654524979e-7 ; -1.544582983947005e-6
-8.15138578521388e-7 ; 1.4301874704100562e-6
5.572671405322287e-7 ; -1.3063802735928324e-6
-2.2172085315070037e-7 ; 1.1369273280523516e-6
-1.8453355488176776e-7 ; -9.3967356935128e-7
6.055402831271623e-7 ; 6.896012343300999e-7
-9.88204487702782e-7 ; -4.2501015909438436e-7
9.548159008226122e-7 ; 2.594853285310284e-7
-4.810424597732845e-7 ; -1.1698794936812608e-7
1.0958225255533892e-7 ; 2.5627222620271857e-8
9.126254330277324e-8 ; -1.1629314737640946e-7
-3.324243143406812e-7 ; 4.225199274736872e-7
6.638166513167998e-7 ; -8.334306561759615e-7
-9.86007794853993e-7 ; 1.2224457491472113e-6
1.2367794015561348e-6 ; -1.5048270138916936e-6
-1.4005595308806476e-6 ; 1.6644929507954115e-6
1.4802306111062433e-6 ; -1.7113283904310742e-6
-1.4762397880412614e-6 ; 1.691081189263965e-6
1.3901237783011398e-6 ; -1.630170598930458e-6
-1.2005021326404284e-6 ; 1.5116632101844412e-6
9.09494692195977e-7 ; -1.381971463476603e-6
-5.339916802112686e-7 ; 1.2053228833306654e-6
7.977128426838966e-8 ; -9.98158704743614e-7
3.9965201848075845e-7 ; 7.339753074722096e-7
-8.516052556798836e-7 ; -4.496838137884725e-7
8.8631061878337e-7 ; 2.659136930979017e-7
-4.589187624356311e-7 ; -1.1668904200113014e-7
1.0605841716780302e-7 ; 2.5218366096527893e-8
1.1896066092709416e-7 ; -1.2369756896283918e-7
-4.3258178464921066e-7 ; 4.4926002572132354e-7
8.617430808800539e-7 ; -8.863707821575963e-7
-1.2757467674876263e-6 ; 1.2999963817504665e-6
1.5932540957713928e-6 ; -1.6004282466675311e-6
-1.7948857135476264e-6 ; 1.7705844409616131e-6
1.887892972289669e-6 ; -1.8217521151866703e-6
-1.8795902609583847e-6 ; 1.801047422707306e-6
1.7772318209938711e-6 ; -1.7363697860921581e-6
-1.562722247474651e-6 ; 1.6124352777667092e-6
1.240610724092266e-6 ; -1.4752116298854377e-6
-8.274938559699404e-7 ; 1.2894048427897713e-6
3.2808934159935883e-7 ; -1.069982222921274e-6
2.0649293269162536e-7 ; 7.888166317855605e-7
-7.23832402361216e-7 ; -4.813673323955188e-7
8.222756001992762e-7 ; 2.7585525696463715e-7
-4.3818238569384264e-7 ; -1.1749806975418605e-7
1.0273669890535677e-7 ; 2.497389370480933e-8
1.4492410055428476e-7 ; -1.322436873491886e-7
-5.264758420845143e-7 ; 4.801283094174877e-7
1.0472885665639731e-6 ; -9.474680871414346e-7
-1.547377524738283e-6 ; 1.389486673132508e-6
1.9274635630274475e-6 ; -1.710716850563673e-6
-2.1645985688892375e-6 ; 1.8929194707089196e-6
2.270094289002815e-6 ; -1.94896453519603e-6
-2.257771119063516e-6 ; 1.9276210952674193e-6
2.1402527976600918e-6 ; -1.8585060174798903e-6
-1.902392058411237e-6 ; 1.7281234946481895e-6
1.5511579063075382e-6 ; -1.582101028184628e-6
-1.1027103157627528e-6 ; 1.3856143428515096e-6
5.608314919338346e-7 ; -1.1521128624693012e-6
2.5740412060848557e-8 ; 8.517195409307933e-7
-6.046708855726465e-7 ; -5.184113247634536e-7
7.626060594249077e-7 ; 2.8849092838958575e-7
-4.188014764241352e-7 ; -1.191676751898764e-7
9.961244396584368e-8 ; 2.485937703652499e-8
1.6925667564236427e-7 ; -1.41644405577676e-7
-6.144814604689102e-7 ; 5.140881003784089e-7
1.2211943821981134e-6 ; -1.0146732066349253e-6
-1.8019846426699118e-6 ; 1.4879189148896167e-6
2.2407419240909405e-6 ; -1.8320063560754204e-6
-2.511173765087743e-6 ; 2.0274218470367773e-6
2.6283618786538134e-6 ; -2.0887477020344442e-6
-2.612293813242746e-6 ; 2.066630696734473e-6
2.4806357785497523e-6 ; -1.992584775405319e-6
-2.220870371667187e-6 ; 1.8549853600660936e-6
1.8423788534378103e-6 ; -1.699222951930994e-6
-1.3607475306694014e-6 ; 1.4909117321738395e-6
7.789398855115193e-7 ; -1.241961605936104e-6
-1.4334843629818928e-7 ; 9.206276580615509e-7
-4.936213394414171e-7 ; -5.594021161112213e-7
7.070597950108025e-7 ; 3.0311615507671975e-7
-4.007040641304079e-7 ; -1.2148437494232102e-7
9.66756134149315e-8 ; 2.484501455918255e-8
1.9210148923830267e-7 ; -1.5166770462518942e-7
-6.971154948697232e-7 ; 5.503016407410586e-7
1.3844823282760382e-6 ; -1.0863300369908276e-6
-2.0410631075952146e-6 ; 1.5928707605430399e-6
2.534928132924596e-6 ; -1.9613180220302417e-6
-2.8366453719921733e-6 ; 2.170798179120416e-6
2.9648011955153867e-6 ; -2.2376939520177795e-6
-2.945241947463266e-6 ; 2.214706568006e-6
2.800378171742345e-6 ; -2.1353801547268057e-6
-2.5200303583634824e-6 ; 1.9899991866500413e-6
2.11598639646456e-6 ; -1.8238197593382258e-6
-1.6031308636100494e-6 ; 1.6028443306269448e-6
9.837135902317958e-7 ; -1.3374394171523743e-6
-3.017988763010491e-7 ; 9.938794955911102e-7
-3.89993332277012e-7 ; -6.031923856952417e-7
6.553022461006969e-7 ; 3.1915551723338844e-7
-3.8379121602918207e-7 ; -1.2427274230274396e-7
9.391255145982523e-8 ; 2.4906183609733286e-8
2.1362375314108952e-7 ; -1.621369045364621e-7
-7.749746375029151e-7 ; 5.881310316044471e-7
1.5383320559262704e-6 ; -1.1611775863388572e-6
-2.266338830855769e-6 ; 1.7024979322883835e-6
2.8121451786388436e-6 ; -2.0963841744006884e-6
-3.143361605868386e-6 ; 2.3205415941401886e-6
3.281842910468455e-6 ; -2.3932097898880286e-6
-3.259020937699045e-6 ; 2.369284788938208e-6
3.1017857606771513e-6 ; -2.284438638324913e-6
-2.8020344282366796e-6 ; 2.130867696930739e-6
2.3739577479832915e-6 ; -1.953796213626038e-6
-1.8316211842151133e-6 ; 1.719549448101545e-6
1.1766523322345953e-6 ; -1.4369598245965502e-6
-4.507949498578938e-7 ; 1.070210423464541e-6
-2.9298892886439517e-7 ; -6.489022928843659e-7
6.069468517207819e-7 ; 3.361630827796599e-7
-3.6794881667907156e-7 ; -1.2739544475535294e-7
9.130756836126915e-8 ; 2.5023436887813737e-8
2.339967879048603e-7 ; -1.7292681631858653e-7
-8.48684864679377e-7 ; 6.271243463748759e-7
1.683981134649332e-6 ; -1.2383225314877827e-6
-2.4796224933843498e-6 ; 1.8154940836263633e-6
3.0746203765349474e-6 ; -2.235598839650098e-6
-3.433786138988151e-6 ; 2.4748771325862724e-6
3.5820372910159607e-6 ; -2.553459353689129e-6
-3.556154598121239e-6 ; 2.5285512345474253e-6
3.3872778132415573e-6 ; -2.4380254995146776e-6
-3.069151459950865e-6 ; 2.2759677708482875e-6
2.6183674422256056e-6 ; -2.0876735783242544e-6
-2.0480660628447712e-6 ; 1.839713517964503e-6
1.359329722748845e-6 ; -1.5394041036534973e-6
-5.91579229601141e-7 ; 1.1487250402058139e-6
-2.0177043930666112e-7 ; -6.959005763146352e-7
5.615877587767024e-7 ; 3.5381310019470994e-7
-3.5305711158601785e-7 ; -1.307504691121454e-7
8.884422259509991e-8 ; 2.5182122171649406e-8
2.5339174608411625e-7 ; -1.8395757565077057e-7
-9.188643056115049e-7 ; 6.669933670632032e-7
1.8226515783774165e-6 ; -1.3171952102096782e-6
-2.6827019398974446e-6 ; 1.931026444836814e-6
3.324552850602238e-6 ; -2.377938627798102e-6
-3.710351353575328e-6 ; 2.632674289346476e-6
3.867902121465778e-6 ; -2.7172739177157026e-6
-3.839134513670003e-6 ; 2.6913520688063173e-6
3.659242627784936e-6 ; -2.595039077736149e-6
-3.323621236174689e-6 ; 2.4242700793181335e-6
2.8512633555703207e-6 ; -2.2245161998021928e-6
-2.254289298321122e-6 ; 1.962506726633188e-6
1.5332991222428952e-6 ; -1.6440655825933213e-6
-7.253783852894838e-7 ; 1.2288530228655718e-6
-1.155106949660605e-7 ; -7.43774468706014e-7
5.18824081394986e-7 ; 3.718852952943016e-7
-3.389977834411097e-7 ; -1.342667769946323e-7
8.650627134640642e-8 ; 2.5371791936820094e-8
2.719704898488158e-7 ; -1.9518766640031533e-7
-9.860975473432108e-7 ; 7.075883821860458e-7
1.9554991106611873e-6 ; -1.39749976515223e-6
-2.8772680681207545e-6 ; 2.0486628415938363e-6
3.564022520531967e-6 ; -2.522872905104903e-6
-3.97535782515579e-6 ; 2.7933475984348892e-6
4.141818774089004e-6 ; -2.8840489123544886e-6
-4.110317288232335e-6 ; 2.8570918016721667e-6
3.919939117389276e-6 ; -2.7549130775282766e-6
-3.5675621687439926e-6 ; 2.5752474416972487e-6
3.0745823624563648e-6 ; -2.3638477596389926e-6
-2.452015791698313e-6 ; 2.087508425649702e-6
1.7000296422181669e-6 ; -1.7505860862928533e-6
-8.533526119510158e-7 ; 1.3102987450861625e-6
-3.342715873137166e-8 ; -7.922953819469308e-7
4.782763396871742e-7 ; 3.9024812634658e-7
-3.256587439517511e-7 ; -1.3789936756991954e-7
8.427831391703284e-8 ; 2.558553387992541e-8
2.898813376027082e-7 ; -2.0660696170275476e-7
-1.0509202588347412e-6 ; 7.488730850964913e-7
2.083582731820257e-6 ; -1.4791645684521618e-6
-3.0648702515241896e-6 ; 2.168299252189577e-6
3.7949352009726755e-6 ; -2.670274787662504e-6
-4.230913522766757e-6 ; 2.9567582920687474e-6
4.405969197258341e-6 ; -3.053642208591904e-6
-4.3718621252072615e-6 ; 3.0256327243341024e-6
4.171436931840724e-6 ; -2.917520285522466e-6
-3.802915099522288e-6 ; 2.7287845791293776e-6
3.290098922603568e-6 ; -2.5055688488564755e-6
-2.6428257306452073e-6 ; 2.2146337475006766e-6
1.8608671083306878e-6 ; -1.8588934195993887e-6
-9.76564809828205e-7 ; 1.3929917157076365e-6
4.519734715261688e-8 ; -8.413851343545399e-7
4.3959642240198753e-7 ; 4.088423001013218e-7
-3.12937033535637e-7 ; -1.416244181989122e-7
8.214618074674213e-8 ; 2.5819312283041484e-8
3.0725681579217555e-7 ; -2.1823060640915166e-7
-1.1138110858822351e-6 ; 7.909024417896561e-7
2.2078487232439587e-6 ; -1.562298374947326e-6
-3.2468929712270512e-6 ; 2.2900955457921932e-6
4.018993898398884e-6 ; -2.820341971077246e-6
-4.478902106747153e-6 ; 3.123126617461753e-6
4.662303147934876e-6 ; -3.226283240399661e-6
-4.625698436645063e-6 ; 3.1972049156476895e-6
4.415585425963307e-6 ; -3.083086307712631e-6
-4.031414205928536e-6 ; 2.885097187715216e-6
3.499398468941643e-6 ; -2.6498830134362346e-6
-2.8281308813102595e-6 ; 2.3440677351698226e-6
2.017013869098855e-6 ; -1.9691452318420704e-6
-1.0959646917123637e-6 ; 1.4770420434005426e-6
1.210040425355597e-7 ; -8.910855534880904e-7
4.0247264074268227e-7 ; 4.276659121797752e-7
-3.0074028537250604e-7 ; -1.4543489941616863e-7
8.0097129306883e-8 ; 2.6071373314296335e-8
3.2421296399701487e-7 ; -2.300936923339995e-7
-1.1751891058844912e-6 ; 8.338035258090891e-7
2.3291255529017265e-6 ; -1.6471525512482412e-6
-3.4245482727331953e-6 ; 2.4144203962210565e-6
4.237689427537851e-6 ; -2.973529155443735e-6
-4.720972434480557e-6 ; 3.2929572612533784e-6
4.912527220573913e-6 ; -3.402495925760999e-6
-4.873514880826112e-6 ; 3.3723300734801246e-6
4.654003053195331e-6 ; -3.2521166747852816e-6
-4.2545769922948965e-6 ; 3.0446636280144894e-6
3.7038681932022977e-6 ; -2.79723438474082e-6
-3.009166351627735e-6 ; 2.4762098218605415e-6
2.1695217745546488e-6 ; -2.0816817159486944e-6
-1.2123833199861786e-6 ; 1.5627028873060166e-6
1.9455467935753116e-7 ; -9.415327868529515e-7
3.666313400449486e-7 ; 4.467618557094954e-7
-2.88987181221151e-7 ; -1.493368517789609e-7
7.811990423342331e-8 ; 2.6341739400275423e-8
3.408494089846614e-7 ; -2.4224717955111434e-7
-1.235414142352089e-6 ; 8.777607327009455e-7
2.448124586392986e-6 ; -1.7340917197970455e-6
-3.5988769043356453e-6 ; 2.541808174990769e-6
4.452301911279854e-6 ; -3.1304948518521156e-6
-4.958540314580158e-6 ; 3.466980366176261e-6
5.158106762430105e-6 ; -3.583037482225726e-6
-5.1167613269359405e-6 ; 3.5517609018438214e-6
4.888079276987538e-6 ; -3.4253387443773167e-6
-4.4737061152020465e-6 ; 3.208170423383154e-6
3.904698701725331e-6 ; -2.9482578951495403e-6
-3.1869920717093294e-6 ; 2.6116294984701475e-6
2.3192934559483072e-6 ; -2.19698782551865e-6
-1.3265342432623629e-6 ; 1.6503404175815587e-6
2.6633254501857464e-7 ; -9.929366661215133e-7
3.3183630704528655e-7 ; 4.6620766175608234e-7
-2.776072589523551e-7 ; -1.5334637150121954e-7
7.620470995741456e-8 ; 2.6631798887205405e-8
3.5725006349102565e-7 ; -2.5475461097117295e-7
-1.2947892404433292e-6 ; 9.230039716773562e-7
2.5654449188290595e-6 ; -1.823570516631359e-6
-3.7707553251516985e-6 ; 2.672925101454919e-6
4.66390936539131e-6 ; -3.292059915646252e-6
-5.192797981526163e-6 ; 3.6461058330000246e-6
5.400275677015535e-6 ; -3.7688512553806413e-6
-5.356658528988696e-6 ; 3.7364345607055873e-6
5.118983785646669e-6 ; -3.6036572183543964e-6
-4.68989799757371e-6 ; 3.3764706181843433e-6
4.102891826927562e-6 ; -3.1037413072332344e-6
-3.3624997274471855e-6 ; 2.751032536715518e-6
2.4670882367281143e-6 ; -2.315664500951149e-6
-1.4390183140297538e-6 ; 1.7404108972174136e-6
3.367460051997889e-7 ; -1.0455648662538041e-6
2.978869239518239e-7 ; 4.861076469374109e-7
-2.665403487489504e-7 ; -1.5748726838143678e-7
7.434313298732771e-8 ; 2.6943986064447824e-8
3.7348403761922805e-7 ; -2.6768990233419537e-7
-1.3535639567171828e-6 ; 9.698006516876954e-7
2.6815798672575736e-6 ; -1.91611766614816e-6
-3.940905144577298e-6 ; 2.8085458344893033e-6
4.873399213213448e-6 ; -3.459178616748391e-6
-5.424726714256895e-6 ; 3.831391178457462e-6
5.640049388655496e-6 ; -3.96103329535649e-6
-5.594210852279858e-6 ; 3.927439486522236e-6
5.347678577791412e-6 ; -3.788122300900335e-6
-4.904054107657411e-6 ; 3.5505538712685526e-6
4.299270853748795e-6 ; -3.264597897381843e-6
-3.5364218393304723e-6 ; 2.8952366578951916e-6
2.613529874346901e-6 ; -2.438407916533528e-6
-1.5503299890199142e-6 ; 1.8334440819897404e-6
4.0613311640014564e-7 ; -1.0997313068426981e-6
2.6461577184523375e-7 ; 5.065870983954841e-7
-2.5573584153198215e-7 ; -1.6178931673802852e-7
7.252804107780415e-8 ; 2.7281540845224705e-8
3.896064405799771e-7 ; -2.8113566196979864e-7
-1.4119372748783504e-6 ; 1.0184496475714671e-6
2.796922797381887e-6 ; -2.012324122784621e-6
-4.109901728632185e-6 ; 2.9495362562946265e-6
5.081478975138991e-6 ; -3.6329176409289927e-6
-5.655108761630448e-6 ; 4.024018515314188e-6
5.878237292352717e-6 ; -4.1608087199173375e-6
-5.8302186420002975e-6 ; 4.125992195322619e-6
5.574929797809538e-6 ; -3.9799076566743556e-6
-5.116892060292137e-6 ; 3.731525906864031e-6
4.494490601644398e-6 ; -3.43184780407285e-6
-3.709340722402345e-6 ; 3.045154986471607e-6
2.759114208916343e-6 ; -2.5659953961192274e-6
-1.6608635968049269e-6 ; 1.930031901328392e-6
4.747662952321926e-7 ; -1.1557881081316235e-6
2.3188616663453632e-7 ; 5.277881676013145e-7
-2.451519293963188e-7 ; -1.662870039892134e-7
7.07534779692937e-8 ; 2.7648335323501925e-8
4.0565909899293014e-7 ; -2.9518233687572553e-7
-1.470060176967561e-6 ; 1.0692781913323343e-6
2.9117721809165914e-6 ; -2.112836844295623e-6
-4.278181550703805e-6 ; 3.09684423393904e-6
5.288685265162186e-6 ; -3.814444549721028e-6
-5.884537252672904e-6 ; 4.225281597081987e-6
6.115453004395464e-6 ; -4.369518110828337e-6
-6.0652883331386696e-6 ; 4.333423688549914e-6
5.801317351243265e-6 ; -4.180297325950979e-6
-5.328954614071652e-6 ; 3.920596192552721e-6
4.6890455649290215e-6 ; -3.606606788376416e-6
-3.881695715437827e-6 ; 3.20178603878298e-6
2.9042153459064736e-6 ; -2.699276856900316e-6
-1.7709184982878233e-6 ; 2.03082147913301e-6
5.428563373154685e-7 ; -1.2141204498022051e-6
1.9958995994950478e-7 ; 5.498671542195953e-7
-2.3475491325976377e-7 ; -1.7101868323836083e-7
6.901456635385291e-8 ; 2.8048754573057404e-8
4.2167107115959563e-7 ; -3.099275908888127e-7
-1.5280374830912686e-6 ; 1.1226396783365624e-6
3.0263352114013366e-6 ; -2.2183545650506382e-6
-4.446047419042337e-6 ; 3.2514936260762953e-6
5.495390134116212e-6 ; -4.005020643099921e-6
-6.11342310135912e-6 ; 4.436578167132768e-6
6.352121414561799e-6 ; -4.588609798084589e-6
-6.299839294654666e-6 ; 4.551172006291557e-6
6.027241285140082e-6 ; -4.390678767806832e-6
-5.540615549846157e-6 ; 4.1190715256186475e-6
4.883275122094177e-6 ; -3.7900804992246294e-6
-4.053787748841009e-6 ; 3.3662086762080747e-6
3.0490895468307396e-6 ; -2.839170515232827e-6
-1.880702475094748e-6 ; 2.136511531951648e-6
6.105553446692618e-7 ; -1.2751437005681956e-6
1.6764581164443457e-7 ; 5.729928804701012e-7
-2.245186366658176e-7 ; -1.7602604336658687e-7
6.730742688082358e-8 ; 2.8487620132466842e-8
4.3765870207416347e-7 ; -3.254763122682566e-7
-1.5859280542272702e-6 ; 1.1789136238995291e-6
3.1407282495910936e-6 ; -2.3296275464704784e-6
-4.613669185602645e-6 ; 3.4145836958861347e-6
5.701802033842979e-6 ; -4.205999990534064e-6
-6.3419961794457556e-6 ; 4.659408665847989e-6
6.588480036157116e-6 ; -4.819638334767945e-6
-6.53410523125161e-6 ; 4.7807806130484875e-6
6.252923101969374e-6 ; -4.612541291405358e-6
-5.752080917509714e-6 ; 4.328354541284444e-6
5.077364576871382e-6 ; -3.9835631604120845e-6
-4.225780251663111e-6 ; 3.539580951762099e-6
3.1938760428227923e-6 ; -2.986661884797276e-6
-1.9903327750582714e-6 ; 2.247851352793076e-6
6.779582173935647e-7 ; -1.3393022790482507e-6
1.359980834118256e-7 ; 5.973458960354925e-7
-2.1442408625835093e-7 ; -1.81353821010604e-7
6.562911840981152e-8 ; 2.8970146029608673e-8
4.5362547924828693e-7 ; -3.419405893852898e-7
-1.643744245226254e-6 ; 1.2385056851432274e-6
3.2549756958436133e-6 ; -2.447457821755078e-6
-4.781081967467257e-6 ; 3.587289742510352e-6
5.907963446168979e-6 ; -4.418830481761061e-6
-6.570302472532998e-6 ; 4.895377627104838e-6
6.824575875233083e-6 ; -5.064266106030603e-6
-6.768130861778859e-6 ; 5.023900129204619e-6
6.478402306116038e-6 ; -4.847477853187287e-6
-5.9633856438132245e-6 ; 4.549945477094565e-6
5.271341823987738e-6 ; -4.188439292527715e-6
-4.397696083096804e-6 ; 3.7231416922180017e-6
3.338594425486064e-6 ; -3.142805121454179e-6
-2.0998345111069927e-6 ; 2.365641656509307e-6
7.45102511535527e-7 ; -1.4070697732684285e-6
1.0461644128793024e-7 ; 6.231182917457917e-7
-2.0445918277905063e-7 ; -1.8704969089036513e-7
6.397760258196723e-8 ; 2.9501918895233303e-8