-5.7993831430464295e-9 ; -5.918418039436573e-9
8.642217166248518e-9 ; 1.1164301636320609e-8
-1.0462280040446481e-8 ; -1.2008810973760906e-8
7.511184706383326e-9 ; 1.4039173594012385e-8
-4.194961463629204e-9 ; -1.4396878931225786e-8
1.2104375506124822e-8 ; 6.094701836148009e-9
-7.608951490251041e-9 ; -9.14862717910864e-9
3.500326389089627e-9 ; 6.251169960336876e-9
-7.51531845637987e-9 ; -3.043056673922194e-9
1.4982429726857906e-10 ; 7.3317518935213e-9
-8.915388192368384e-9 ; 4.029181039778857e-9
1.4269230921987952e-8 ; -5.479102231212731e-9
-1.662177417069311e-8 ; 6.937674845891329e-9
1.418769581424884e-8 ; -3.797719712032929e-9
-1.0645446989160518e-8 ; 1.928864698274068e-9
1.584994164012474e-8 ; -1.1622697462522988e-8
-1.1631698423137682e-8 ; 5.3294951239733294e-9
5.226019174849116e-9 ; -7.391023017263163e-9
-1.0441091634187418e-8 ; 9.267563097017842e-9
4.817156037750714e-9 ; 4.2558141810631165e-9
5.070431904811396e-9 ; 6.6861264945782414e-9
-9.262517906364291e-9 ; -9.971027972886662e-9
1.0135955769170745e-8 ; 1.196825265199096e-8
-1.1331150809886104e-8 ; -8.57948946313859e-9
1.3120657358757675e-8 ; 6.134509348214546e-9
-9.251855033358957e-9 ; -1.5427161280882784e-8
1.0105627764579158e-8 ; 7.788816403223317e-9
-1.6512573997041837e-8 ; -8.91282013178255e-9
5.2070787660620345e-9 ; 1.4019857982519535e-8
2.9602754732027676e-9 ; 4.599475866920502e-10
1.0190088618968698e-8 ; -8.063597149521339e-9
-1.787214495827121e-8 ; 1.528611316484553e-8
1.987940586704964e-8 ; -1.661185872590108e-8
-2.0568140728790216e-8 ; 1.9724334351733104e-8
2.1608995616011266e-8 ; -2.1019024352088937e-8
-1.788800435358833e-8 ; 1.0727548903556268e-8
1.7168776846212134e-8 ; -1.7498596181477276e-8
-2.4235835907548458e-8 ; 1.504367491990133e-8
1.2346178567931876e-8 ; 1.975803834587738e-9
1.111156279427941e-9 ; 9.374822372937965e-10
-2.720626118919189e-9 ; -1.9978801510435645e-8
4.640299129737101e-9 ; 3.58098941004332e-8
-5.478494799970297e-9 ; -3.976612343833052e-8
5.503487834546853e-9 ; 4.29084795116197e-8
-4.041772647584918e-9 ; -4.338902278995374e-8
4.770527894403535e-9 ; 3.138439041135089e-8
-6.861637659267508e-9 ; -3.798522151306988e-8
-4.172306785385342e-9 ; 3.4462773963247475e-8
6.176153418382848e-9 ; -7.446176004791154e-9
1.3660891965366714e-9 ; 1.7530590270390127e-9
-1.7743131881040524e-8 ; -1.3889475893621919e-8
3.076174811781757e-8 ; 2.497972080768607e-8
-3.492837796220516e-8 ; -2.7646664572130252e-8
3.561613419823199e-8 ; 2.9967472302209416e-8
-3.354758128058715e-8 ; -3.0347573451791487e-8
3.123281783896841e-8 ; 2.1001383024358044e-8
-3.443517807262537e-8 ; -2.6038050528669722e-8
1.8731074033843024e-8 ; 2.546243186586281e-8
-1.6238597074753043e-9 ; -6.250128436061186e-9
2.020776084785254e-9 ; 1.3700408640005627e-9