1.4237456895701214e-6 ; -1.1045692015942e-6
-5.150003399932014e-6 ; 3.999276983697072e-6
0.000010173866349111798 ; -7.908556777691834e-6
-0.000014870846486344974 ; 0.000011581138728916275
0.00001823251558503707 ; -0.000014239533178491047
-0.000020037556927162683 ; 0.000015719954580481317
0.000020486414547639875 ; -0.000016179826614682155
-0.00001992447658146893 ; 0.000015906743079258173
0.000018660547598263976 ; -0.000015148273726741668
-0.00001688503381318261 ; 0.00001403236093896599
0.000014776658664200073 ; -0.000012707660625470418
-0.000012396489272194738 ; 0.000011151744922874304
9.843853804191388e-6 ; -9.384213424783709e-6
-7.228111176132297e-6 ; 7.4023512531309646e-6
4.6883501392893705e-6 ; -5.257776912143085e-6
-2.4802155536900227e-6 ; 3.146415880822084e-6
9.190524695948664e-7 ; -1.3939247244625933e-6
-1.8130955871199627e-7 ; 3.4720301642554577e-7
1.3813476842962394e-6 ; -1.1445178129498052e-6
-4.996536266384529e-6 ; 4.143913136763948e-6
9.870523887429545e-6 ; -8.194557348158275e-6
-0.00001442690044742926 ; 0.00001199992397935048
0.000017687114058109957 ; -0.00001475440303505378
-0.00001943613096488464 ; 0.000016288293508123266
0.000019868385838796148 ; -0.000016764714116774138
-0.000019318137502572375 ; 0.00001648169172515631
0.000018084600002429812 ; -0.00001569578694476595
-0.000016353181448803296 ; 0.00001453959026200846
0.000014296456800995244 ; -0.000013167231983913466
-0.000011976059839505548 ; 0.000011555473303672519
9.489971813189808e-6 ; -9.72461252765244e-6
-6.947239835286531e-6 ; 7.67166151825097e-6
4.484966168065216e-6 ; -5.449809027336594e-6
-2.352910975744038e-6 ; 3.2616948488673444e-6
8.575168473505172e-7 ; -1.4448183480813418e-6
-1.6423576734635123e-7 ; 3.597228961823837e-7
1.3338531167604942e-6 ; -1.1789750420739487e-6
-4.824618861183391e-6 ; 4.2686695543475865e-6
9.530703565124665e-6 ; -8.441254909108122e-6
-0.000013929552300725216 ; 0.000012361172051970145
0.000017076078472046824 ; -0.000015198558470205808
-0.000018762287365189798 ; 0.000016778612357599507
0.000019175877552059193 ; -0.00001726936811337046
-0.000018638650001952165 ; 0.00001697785120920551
0.00001743908350866814 ; -0.00001616837882529065
-0.000015756988296999864 ; 0.000014977550046624765
0.000013758090893671808 ; -0.000013564204398401612
-0.000011504669001396605 ; 0.000011904384316735208
9.093232059676638e-6 ; -0.000010018944007532925
-6.632491835841554e-6 ; 7.904588394850201e-6
4.257309481030826e-6 ; -5.615788670617321e-6
-2.210745586642258e-6 ; 3.3609998129433557e-6
7.890706921269236e-7 ; -1.4882147338070083e-6
-1.4532951079753704e-7 ; 3.702170260563346e-7
1.2823259570189988e-6 ; -1.2068113329650296e-6
-4.6381031517627386e-6 ; 4.3694570128436674e-6
9.162021184313536e-6 ; -8.640564626100888e-6
-0.000013389952025309164 ; 0.000012653046807927882
0.000016413113917055005 ; -0.00001555745179315538
-0.00001803114955593592 ; 0.00001717485916912133
0.00001842444510081084 ; -0.000017677278891424895
-0.000017901293774381046 ; 0.000017379005820193574
0.000016738534001460602 ; -0.000016550625589849098
-0.000015109900669936799 ; 0.000015331974189982043
0.000013173722205282052 ; -0.000013885679301279027
-0.000010992976308751389 ; 0.000012187175480960199
8.662601974033493e-6 ; -0.00001025770287035493
-6.290954260604093e-6 ; 8.093621630389508e-6
4.010449372259591e-6 ; -5.750341355102348e-6
-2.056808528801191e-6 ; 3.4410481157310275e-6
7.151377950034835e-7 ; -1.522590774753594e-6
-1.2496617258952752e-7 ; 3.7828110941034566e-7
1.2281496944652945e-6 ; -1.2271725430385609e-6
-4.4419978586880665e-6 ; 4.443183385672303e-6
8.774379574214719e-6 ; -8.786373044294284e-6
-0.000012822597873116798 ; 0.000012866598328057095
0.000015716040950522643 ; -0.00001582008295412397
-0.000017262382217029814 ; 0.000017464896816020356
0.00001763431483632241 ; -0.0000179759634836923
-0.000017125936600110266 ; 0.000017672895359324906
0.000016001851957345978 ; -0.00001683086662645748
-0.000014429402337884951 ; 0.000015592077955608984
0.000012559163378648654 ; -0.000014121907131681651
-0.00001045484172045578 ; 0.000012395304883679025
8.209741271487176e-6 ; -0.00001043370690089186
-5.93184196261219e-6 ; 8.233087042476556e-6
3.7509773798376173e-6 ; -5.849406002850517e-6
-1.895117026380787e-6 ; 3.4993570175229456e-6
6.375700830139527e-7 ; -1.5467909302071935e-6
-1.0363397429470388e-7 ; 3.8360720834816846e-7
1.172933144521605e-6 ; -1.2395850334902923e-6
-4.2421274570657505e-6 ; 4.488134117603865e-6
8.37929441852254e-6 ; -8.875290356360687e-6
-0.000012244349389786768 ; 0.000012996864309546375
0.000015005582501706236 ; -0.00001598035337894531
-0.000016478852703905326 ; 0.000017641996997134376
0.00001682900725389523 ; -0.000018158502406734153
-0.000016335681960711082 ; 0.000017852724710836194
0.000015251015901234641 ; -0.000017002640636675264
-0.000013735824350538474 ; 0.000015751886559688877
0.00001193280198017679 ; -0.000014267489004528206
-9.906381990372318e-6 ; 0.000012524044539369364
7.748208046634304e-6 ; -0.000010542982882972235
-5.5658700503233226e-6 ; 8.319846986129358e-6
3.486558362701815e-6 ; -5.910736056265984e-6
-1.7303428479630494e-6 ; 3.5345490778832273e-6
5.585217407074773e-7 ; -1.5601678463538185e-6
-8.19009414877381e-8 ; 3.8602071342904363e-7
1.1183779309058754e-6 ; -1.2440196987684924e-6
-4.044652410672488e-6 ; 4.504204030297165e-6
7.988945676965407e-6 ; -8.907108695798667e-6
-0.000011673038617592493 ; 0.000013043541014895102
0.000014303656787950357 ; -0.000016037890645896667
-0.000015704747264385018 ; 0.000017705750230859564
0.000016033399321727523 ; -0.000018224475611462114
-0.00001555496563345026 ; 0.000017918083171280335
0.000014509271595697563 ; -0.000017065560194343523
-0.000013050669819303742 ; 0.000015811044153612158
0.000011314085315131643 ; -0.000014322108388639805
-9.36464245625464e-6 ; 0.000012573121729726588
7.292341284315375e-6 ; -0.000010585306158843641
-5.20437060643554e-6 ; 8.353726811176673e-6
3.2252985975711286e-6 ; -5.934204548785674e-6
-1.5674272530471502e-6 ; 3.5465380558006383e-6
4.802719746766149e-7 ; -1.5626679435137502e-6
-6.036836736458755e-8 ; 3.855028622753037e-7
1.0661290587122766e-6 ; -1.24090025674043e-6
-3.855528200421054e-6 ; 4.492927342041129e-6
7.61510802700732e-6 ; -8.884861488191881e-6
-0.000011125904224945551 ; 0.000013011070181047253
0.000013631452641647507 ; -0.000015998155333587306
-0.000014963447213910934 ; 0.000017662183796477913
0.000015271539980743438 ; -0.00001818008379729784
-0.000014807409890494599 ; 0.000017875063625400295
0.0000137990906768643 ; -0.000017025425156266625
-0.000012394725469981735 ; 0.00001577491870203579
0.000010721812406363214 ; -0.000014290626007645207
-8.846099818002538e-6 ; 0.000012546802182320229
6.8560011918620134e-6 ; -0.000010564270610525407
-4.858297036613747e-6 ; 8.337570176334444e-6
2.9750334940420413e-6 ; -5.921843652608404e-6
-1.4111469547662963e-6 ; 3.536552982727229e-6
4.050252242791531e-7 ; -1.554842462514027e-6
-3.96183353713399e-8 ; 3.8219367749737945e-7
1.0176351874654377e-6 ; -1.2310538841228305e-6
-3.679999454406395e-6 ; 4.457298959792407e-6
7.268150678036651e-6 ; -8.814470119609238e-6
-0.000010618127143418024 ; 0.000012908121739437984
0.000013007629528267161 ; -0.000015871805223660744
-0.00001427554261371807 ; 0.000017523060171474582
0.000014564607007227192 ; -0.00001803742678168325
-0.000014113816493983627 ; 0.000017735553686144506
0.000013140261268870013 ; -0.0000168935483267611
-0.000011786295280947863 ; 0.00001565397809955556
0.00001017253635457034 ; -0.000014182515617751369
-8.365261672867994e-6 ; 0.000012453395477392507
6.451390933839057e-6 ; -0.000010486872552946562
-4.53729275801807e-6 ; 8.276910165595017e-6
2.742661349291872e-6 ; -5.877609363264646e-6
-1.265708147846123e-6 ; 3.50699471169415e-6
3.347243089788116e-7 ; -1.5377813396748207e-6
-2.0164619931321742e-8 ; 3.763746235430606e-7
9.740422139904371e-7 ; -1.2156156139723653e-6
-3.5222146854491605e-6 ; 4.401428376736281e-6
6.956275690534971e-6 ; -8.70405964823095e-6
-0.000010161715458811577 ; 0.00001274659199966207
0.000012446946949276988 ; -0.00001567346392862123
-0.000013657319879303365 ; 0.000017304518247304692
0.000013929351492432873 ; -0.000017813105844818648
-0.000013490638797952763 ; 0.00001751586276046077
0.000012548434469471878 ; -0.000016685449352100946
-0.000011239855949824633 ; 0.000015462581835007337
9.679348237515798e-6 ; -0.000014010771178820973
-7.933600531273078e-6 ; 0.000012304297099285677
6.088159784710887e-6 ; -0.000010362704804556357
-4.248982322622977e-6 ; 8.179332296340135e-6
2.533636249975517e-6 ; -5.806925758625731e-6
-1.1344375397928478e-6 ; 3.461158114145103e-6
2.709082709438529e-7 ; -1.5129851798526097e-6
-2.4153077666378613e-9 ; 3.6843497967551686e-7
9.361346586813832e-7 ; -1.195907265049698e-6
-3.385014058159868e-6 ; 4.330101355038787e-6
6.685098330817299e-6 ; -8.56309218141711e-6
-9.764889937739583e-6 ; 0.000012540334869389676
0.000011959509044044159 ; -0.000015420161377435816
-0.000013119928068829392 ; 0.000017025352461319923
0.000013377240250411746 ; -0.00001752645369227418
-0.000012949139285486545 ; 0.000017234983385025772
0.000012034322786666533 ; -0.000016419200732894817
-0.00001076531543935414 ; 0.000015217450902250543
9.2512063861251e-6 ; -0.000013790523045865932
-7.558965877763972e-6 ; 0.000012112775465907149
5.772908456674442e-6 ; -0.000010202936232628453
-3.9985804097533915e-6 ; 8.05366798545274e-6
2.351688395764912e-6 ; -5.716107974082178e-6
-1.0196120028718862e-6 ; 3.402880343330525e-6
2.146340947591118e-7 ; -1.4822031463428937e-6
1.3347814423259618e-8 ; 3.5882921938307697e-7
9.043267969139353e-7 ; -1.1733143105846385e-6
-3.2698972868840397e-6 ; 4.24833415310017e-6
6.457583663631945e-6 ; -8.401485530915836e-6
-9.431991245437826e-6 ; 0.000012303871526712688
0.00001155065060112965 ; -0.000015129747810599042
-0.000012669253121764915 ; 0.00001670526267311178
0.00001291432657285541 ; -0.000017197734325428435
-0.000012495262674885296 ; 0.000016912822996995833
0.000011603579379403954 ; -0.000016113745690763508
-0.000010367901402560744 ; 0.000014936111720442753
8.892835343132406e-6 ; -0.000013537630640785911
-7.245495605715382e-6 ; 0.000011892738375396204
5.5091145510529305e-6 ; -0.000010019274006295047
-3.788832871840062e-6 ; 7.909174362219902e-6
2.1987819910891617e-6 ; -5.611775421626562e-6
-9.224330427771357e-7 ; 3.3361831295171704e-6
1.6646518030210234e-7 ; -1.4472680626354624e-6
2.69723330482295e-8 ; 3.480335987708911e-7
8.786952364788265e-7 ; -1.1491801449256674e-6
-3.177141536631076e-6 ; 4.16099073278596e-6
6.27427962035646e-6 ; -8.228856397327814e-6
-9.163821057991072e-6 ; 0.00001205128241054961
0.000011221356204274127 ; -0.000014819531876660976
-0.000012306380225219298 ; 0.000016363351330799833
0.000012541725791894349 ; -0.000016846597309531955
-0.000012130103033129838 ; 0.000016568685626876757
0.00001125724232566668 ; -0.000015787453791635995
-0.00001004857227844185 ; 0.0000146355600823165
8.605097496577812e-6 ; -0.000013267474114068242
-6.993941750181452e-6 ; 0.000011657673929609301
5.297406532562555e-6 ; -9.823072672589242e-6
-3.6202332281504457e-6 ; 7.754830147972483e-6
2.0752702051915727e-6 ; -5.500348062974672e-6
-8.4312142076162e-7 ; 3.2649656702815553e-6
1.265152439168475e-7 ; -1.4099547766500596e-6
3.8423685725697995e-8 ; 3.3650878392430445e-7
8.590380991633358e-7 ; -1.124729397225884e-6
-3.1060156770109102e-6 ; 4.07250511231116e-6
6.133740652535449e-6 ; -8.05397143172124e-6
-8.958262334626547e-6 ; 0.000011795403518530752
0.000010969022661458757 ; -0.000014505292730865138
-0.000012028435124241226 ; 0.000016017033301679776
0.000012256480705428805 ; -0.00001649095652263028
-0.00001185075389815153 ; 0.00001622017058104739
0.00001099254328411557 ; -0.00001545707326375462
-9.80476547423418e-6 ; 0.000014331292180236528
8.385669580605161e-6 ; -0.000012994077995138584
-6.802263423449561e-6 ; 0.00001141988252185604
5.136062468277456e-6 ; -9.624688142012483e-6
-3.4914167856712752e-6 ; 7.598825127514408e-6
1.9801772172716616e-6 ; -5.387681202597116e-6
-7.810893050831928e-7 ; 3.192781926806067e-6
9.45280621196703e-8 ; -1.3718773728557688e-6
4.7764146028687646e-8 ; 3.2467261123076164e-7
8.44945174118501e-7 ; -1.1010234183041515e-6
-3.0550342255807905e-6 ; 3.986720194458469e-6
6.033029764469383e-6 ; -7.884428599844747e-6
-8.811014205611286e-6 ; 0.000011547359884794665
0.000010788362148859609 ; -0.000014200706587756282
-0.00001182958054830044 ; 0.000015681403049136297
0.000012052586374890562 ; -0.000016146339375443703
-0.000011651314793047986 ; 0.00001588253331172743
0.000010803864802848937 ; -0.00001513712302416974
-9.63128286811758e-6 ; 0.000014036742503186514
8.229843255471952e-6 ; -0.000012729602826047675
-6.666328362387213e-6 ; 0.000011190031435138766
5.02160002357299e-6 ; -9.433103117297757e-6
-3.3996268144494637e-6 ; 7.44826418000676e-6
1.9115317944254703e-6 ; -5.278853804198571e-6
-7.351439277008073e-7 ; 3.1227114911489453e-6
6.997190940188982e-8 ; -1.3344294895612733e-6
5.512782059935294e-8 ; 3.1288412081717096e-7
8.358655612087251e-7 ; -1.0789444491949056e-6
-3.0222022613792714e-6 ; 3.906830433559577e-6
5.968202801354105e-6 ; -7.72654386521658e-6
-8.716301074804162e-6 ; 0.000011316399660887579
0.000010672273886694596 ; -0.000013917142755844029
-0.000011701978134037725 ; 0.000015369009496159035
0.000011921979554540596 ; -0.00001582565534689766
-0.000011523863079456637 ; 0.00001556845812877656
0.000010683664728599258 ; -0.00001483967642072649
-9.52114581508659e-6 ; 0.000013763084080394948
8.13129812644424e-6 ; -0.000012484164426166848
-6.580590237009756e-6 ; 0.0000109769965904778
4.949345990477977e-6 ; -9.255794066934484e-6
-3.3411644969941713e-6 ; 7.30906219865685e-6
1.866689259367329e-6 ; -5.17809338273061e-6
-7.036842981594774e-7 ; 3.0573137278035466e-6
5.213103122046521e-8 ; -1.2987630631886566e-6
6.069625158786894e-8 ; 3.0143768358243033e-7
8.311643753030157e-7 ; -1.059201026987909e-6
-3.00522067987935e-6 ; 3.835401363898891e-6
5.93471416849633e-6 ; -7.585389787130743e-6
-8.667466472004333e-6 ; 0.000011109950537869437
0.000010612573895151153 ; -0.00001366373289637036
-0.0000116365935072366 ; 0.000015089932342675255
0.000011855366541183645 ; -0.00001553927458083729
-0.00001145926688821386 ; 0.000015288135499223878
0.000010623249289096662 ; -0.000014574434761821523
-9.466309911353232e-6 ; 0.00001351929683181974
8.082747816117632e-6 ; -0.000012265895643903869
-6.538654494903698e-6 ; 0.000010787916836174177
4.913911893099608e-6 ; -9.09877698318623e-6
-3.311764552020748e-6 ; 7.185980298525079e-6
1.8426002628651563e-6 ; -5.088801996883502e-6
-6.848656388222507e-7 ; 2.998643628919377e-6
4.018250800715588e-8 ; -1.2657956664840158e-6
6.467765845926355e-8 ; 2.9056471491716937e-7
8.301642461232175e-7 ; -1.0423460490418725e-6
-3.0016364648063096e-6 ; 3.774434991568825e-6
5.927713954196934e-6 ; -7.464924860165224e-6
-8.657408109005546e-6 ; 0.000010933809115177522
0.000010600529777268256 ; -0.000013447603786448341
-0.000011623786400125757 ; 0.000014852038868580449
0.000011842829968930427 ; -0.000015295292108270388
-0.000011447780905353049 ; 0.000015049521618121729
0.000010613339584697037 ; -0.000014348974153399374
-9.458188481985641e-6 ; 0.000013312396074075068
8.076412988295734e-6 ; -0.000012081152829954631
-6.533692373286825e-6 ; 0.000010628374926044459
4.9095417352779425e-6 ; -8.966759579968173e-6
-3.3068697264613866e-6 ; 7.082746060209e-6
1.8360071915400398e-6 ; -5.013642356219808e-6
-6.767198576912075e-7 ; 2.948304461052188e-6
3.325312286437302e-8 ; -1.2362350768002794e-6
6.729124318748157e-8 ; 2.8044008061651734e-7
8.321715403133256e-7 ; -1.0287997862331395e-6
-3.0089376332774373e-6 ; 3.7254530811069495e-6
5.942235609496357e-6 ; -7.368158161584001e-6
-8.67885263999946e-6 ; 0.000010792381874233747
0.000010627198404669826 ; -0.000013274173409377661
-0.000011653683228776613 ; 0.00001466131052449443
0.000011874211781334118 ; -0.000015099863714620056
-0.000011479422255418392 ; 0.000014858668232372547
0.00001064442886330433 ; -0.000014169059075359075
-9.487982419141462e-6 ; 0.000013147722562147508
8.104319195602806e-6 ; -0.000011934777857762693
-6.558701258015393e-6 ; 0.000010502626996392074
4.9303303919239985e-6 ; -8.863334125734684e-6
-3.3218029914301314e-6 ; 7.002205785174546e-6
1.8435673867377308e-6 ; -4.95464683230083e-6
-6.772315297314137e-7 ; 2.9075146004666996e-6
3.045593963865831e-8 ; -1.2106107906161545e-6
6.875668493770478e-8 ; 2.711905817944629e-7
8.364896387651281e-7 ; -1.0188718832705862e-6
-3.0246013119454167e-6 ; 3.689576794964001e-6
5.973290947197045e-6 ; -7.297306802501502e-6
-8.724494711889408e-6 ; 0.000010688915663856509
0.000010683596764501468 ; -0.000013147434205504503
-0.00001171636552776731 ; 0.000014522155407844751
0.000011939306740669749 ; -0.000014957527252793743
-0.000011544160213628182 ; 0.000014720038106425919
0.000010706962622486297 ; -0.00001403894223311905
-9.54684603814097e-6 ; 0.000013029219603484735
8.158446352839952e-6 ; -0.000011830348315655404
-6.606634911944647e-6 ; 0.000010413821424097294
4.970332460282996e-6 ; -8.791161118060412e-6
-3.3518531213019598e-6 ; 6.946469367622136e-6
1.8619143948819468e-6 ; -4.913321186035339e-6
-6.843761713780776e-7 ; 2.8771714398524027e-6
3.090962341450662e-8 ; -1.1893047158975045e-6
6.928811072331273e-8 ; 2.6290354377245905e-7
8.424227238439305e-7 ; -1.0127787033843647e-6
-3.046107458196395e-6 ; 3.667589482732036e-6
6.015897231615696e-6 ; -7.253920043539824e-6
-8.787036604013212e-6 ; 0.000010625679358590944
0.00001076075063254522 ; -0.000013070176253415217
-0.00001180192358798926 ; 0.000014437654367539784
0.000012027917341455456 ; -0.00001487145550346523
-0.000011631969834201657 ; 0.000014636753036506022
0.000010791389296966891 ; -0.000013961600035957684
-9.625933304793746e-6 ; 0.000012959650289168328
8.230770045912468e-6 ; -0.00001177037330696322
-6.6704389482224494e-6 ; 0.000010364169690606892
5.023591432152533e-6 ; -8.752112305150238e-6
-3.392297319587654e-6 ; 6.917022860396208e-6
1.8876742000825567e-6 ; -4.890725189280339e-6
-6.961310740445391e-7 ; 2.8579015601127625e-6
3.37451061269997e-8 ; -1.1725761641067987e-6
6.909143355383382e-8 ; 2.5563426062113843e-7
8.492738500446928e-7 ; -1.010654098417699e-6
-3.0709318819293354e-6 ; 3.6599756697242172e-6
6.065063359822112e-6 ; -7.238956347923938e-6
-8.859167980849063e-6 ; 0.000010604076628840552
0.000010849669636662458 ; -0.000013044125805395495
-0.000011900428846557305 ; 0.00001440971374692366
0.000012129825169120569 ; -0.000014843613010162866
-0.000011732803501695267 ; 0.000014610747522283892
0.000010888132832243082 ; -0.000013938878275936925
-9.716371874747628e-6 ; 0.000012940731484510308
8.31323753541459e-6 ; -0.000011756413798857037
-6.743029128792563e-6 ; 0.000010355050852833763
5.084120824725601e-6 ; -8.747357599421152e-6
-3.4383859112716128e-6 ; 6.914796529333822e-6
1.917454324583924e-6 ; -4.8875214370766945e-6
-7.104695024808211e-7 ; 2.8500919123879406e-6
3.8104415052939385e-8 ; -1.160578802843544e-6
6.836389476323644e-8 ; 2.4941168315980253e-7
8.563405213918892e-7 ; -1.0125532959503199e-6
-3.096530232524945e-6 ; 3.666935111687338e-6
6.115758187069865e-6 ; -7.252811094639623e-6
-8.933519495857125e-6 ; 0.00001062468638762701
0.00001094129018758132 ; -0.000013069994791063013
-0.000012001870847585025 ; 0.000014439119700395954
0.000012234725941242112 ; -0.000014874811459843859
-0.000011836526957991389 ; 0.000014642822531753386
0.000010987531602860958 ; -0.00001397154247635975
-9.809206261367482e-6 ; 0.000012973179322759544
8.397715987084345e-6 ; -0.000011789122584835886
-6.817245542522035e-6 ; 0.000010387045198308487
5.145865203953596e-6 ; -8.77739208776605e-6
-3.4853112585216964e-6 ; 6.9401853496848e-6
1.947821656210558e-6 ; -4.903990172689726e-6
-7.253478242482967e-7 ; 2.85390071224876e-6
4.313588279363874e-8 ; -1.1533690344767516e-6
6.729479588209496e-8 ; 2.4424219276803525e-7
8.629105457046441e-7 ; -1.018450033816541e-6
-3.12032297953073e-6 ; 3.6883724150230564e-6
6.162880821265518e-6 ; -7.2952960311210376e-6
-9.002619269719329e-6 ; 0.000010687232646761804
0.000011026421938751822 ; -0.000013147443629374641
-0.000012096098095115128 ; 0.000014525496899389945
0.000012332168614182797 ; -0.000014964666771291747
-0.000011932859403858274 ; 0.000014732602708053576
0.000011079781297009418 ; -0.000014059236287728084
-9.89534489127437e-6 ; 0.0000130566695473054
8.475944382716511e-6 ; -0.000011868206995409041
-6.885810266818299e-6 ; 0.000010459899947239964
5.202664376946267e-6 ; -8.842005616042392e-6
-3.5281793356266765e-6 ; 6.993023943345224e-6
1.975282162943861e-6 ; -4.940011599466761e-6
-7.386934525452751e-7 ; 2.869248983680126e-6
4.7989128208403386e-8 ; -1.1509062857675462e-6
6.606662088712127e-8 ; 2.401115659875996e-7
8.682603961722219e-7 ; -1.0282278149469975e-6
-3.1396894796726914e-6 ; 3.723865335119488e-6
6.201248911136165e-6 ; -7.365576511784058e-6
-9.058875753311097e-6 ; 0.000010790492441928796
0.000011095726737773668 ; -0.000013274967750434226
-0.000012172794841754407 ; 0.000014667182851079017
0.000012411531584037194 ; -0.000015111469230006636
-0.00001201135020611323 ; 0.000014878407977348953
0.00001115491283398054 ; -0.000014200358188467423
-9.965539864779565e-6 ; 0.000013189722093999082
8.539515324005525e-6 ; -0.000011992322721643225
-6.9413116053979916e-6 ; 0.000010572434262974962
5.248240296043471e-6 ; -8.940201002240003e-6
-3.5619994838792103e-6 ; 7.072520706109455e-6
1.9962735666243093e-6 ; -4.995019068979828e-6
-7.484001736062095e-7 ; 2.8957948172816482e-6
5.181252026111097e-8 ; -1.1530461705062792e-6
6.485593986093239e-8 ; 2.3698535606071953e-7
8.716581939407392e-7 ; -1.041666122396164e-6
-3.151978774504714e-6 ; 3.772614829137457e-6
6.225620011802057e-6 ; -7.462072694681136e-6
-9.094609036805905e-6 ; 0.00001093215100299319
0.000011139757174544522 ; -0.000013449719273057669
-0.000012221523740383337 ; 0.000014861030620429036
0.000012462066773187901 ; -0.00001531197997175713
-0.000012061422499855423 ; 0.00001507705274546649
0.000011202834226280339 ; -0.000014391869136188812
-0.0000100104262196188 ; 0.000013369521720086704
8.579911127170476e-6 ; -0.000012158909509138078
-6.976236417005824e-6 ; 0.000010722393081873383
5.276224913395204e-6 ; -9.07006894345457e-6
-3.5817068551443814e-6 ; 7.177157540069805e-6
2.0071813123883405e-6 ; -5.0679277478913634e-6
-7.523369267288638e-7 ; 2.9328931160662332e-6
5.3755507431163083e-8 ; -1.1595277380347581e-6
6.383360247020092e-8 ; 2.3480796813658047e-7
8.723734333168678e-7 ; -1.0584229757113896e-6
-3.154544824008309e-6 ; 3.833381846044558e-6
6.230761295845138e-6 ; -7.582334508586735e-6
-9.102153022051512e-6 ; 0.000011108618486160245
0.00001114908235043071 ; -0.000013667281393214238
-0.000012231864916019563 ; 0.00001510215931100476
0.000012473043064534934 ; -0.000015561173730975358
-0.000012072514638807016 ; 0.000015323592282693497
0.000011213465935671121 ; -0.00001462904987620502
-0.000010020648097630986 ; 0.00001359169204656521
8.588619181139153e-6 ; -0.000012363984518284317
-6.983072588975243e-6 ; 0.000010906263693668721
5.280247714391207e-6 ; -9.228631419457163e-6
-3.5822324633738625e-6 ; 7.304564573601056e-6
2.004388456814565e-6 ; -5.157045459018828e-6
-7.483762248051773e-7 ; 2.97954478507887e-6
5.297815298020789e-8 ; -1.1699564087421555e-6
6.316378039734074e-8 ; 2.335007600579488e-7
8.696956255419398e-7 ; -1.0780160108349908e-6
-3.144814043448383e-6 ; 3.9044187537543514e-6
6.211583140690909e-6 ; -7.722905997413014e-6
-9.074051203824231e-6 ; 0.000011314831106133684
0.000011114528873563903 ; -0.000013921423536364056
-0.000012193682460685601 ; 0.000015383683239876478
0.000012434021074131215 ; -0.000015851959628965018
-0.000012034351054757377 ; 0.000015611047478670298
0.00001117699993234931 ; -0.000014905237582696094
-9.987099892313155e-6 ; 0.000013850050468934194
8.557352198442422e-6 ; -0.000012601918281660008
-6.95450431837281e-6 ; 0.000011119077031085356
5.254102194328085e-6 ; -9.411672193049896e-6
-3.558636200227108e-6 ; 7.451384654966016e-6
1.9843704071368364e-6 ; -5.259976219635272e-6
-7.344485602871482e-7 ; 3.034341506417144e-6
4.867023330246898e-8 ; -1.183784952083067e-6
6.300144183490257e-8 ; 2.3295960978239478e-7
8.629638660387798e-7 ; -1.0998051958867524e-6
-3.12039244075046e-6 ; 3.983406736496138e-6
6.163351049790747e-6 ; -7.879201555225674e-6
-9.003367220740393e-6 ; 0.000011544069785900545
0.000011027563023258993 ; -0.000014203878158526385
-0.000012097546879913572 ; 0.000015696465128906633
0.000012335288483249302 ; -0.000016174926816272015
-0.000011937371151394189 ; 0.00001593015420040221
0.000011084309693237037 ; -0.000015211586143351914
-9.90130758983686e-6 ; 0.000014136385222317603
8.478396305551107e-6 ; -0.00001286523102028072
-6.883720463114023e-6 ; 0.00001135422714392323
5.192008491416242e-6 ; -9.613582922800329e-6
-3.5063165327502967e-6 ; 7.613150388797113e-6
1.9438442770327792e-6 ; -5.373532717866599e-6
-7.086284583980264e-7 ; 3.095415548424734e-6
4.008199241870838e-8 ; -1.200296046175062e-6
6.348789902041631e-8 ; 2.330525705259242e-7
8.516082687997198e-7 ; -1.1229820359259e-6
-3.079215728227753e-6 ; 4.067416617447168e-6
6.081982558868832e-6 ; -8.045428366001618e-6
-8.884120010917092e-6 ; 0.000011787846403103522
0.000010880826406507133 ; -0.000014504200678355664
-0.000011935327414408264 ; 0.000016028961184419322
0.000012168470578689564 ; -0.00001651818481528259
-0.00001177333092125113 ; 0.000016269205948020146
0.000010927525375841607 ; -0.000015536915611285116
-9.755963663439811e-6 ; 0.00001444031534784836
8.345099246277748e-6 ; -0.000013144464598763634
-6.764846868226474e-6 ; 0.000011603357649124924
5.088981476219231e-6 ; -9.827266303389455e-6
-3.421304312729639e-6 ; 7.784206693178544e-6
1.8799781574106923e-6 ; -5.493681193431475e-6
-6.6925525525997e-7 ; 3.1604082135132354e-6
2.6567695094590378e-8 ; -1.2185914611996134e-6
6.474423259669476e-8 ; 2.336184690402628e-7
8.352026927829466e-7 ; -1.1465711483879626e-6
-3.0197403408117768e-6 ; 4.15291459291805e-6
5.964424987232742e-6 ; -8.214597786954131e-6
-8.711837299547782e-6 ; 0.000012035920440641881
0.000010668817018374559 ; -0.000014809789866958533
-0.000011700944839321766 ; 0.000016367243473368258
0.000011927305872409841 ; -0.000016867386460853387
-0.000011536066930670083 ; 0.00001661407632079684
0.00001070076398271581 ; -0.000015867733491153275
-9.545605855587254e-6 ; 0.00001474931040756076
8.152489748593614e-6 ; -0.000013428200266338536
-6.593494667496906e-6 ; 0.000011856377260528916
4.941297445140829e-6 ; -0.000010044149090498105
-3.3006352071224824e-6 ; 7.957721055884004e-6
1.7906563821564015e-6 ; -5.615548781176768e-6
-6.150863340253712e-7 ; 3.226474357284636e-6
7.641156546661507e-9 ; -1.2375943096218592e-6
6.686272101536759e-8 ; 2.3446752357269832e-7
8.135247369541051e-7 ; -1.1694507896490319e-6
-2.9411608528901827e-6 ; 4.235836582344168e-6
5.809085539720823e-6 ; -8.378672406951054e-6
-8.48418603670885e-6 ; 0.000012276514515216025
0.000010388665294815843 ; -0.000015106153151077375
-0.000011391229579651471 ; 0.00001669529326350156
0.000011608530491094628 ; -0.000017206030246843398
-0.00001122236764399016 ; 0.000016948516868331068
0.00001040096225409878 ; -0.000016188519325980282
-9.267391500620418e-6 ; 0.000015048955004457178
7.897984094685311e-6 ; -0.000013703299780288547
-6.3673857476890565e-6 ; 0.000012101673038714465
4.747026446274968e-6 ; -0.000010254363377200887
-3.1427744730292233e-6 ; 8.125828027722674e-6
1.6747820846477372e-6 ; -5.73352646166827e-6
-5.454719971906375e-7 ; 3.2903421885096138e-6
-1.696071698905944e-8 ; -1.2560714538625993e-6
6.989691779307096e-8 ; 2.353851581683554e-7
7.866158591966796e-7 ; -1.190398166147066e-6
-2.8436277608763836e-6 ; 4.311752372526501e-6
5.616261958057931e-6 ; -8.528890651025615e-6
-8.20160339773734e-6 ; 0.000012496789964527203
0.000010040910586147694 ; -0.00001537749177222563
-0.000011006780032014464 ; 0.00001699564774201625
0.000011212762545669829 ; -0.000017516126589035132
-0.000010832844543944336 ; 0.000017254813248054397
0.000010028709235043287 ; -0.000016482351604338214
-8.921871430514022e-6 ; 0.000015323531401905297
7.582092249406293e-6 ; -0.000013955436682024863
-6.086977763220596e-6 ; 0.000012326580387210932
4.506564182571762e-6 ; -0.000010447146302916728
-2.948041374144046e-6 ; 8.27994796361867e-6
1.5325794995740332e-6 ; -5.841496117235023e-6
-4.6053023362084546e-7 ; 3.348444869519417e-6
-4.721436042279453e-8 ; -1.2726821719395829e-6
7.38516757021732e-8 ; 2.3614002498637985e-7
7.548301529252436e-7 ; -1.208161766470155e-6
-2.728424246382748e-6 ; 4.3761277051904295e-6
5.388492189878124e-6 ; -8.65628520843989e-6
-7.867809311519864e-6 ; 0.00001268360667814068
9.630132045405591e-6 ; -0.000015607636033900665
-0.00001055266014120318 ; 0.00001725043404190939
0.00001074522101776497 ; -0.00001777926341463119
-0.00001037264035363861 ; 0.0000175148349179172
9.588923234970657e-6 ; -0.000016731910900655888
-8.513619271779531e-6 ; 0.000015556951916481646
7.208992090769276e-6 ; -0.000014169946712458572
-5.755972425881506e-6 ; 0.000012518135491806344
4.223064599653084e-6 ; -0.000010611480076678964
-2.718954367041633e-6 ; 8.411297474778744e-6
1.3658398321868404e-6 ; -5.9331941412251465e-6
-3.6128884792884916e-7 ; 3.397131142517426e-6
-8.27579086800721e-8 ; -1.2860557636337306e-6
7.867506487910831e-8 ; 2.3649668683688817e-7
7.188586548107379e-7 ; -1.2215579190767734e-6
-2.5980542243788784e-6 ; 4.424674090973656e-6
5.130728471358581e-6 ; -8.752374814868553e-6
-7.490061500735539e-6 ; 0.000012824536675979843
9.165262436308382e-6 ; -0.00001578129242983157
-0.000010038746271964917 ; 0.000017442747620944824
0.000010216083137762372 ; -0.000017978026185681576
-9.851781065886308e-6 ; 0.000017711433649713707
9.09118832183959e-6 ; -0.00001692081615890527
-8.051544249089062e-6 ; 0.000015734000793747018
6.786814910963904e-6 ; -0.000014332960452683284
-5.381568282342295e-6 ; 0.000012664077437253456
3.902655088484098e-6 ; -0.000010736944377910274
-2.460402878788465e-6 ; 8.511569272573034e-6
1.178043609343643e-6 ; -6.002695687631251e-6
-2.4975609969107747e-7 ; 3.4329457713419856e-6
-1.2286576371674003e-7 ; -1.2948947329546807e-6
8.425451192419152e-8 ; 2.362324250540567e-7
6.797167148605206e-7 ; -1.2295807386143658e-6
-2.4561966039924634e-6 ; 4.453747107681228e-6
4.85024689928328e-6 ; -8.809951972469873e-6
-7.079023041537547e-6 ; 0.000012909018500233514
8.65942524179237e-6 ; -0.000015885464465126842
-9.47954725486112e-6 ; 0.000017558223131774813
9.640299052029651e-6 ; -0.000018097616701425027
-9.284993492246337e-6 ; 0.000017830038196378776
8.54958010384542e-6 ; -0.000017035148702396197
-7.548729354783129e-6 ; 0.00001584175074186609
6.327497991680619e-6 ; -0.000014432695426209418
-4.974330426691849e-6 ; 0.000012753991514505174
3.554325819132496e-6 ; -0.000010814688930345208
-2.1795591577357627e-6 ; 8.573707905128923e-6
9.742978886641614e-7 ; -6.044967230995441e-6
-1.2888416380705076e-7 ; 3.4529495094629233e-6
-1.6646249075875052e-7 ; -1.2980924331456713e-6
9.04192989910963e-8 ; 2.3515637435179817e-7
6.386877331275794e-7 ; -1.2315086319274772e-6
-2.3075014502042128e-6 ; 4.460732398595907e-6
4.55624427975996e-6 ; -8.823846545318145e-6
-6.648171571887482e-6 ; 0.000012929476337564334
8.129207583434797e-6 ; -0.000015910829962309472
-8.893400621737539e-6 ; 0.00001758655694352684
9.036763632158646e-6 ; -0.00001812742180366581
-8.690889532593641e-6 ; 0.00001786019936940874
7.981886280887034e-6 ; -0.000017064928667674906
-7.0217069801927605e-6 ; 0.000015870935107327318
5.846124036089838e-6 ; -0.0000144607076558594
-4.547606152578745e-6 ; 0.00001278041659816658
3.1894328040660553e-6 ; -0.000010838375484057972
-1.885482016198889e-6 ; 8.592661077074225e-6
7.610540043011024e-7 ; -6.05640171013645e-6
-2.4055341627965293e-9 ; 3.455028939738891e-6
-2.1218335436030114e-7 ; -1.2948469329991957e-6
9.695061665715441e-8 ; 2.3312802373198398e-7
5.972256336701255e-7 ; -1.2269871265049957e-6
-2.1572366391856123e-6 ; 4.4443456475046e-6
4.259139292365643e-6 ; -8.791518864174778e-6
-6.212775234937264e-6 ; 0.000012882188999770754
7.593400005146758e-6 ; -0.000015852810394864204
-8.30107955762241e-6 ; 0.00001752268923367117
8.426881173394221e-6 ; -0.000018062231412090886
-8.09055250107397e-6 ; 0.00001779678983410074
7.40825581392253e-6 ; -0.00001700526159842058
-6.4892035133537514e-6 ; 0.000015817013596604323
5.359776216704863e-6 ; -0.000014412863782270132
-4.116512001468024e-6 ; 0.000012739705340726807
2.8208363494108785e-6 ; -0.000010804909578311569
-1.58842974168489e-6 ; 8.565963322000315e-6
5.456181577115625e-7 ; -6.0352342518156945e-6
1.2545049895734957e-7 ; 3.4381371220086892e-6
-2.5847887593343085e-7 ; -1.2847494047510967e-6
1.0359874842584256e-7 ; 2.300715581532609e-7
5.568291303103313e-7 ; -1.2160700395401274e-6
-2.0108323223287687e-6 ; 4.404781807538053e-6
3.9696715481722035e-6 ; -8.713354966729363e-6
-5.788572436186496e-6 ; 0.00001276772263196337
7.07137170882805e-6 ; -0.000015712103398542283
-7.723996798903642e-6 ; 0.00001736739260627737
7.832714737771847e-6 ; -0.00001790284497650015
-7.505714282139521e-6 ; 0.000017640601420836608
6.849457040138899e-6 ; -0.000016856909222330454
-5.9705204581144114e-6 ; 0.000015680702782108074
4.886061653218405e-6 ; -0.000014289824958371634
-3.6966274106846606e-6 ; 0.000012632452363063683
2.461789905063285e-6 ; -0.000010714804810888466
-1.2989739140725136e-6 ; 8.494026549738011e-6
3.3552020521630286e-7 ; -5.9817490775587155e-6
2.503234424895805e-7 ; 3.4024132703446546e-6
-3.0374949792536044e-7 ; -1.267828006645172e-6
1.1010512597794947e-7 ; 2.2598294889493747e-7
5.189088000231235e-7 ; -1.1992096183784804e-6
-1.873399313581947e-6 ; 4.343679356521096e-6
3.697949041940533e-6 ; -8.592595907245075e-6
-5.390375941563892e-6 ; 0.000012590827182255856
6.5813526520770995e-6 ; -0.000015494555481689852
-7.182305557144728e-6 ; 0.00001712713151621702
7.275029391357662e-6 ; -0.00001765592676976134
-6.95682797649994e-6 ; 0.000017398202694586693
6.325035919120418e-6 ; -0.000016626153407745677
-5.483822729084973e-6 ; 0.00001546784975625758
4.441550212686649e-6 ; -0.000014096931652411624
-3.3026134199250748e-6 ; 0.00001246339239963032
2.124765148093679e-6 ; -0.000010572096247596415
-1.0270623548729864e-6 ; 8.380070992308767e-6
1.3784623166129638e-7 ; -5.898230251414275e-6
3.681081044924878e-7 ; 3.349154049201023e-6
-3.4648787107785777e-7 ; -1.2445371922920745e-6
1.1622559936558643e-7 ; 2.2092815766820835e-7
4.846701237960044e-7 ; -1.1771981532089915e-6
-1.7493053353798442e-6 ; 4.263908683624155e-6
3.4526100472084242e-6 ; -8.43491908569915e-6
-5.0308446979206e-6 ; 0.000012359822643605893
6.13892206770895e-6 ; -0.000015210406440177582
-6.693228637370495e-6 ; 0.0000168132267752974
6.7715705516128615e-6 ; -0.00001733314489527512
-6.461372099341318e-6 ; 0.000017081090847806218
5.851695522664251e-6 ; -0.000016323985697740765
-5.044632525180115e-6 ; 0.000015188678968339325
4.040400789312689e-6 ; -0.000013843516717975281
-2.94699722218088e-6 ; 0.000012240792587284075
1.8204181126441288e-6 ; -0.000010383823538958116
-7.811945664909363e-7 ; 8.229712948891195e-6
-4.1348723346576523e-8 ; -5.7886679519561296e-6
4.752946047672122e-7 ; 3.2806432613681054e-6
-3.854039853963535e-7 ; -1.2156949448653714e-6
1.2175089229467392e-7 ; 2.1503286371839053e-7
4.550309614055187e-7 ; -1.1510738362133215e-6
-1.6418760514760776e-6 ; 4.169231163388326e-6
3.2402318659601904e-6 ; -8.247764276844007e-6
-4.719617474122716e-6 ; 0.000012085611786473746
5.7559423420105e-6 ; -0.00001487307473806125
-6.269879956876706e-6 ; 0.00001644051313564119
6.3358497403736686e-6 ; -0.000016949788336463623
-6.032654597898841e-6 ; 0.0000167043296847511
5.442153185177683e-6 ; -0.000015964805845266515
-4.664767133807431e-6 ; 0.000014856582770932609
3.693392505482913e-6 ; -0.000013541802279123399
-2.6393149705920686e-6 ; 0.000011975476515562487
1.5568600522816734e-6 ; -0.000010159200796316247
-5.678402276230124e-7 ; 8.050302685421716e-6
-1.9745477293192856e-7 ; -5.658286768894637e-6
5.692080110043398e-7 ; 3.1998784510430673e-6
-4.1951333595432005e-7 ; -1.1823821067861582e-6
1.2652102114180755e-7 ; 2.0846602226609713e-7
4.305826412942507e-7 ; -1.122011123611191e-6
-1.5532540870441618e-6 ; 4.063901769675736e-6
3.065051969087054e-6 ; -8.039547412074765e-6
-4.46290418900719e-6 ; 0.000011780527672811786
5.440056047871564e-6 ; -0.000014497738860997365
-5.920708517189317e-6 ; 0.000016025770774035878
5.97657160532948e-6 ; -0.000016523150659851518
-5.679248430558039e-6 ; 0.000016284957530207846
5.104601127006608e-6 ; -0.000015564900352866466
-4.3518375310941285e-6 ; 0.000014486707434883312
3.407467389653829e-6 ; -0.000013205610023173266
-2.385707093815336e-6 ; 0.000011679683162684292
1.3393131950993025e-6 ; -9.908646005468358e-6
-3.911646757366313e-7 ; 7.85015029548708e-6
-3.2750258281165935e-7 ; -5.51299419060561e-6
6.481212158208822e-7 ; 3.110251287822836e-6
-4.4817842375582643e-7 ; -1.1458247190473965e-6
1.3043210125632668e-7 ; 2.014206597030018e-7
4.1159315289428753e-7 ; -1.0912146519978543e-6
-1.4844105902281865e-6 ; 3.9522847898470245e-6
2.928990828521425e-6 ; -7.818900670378535e-6
-4.2635193518095114e-6 ; 0.000011457220205832612
5.1947270828196155e-6 ; -0.00001409996715139314
-5.6495438805595235e-6 ; 0.000015586210710981865
5.697680716224816e-6 ; -0.00001607096951951702
-5.4050376101038155e-6 ; 0.000015840450246324583
4.842750449686963e-6 ; -0.000015140973763190801
-4.109289139983136e-6 ; 0.000014094588234225638
3.1857675665058946e-6 ; -0.000012849116278551332
-2.1889511320212304e-6 ; 0.000011365965466363585
1.1701386565094986e-6 ; -9.642844159365255e-6
-2.5305122830723946e-7 ; 7.637778459983725e-6
-4.3014728439826776e-7 ; -5.358848261361736e-6
7.112452261967795e-7 ; 3.0152390729134757e-6
-4.711051250453232e-7 ; -1.1072804598070878e-6
1.3343579190499646e-7 ; 1.9409533926833382e-7
3.9804295580814583e-7 ; -1.0598318224070119e-6
-1.4352749983774173e-6 ; 3.8385371315038346e-6
2.831908585099847e-6 ; -7.594046188653046e-6
-4.121258243012638e-6 ; 0.000011127738440001396
5.019703677324349e-6 ; -0.000013694588545009414
-5.456108067835843e-6 ; 0.000015138226554509153
5.4988889719583245e-6 ; -0.000015610140598680283
-5.209736639234008e-6 ; 0.000015387454589511586
4.6563274995136235e-6 ; -0.000014708938315962938
-3.936862964483124e-6 ; 0.000013695024664034365
3.028055850790978e-6 ; -0.000012485826141044909
-2.0488337598124134e-6 ; 0.000011046282712737285
1.0491528461605156e-6 ; -9.371975264764135e-6
-1.533536039857611e-7 ; 7.421306719078648e-6
-5.054884406142346e-7 ; -5.201618935708428e-6
7.586243903244497e-7 ; 2.9181505488810803e-6
-4.88304048240404e-7 ; -1.0679450661097583e-6
1.3553302824255365e-7 ; 1.866788834950126e-7
3.896801946938041e-7 ; -1.0288919193644618e-6
-1.4049351119116555e-6 ; 3.7263876341639736e-6
2.7720007591804318e-6 ; -7.37235937278308e-6
-4.033476840235419e-6 ; 0.000010802890351031277
4.911732132679912e-6 ; -0.000013294904348082989
-5.336804623435934e-6 ; 0.000014696522868142874
5.376488581953463e-6 ; -0.000015155819294680758
-5.089691230942871e-6 ; 0.000014940903242915882
4.541839046906816e-6 ; -0.00001428306816470391
-3.8313065488238705e-6 ; 0.000013301294335923044
2.9313642274743744e-6 ; -0.000012127856428430123
-1.96272443227124e-6 ; 0.000010731366105923046
9.741153790083495e-7 ; -9.105174685406727e-6
-9.02851502380932e-8 ; 7.208021041798279e-6
-5.547925055207871e-7 ; -5.046481439594958e-6
7.909750276934182e-7 ; 2.821948216685416e-6
-5.000310180659706e-7 ; -1.0288869101376767e-6
1.3676434257554715e-7 ; 1.793396843756213e-7
3.8608252217232045e-7 ; -9.992718855435551e-7
-1.3918610648363766e-6 ; 3.61901321850332e-6
2.7462411310385682e-6 ; -7.160124234708428e-6
-3.99574074862016e-6 ; 0.000010491884678914612
4.8653553528409215e-6 ; -0.000012912247849448025
-5.285601298059022e-6 ; 0.000014273628670503698
5.32426138709399e-6 ; -0.000014720919695536904
-5.038773811563526e-6 ; 0.000014513521504598079
4.493427949822512e-6 ; -0.000013875528096922713
-3.787168922428166e-6 ; 0.000012924715059540226
2.89071886963467e-6 ; -0.000011785536317248883
-1.926216678493913e-6 ; 0.000010430365459292632
9.412744836077596e-7 ; -8.850232639482636e-6
-6.085392175822018e-8 ; 7.004134167800513e-6
-5.801825744393897e-7 ; -4.897845565076885e-6
8.095049833199549e-7 ; 2.729149465873977e-6
-5.067204799986795e-7 ; -9.910105897888792e-7
1.3719902063878447e-7 ; 1.7221974250946105e-7
3.8671534857394754e-7 ; -9.716855035601719e-7
-1.394116414067466e-6 ; 3.518999597515129e-6
2.7507992669536e-6 ; -6.962455509360646e-6
-4.002437149889238e-6 ; 0.000010202216586026323
4.873666050853567e-6 ; -0.000012555843408200651
-5.294862799570219e-6 ; 0.000013879741513927643
5.33433686005728e-6 ; -0.000014315953803862605
-5.049228572068174e-6 ; 0.000014115668850945686
4.5036806839329256e-6 ; -0.000013496222098032752
-3.797550831806209e-6 ; 0.000012574504046443981
2.8998244069203034e-6 ; -0.000011467278925716847
-1.933733336354228e-6 ; 0.000010150735558782585
9.458817357555558e-7 ; -8.61349754006064e-6
-6.127331104501666e-8 ; 6.814708535839146e-6
-5.843454808968244e-7 ; -4.759300826728323e-6
8.157430791186429e-7 ; 2.6417949241753494e-6
-5.089224727363095e-7 ; -9.550452846561148e-7
1.369248262592523e-7 ; 1.654327451914459e-7
3.909806281026714e-7 ; -9.466892957830967e-7
-1.4095349049437306e-6 ; 3.4283626431833646e-6
2.781390079937115e-6 ; -6.783340867260046e-6
-4.047287046333926e-6 ; 9.93972944992317e-6
4.928937132122066e-6 ; -0.000012232882407762501
-5.356047654737054e-6 ; 0.000013522811353542645
5.397909973764913e-6 ; -0.00001394911782165194
-5.112378393072896e-6 ; 0.000013755423810606036
4.56430280087661e-6 ; -0.000013152874384030316
-3.854732127009276e-6 ; 0.000012257853080491333
2.951636090180544e-6 ; -0.000011179649838988858
-1.979032532535274e-6 ; 9.898296713064736e-6
9.826223216848872e-7 ; -8.399927463517214e-6
-8.730530299894337e-8 ; 6.64369735711386e-6
-5.702868243029396e-7 ; -4.633645837888829e-6
8.113961680093948e-7 ; 2.5614657433916683e-6
-5.072496759939499e-7 ; -9.215511734211692e-7
1.360393539593596e-7 ; 1.5906509427908918e-7
3.9825351705417634e-7 ; -9.246983569110199e-7
-1.4358533019941175e-6 ; 3.348605847141789e-6
2.8335365020495643e-6 ; -6.625754732690206e-6
-4.1237301917433e-6 ; 9.708781931890736e-6
5.023095417537752e-6 ; -0.000011948729170337095
-5.4602319154158446e-6 ; 0.000013208768478689205
5.505780665928187e-6 ; -0.000013626527180946125
-5.219156057674473e-6 ; 0.000013438815584900015
4.6666264925567915e-6 ; -0.000012851250846070747
-3.950643085238e-6 ; 0.000011980134247759846
3.038789614726066e-6 ; -0.000010927554794695716
-2.0555876957139736e-6 ; 9.677400740561307e-6
1.045938136063709e-6 ; -8.213231311853393e-6
-1.3451826911945566e-7 ; 6.494057262396438e-6
-5.411467992293473e-7 ; -4.522968775331432e-6
7.982412353218353e-7 ; 2.489330699226723e-6
-5.023372686709017e-7 ; -8.909369078713613e-7
1.3464345504574537e-7 ; 1.5317874651542199e-7
4.0790691589425645e-7 ; -9.060070850707787e-7
-1.4708003575509385e-6 ; 3.2807953490537908e-6
2.902745464349328e-6 ; -6.491806453915682e-6
-4.2251830537587484e-6 ; 9.51246482468012e-6
5.148039170283056e-6 ; -0.00001170718749386127
-5.598460232010031e-6 ; 0.00001294181785270792
5.648715420171601e-6 ; -0.000013352519451434735
-5.360460226228121e-6 ; 0.00001317012209282871
4.80195066611377e-6 ; -0.000012595443664206716
-4.077179999927429e-6 ; 0.000011745164083989733
3.1538888590925446e-6 ; -0.000010714480498845728
-2.1568417979982916e-6 ; 9.49114381317964e-6
1.1302438589922259e-6 ; -8.056049745146169e-6
-1.9845940327117815e-7 ; 6.367892662927781e-6
-5.000767610123611e-7 ; -4.42875055073683e-6
7.780525145785133e-7 ; 2.426206736191002e-6
-4.948155879980617e-7 ; -8.634821550734003e-7
1.3283673647139483e-7 ; 1.4781489492258523e-7
4.1932552000180676e-7 ; -8.908097900401474e-7
-1.5121476981907447e-6 ; 3.2256347067015046e-6
2.984608432595556e-6 ; -6.382888337307281e-6
-4.345186087087041e-6 ; 9.3528182729935e-6
5.295819299273814e-6 ; -0.00001151076830393589
-5.761946168360187e-6 ; 0.000012724735326565045
5.817653468864274e-6 ; -0.000013129959672855847
-5.527358345822838e-6 ; 0.000012952170780388294
4.961734743367477e-6 ; -0.000012388158848452523
-4.226384787567475e-6 ; 0.000011555470528066014
3.2896695872096838e-6 ; -0.000010542738109722993
-2.2763518215980277e-6 ; 9.341581649834475e-6
1.2300496386214195e-6 ; -7.930138107834414e-6
-2.7475267598566885e-7 ; 6.266601752241963e-6
-4.5016878397747183e-7 ; -4.351969333964757e-6
7.525591514415727e-7 ; 2.3726206964510968e-6
-4.852939565992107e-7 ; -8.393607413872209e-7
1.3071486813462857e-7 ; 1.4299776885419996e-7
4.319115004464966e-7 ; -8.792190707559461e-7
-1.5577304671122535e-6 ; 3.1835314304774004e-6
3.0748422482513123e-6 ; -6.299807049636637e-6
-4.477463641610503e-6 ; 9.231024146513453e-6
5.458713105616901e-6 ; -0.000011360926184588182
-5.942153736510182e-6 ; 0.000012559128929461458
6.003790578555655e-6 ; -0.000012960509188436001
-5.711168943604486e-6 ; 0.000012786603049987204
5.1376771676253515e-6 ; -0.000012230968700880295
-4.3905173962755e-6 ; 0.000011412526907814675
3.4390653521671534e-6 ; -0.000010413676470709647
-2.4078466638453317e-6 ; 9.229917730059226e-6
1.3400101238230885e-6 ; -7.836526281335808e-6
-3.591380488878699e-7 ; 6.191004107395105e-6
-3.9442702084170814e-7 ; -4.293192177629505e-6
7.234269817401414e-7 ; 2.328864088713192e-6
-4.743533321744396e-7 ; -8.186614506189482e-7
1.283683195637439e-7 ; 1.3873807811885868e-7
4.450842285006968e-7 ; -8.712796903726111e-7
-1.6054463422396803e-6 ; 3.1546473465442617e-6
3.169287152879467e-6 ; -6.242883269670295e-6
-4.615921121447656e-6 ; 9.147552210634352e-6
5.629220864523728e-6 ; -0.000011258239377435311
-6.130793728620403e-6 ; 0.00001244563796607595
6.198575150259265e-6 ; -0.000012844830558474289
-5.903457639679995e-6 ; 0.000012674075841209448
5.321711521695075e-6 ; -0.00001212450432208728
-4.562051682341455e-6 ; 0.000011316930098568691
3.5952036147580734e-6 ; -0.00001032784444392156
-2.5452233069577853e-6 ; 9.156646362049418e-6
1.4549209860677393e-6 ; -7.775640075250854e-6
-4.4746880701378364e-7 ; 6.141437671723657e-6
-3.357688943928875e-7 ; -4.2526451231714895e-6
6.922575832182784e-7 ; 2.295036053610352e-6
-4.625453029621233e-7 ; -8.014047542262174e-7
1.2588212747213148e-7 ; 1.3503582734269338e-7
4.5827639696139494e-7 ; -8.669773366790781e-7
-1.6532415038944236e-6 ; 3.138930363708954e-6
3.263878981445977e-6 ; -6.2120144267138705e-6
-4.754604197934787e-6 ; 9.10225211077725e-6
5.800015550429701e-6 ; -0.000011202523043412364
-6.319768061703764e-6 ; 0.000012384058330157418
6.393650599405713e-6 ; -0.00001278271634462643
-6.095980129137414e-6 ; 0.000012614388112806779
5.505951882923981e-6 ; -0.000012068576277108253
-4.733624096675288e-6 ; 0.000011268511628448293
3.751358794655617e-6 ; -0.000010285091993123885
-2.682504899337568e-6 ; 9.121641339556411e-6
1.5696830526432933e-6 ; -7.747376209690547e-6
-5.356830443230655e-7 ; 6.117818763555495e-6
-2.77044765519917e-7 ; -4.230257313998597e-6
6.605981755570345e-7 ; 2.2710720818787255e-6
-4.5039512903131345e-7 ; -7.875546361887706e-7
1.233363271734011e-7 ; 1.318823710803302e-7
4.7092845237561326e-7 ; -8.662418767093133e-7
-1.6990904864945196e-6 ; 3.1361263292560945e-6
3.354609318010744e-6 ; -6.206698050744115e-6
-4.8876404962417135e-6 ; 9.094387612627035e-6
5.9638711687284155e-6 ; -0.000011192871380200894
-6.501090666688095e-6 ; 0.000012373389075810634
6.580773796302662e-6 ; -0.00001277313654611608
-6.280601777209456e-6 ; 0.000012606527004959557
5.682615959651809e-6 ; -0.000012062218392730108
-4.897961915363564e-6 ; 0.000011266377003300816
3.900886736191995e-6 ; -0.000010284605700349846
-2.813782509788936e-6 ; 9.124186344741559e-6
1.6792526151581738e-6 ; -7.751127610470997e-6
-6.197641026567159e-7 ; 6.119662513590804e-6
-2.2106563479621886e-7 ; -4.225677335284177e-6
6.299565568518455e-7 ; 2.2567576068399216e-6
-4.384067897203867e-7 ; -7.770252512337565e-7
1.2080672708820635e-7 ; 1.2926167398434608e-7
4.82483459005704e-7 ; -8.68945080861393e-7
-1.7409775670169652e-6 ; 3.145770863567852e-6
3.4374886536257498e-6 ; -6.226015512763664e-6
-5.009185566718092e-6 ; 9.122612840274366e-6
6.113596207372948e-6 ; -0.000011227628410101043
-6.66681386269744e-6 ; 0.000012411800200473065
6.751739097797299e-6 ; -0.000012814204763407322
-6.449222693826643e-6 ; 0.000012648633838435397
5.843953426942481e-6 ; -0.00001210365488517596
-5.0478164829871005e-6 ; 0.000011308873425238453
4.03716376989379e-6 ; -0.000010324878875088049
-2.9331611057367124e-6 ; 9.162947210015856e-6
1.7785954192684565e-6 ; -7.785759096000024e-6
-6.957038946248084e-7 ; 6.146063800113688e-6
-1.70629107942183e-7 ; -4.238261880167322e-6
6.018157644763505e-7 ; 2.251726647071018e-6
-4.27068225556408e-7 ; -7.696825290740031e-7
1.1836574765131534e-7 ; 1.2715079967847475e-7
4.923841754107971e-7 ; -8.748931130545594e-7
-1.7768861592617607e-6 ; 3.1671622640672098e-6
3.5085254266833325e-6 ; -6.268578346914984e-6
-5.113392162500329e-6 ; 9.184893783280115e-6
6.241995831087794e-6 ; -0.000011304291541476963
-6.808986565962433e-6 ; 0.000012496526260797834
6.898335404132096e-6 ; -0.000012903067925717432
-6.593735559875455e-6 ; 0.000012737894775732903
5.982205703929195e-6 ; -0.000012190195476428012
-5.175926117128694e-6 ; 0.000011393490256310076
4.153552962337469e-6 ; -0.000010403620244420887
-3.03472990478576e-6 ; 9.235889571424697e-6
1.8626615649891239e-6 ; -7.849536462002148e-6
-7.59482835259738e-7 ; 6.1956410845086195e-6
-1.2853404808425783e-7 ; -4.267038470224436e-6
5.776433852676047e-7 ; 2.2554465369334793e-6
-4.168551019495724e-7 ; -7.653411209798733e-7
1.160830744047306e-7 ; 1.2551969439968203e-7
5.000743385733753e-7 ; -8.838147252900585e-7
-1.8048034444654665e-6 ; 3.199318825302166e-6
3.5637352680860487e-6 ; -6.332443627481977e-6
-5.194423790194435e-6 ; 9.278384274821441e-6
6.3418885707586985e-6 ; -0.000011419358842730296
-6.919672718970586e-6 ; 0.000012623697499833669
7.0123654767382024e-6 ; -0.000013035731265763749
-6.706044994317474e-6 ; 0.00001287036738825892
6.089624652907872e-6 ; -0.000012318069062984974
-5.27503435452708e-6 ; 0.000011516701968881393
4.243420986699365e-6 ; -0.000010517610055162919
-3.112577954171099e-6 ; 9.340149724023744e-6
1.9263991244017245e-6 ; -7.940015609852636e-6
-8.070805385628893e-7 ; 6.266448435068964e-6
-9.757409715719104e-8 ; -4.310645944447551e-6
5.588904368240263e-7 ; 2.267190777858803e-6
-4.082314756128157e-7 ; -7.637573877058499e-7
1.1402588995591316e-7 ; 1.2433037359439442e-7
5.050062133235293e-7 ; -8.953461903258136e-7
-1.8227476183154273e-6 ; 3.2409243852248343e-6
3.5991949519320537e-6 ; -6.415006158582829e-6
-5.2465336533809654e-6 ; 9.399268219520324e-6
6.406203400126045e-6 ; -0.000011568135088402627
-6.991058496908312e-6 ; 0.00001278812572777188
7.085757006877638e-6 ; -0.000013206836872055883
-6.778177601810438e-6 ; 0.000013040761619561447
6.1585781118570945e-6 ; -0.000012482213888950215
-5.337989731649395e-6 ; 0.000011673770539391615
4.300229581554655e-6 ; -0.00001066251916766029
-3.160876331138209e-6 ; 9.47187259523764e-6
1.964824778752587e-6 ; -8.05390362431715e-6
-8.345318344435002e-7 ; 6.355865217880625e-6
-8.050000568306921e-8 ; -4.367259309196051e-6
5.46974705214357e-7 ; 2.2860034568201143e-6
-4.0164577406533395e-7 ; -7.64619543966709e-7
1.1225845910760825e-7 ; 1.2353567567385332e-7
5.066562272055033e-7 ; -9.090153748049527e-7
-1.828824432781981e-6 ; 3.2902707315907143e-6
3.611154434411473e-6 ; -6.512884359800075e-6
-5.264228761309056e-6 ; 9.542592374842366e-6
6.428181661766062e-6 ; -0.000011744525888992877
-7.015675407614092e-6 ; 0.000012983076726112064
7.110793513752579e-6 ; -0.000013409428120574048
-6.802510481639153e-6 ; 0.000013242206682066267
6.18176888196765e-6 ; -0.000012676054180681082
-5.357952098922693e-6 ; 0.000011858535241164657
4.317724476799659e-6 ; -0.000010832716638148789
-3.1740474000613667e-6 ; 9.62603954910139e-6
1.973168968951451e-6 ; -8.186911212121873e-6
-8.380420200821973e-7 ; 6.4604788881908245e-6
-7.994117269650233e-8 ; -4.434509623371394e-6
5.432437116835182e-7 ; 2.3106606764817053e-6
-3.9752061239670484e-7 ; -7.675366599802973e-7
1.1084086090900127e-7 ; 1.2307782549884127e-7
5.045502666509644e-7 ; -9.242279182641381e-7
-1.821318647468249e-6 ; 3.345207612269125e-6
3.59621795808649e-6 ; -6.621821260490297e-6
-5.242535136146572e-6 ; 9.702121394627699e-6
6.401703335686063e-6 ; -0.000011940859430955656
-6.986760749833388e-6 ; 0.000013200073395106118
7.0804872050514914e-6 ; -0.000013634746144171089
-6.772140024476363e-6 ; 0.000013466049817198587
6.152588023235968e-6 ; -0.000012891307409946937
-5.328725000494856e-6 ; 0.000012063231384836973
4.290239615187119e-6 ; -0.00001102110384250248
-3.1470370170953632e-6 ; 9.796320012277825e-6
1.9471091368247937e-6 ; -8.333625591192498e-6
-8.141721242397797e-7 ; 6.575984011107872e-6
-9.827898036776941e-8 ; -4.509414871669034e-6
5.489136054242279e-7 ; 2.3396370287197485e-6
-3.962353268680742e-7 ; -7.72028980159924e-7
1.0982671260883017e-7 ; 1.228871521009314e-7
4.98298986894566e-7 ; -9.402599184143897e-7
-1.7988217128473743e-6 ; 3.4031163413549356e-6
3.5515969217058704e-6 ; -6.736632309474696e-6
-5.177368165657836e-6 ; 9.870261472653029e-6
6.321742715807635e-6 ; -0.000012147792578919795
-6.898761106995469e-6 ; 0.000013428792025102137
6.989099751538646e-6 ; -0.000013872122528576012
-6.681396965156182e-6 ; 0.000013701750149587709
6.065608256322896e-6 ; -0.000013117882598762648
-5.245219639888132e-6 ; 0.000012278394639407114
4.2131217811903246e-6 ; -0.000011219026901043629
-3.075694295028301e-6 ; 9.974993119315258e-6
1.8830950370739304e-6 ; -8.487443353821468e-6
-7.600973673556797e-7 ; 6.6971289240281995e-6
-1.3746972293802286e-7 ; -4.588343460537699e-6
5.649828826493045e-7 ; 2.3710879310812224e-6
-3.981008932485518e-7 ; -7.775228389100479e-7
1.092598397168665e-7 ; 1.2288141536175165e-7
4.876418472066975e-7 ; -9.56262365739274e-7
-1.7603910067856738e-6 ; 3.4609258052763425e-6
3.4754252049678645e-6 ; -6.851237009932545e-6
-5.065994385695859e-6 ; 0.000010038106631611479
6.1849365085053125e-6 ; -0.000012354367810656355
-6.7479599751382525e-6 ; 0.000013657125222048324
6.832791289593878e-6 ; -0.000014109044378727508
-6.526488090365925e-6 ; 0.000013936943028506011
5.9171985746547454e-6 ; -0.000013343941972384049
-5.104032579632488e-6 ; 0.000012492918914184626
4.083259226077319e-6 ; -0.000011416329655825185
-2.9572442101820684e-6 ; 0.000010152995021322515
1.7787534841292378e-6 ; -8.640610954770738e-6
-6.739287532886461e-7 ; 6.8177479299233765e-6
-1.988240615021705e-7 ; -4.667036421496818e-6
5.921243759884169e-7 ; 2.4028608289493894e-6
-4.033282625243117e-7 ; -7.833540947770252e-7
1.0917003380234507e-7 ; 1.2296628246596752e-7
4.7249568789920065e-7 ; -9.712826835037873e-7
-1.7057255264322535e-6 ; 3.515190336854316e-6
3.3671071410432257e-6 ; -6.958813054880304e-6
-4.907541194397857e-6 ; 0.000010195664373231454
5.9902110520610725e-6 ; -0.000012548290721743067
-6.533170874743082e-6 ; 0.000013871488394436587
6.610337253598435e-6 ; -0.000014331471053815153
-6.306205102727288e-6 ; 0.000014157753018562658
5.706203253681575e-6 ; -0.000013556200604330317
-4.904083941565758e-6 ; 0.000012694337720600347
3.8996656767173045e-6 ; -0.000011601611032033335
-2.7908096808284054e-6 ; 0.00001032014878329499
1.6333354448346088e-6 ; -8.78442149052298e-6
-5.550683366024959e-7 ; 6.930917670142605e-6
-2.8276324912716125e-7 ; -4.740714899722206e-6
6.305655543009987e-7 ; 2.432548485225799e-6
-4.1199311886046965e-7 ; -7.887840593388653e-7
1.095683094172734e-7 ; 1.2303750109546756e-7
4.530009071545195e-7 ; -9.843070379885548e-7
-1.6353328567739526e-6 ; 3.5622428117978122e-6
3.2276481101523173e-6 ; -7.0520996114355056e-6
-4.703480962147128e-6 ; 0.000010332300010678803
5.739377859775502e-6 ; -0.000012716476824297518
-6.2563953017946666e-6 ; 0.000014057424009240683
6.3238087033402695e-6 ; -0.000014524458989221774
-6.022597279899127e-6 ; 0.00001434941166694741
5.4345861108632e-6 ; -0.000013740518117998733
-4.647222871212285e-6 ; 0.00001286938004465367
3.664034355291818e-6 ; -0.000011762733661643836
-2.5779067960336293e-6 ; 0.000010465618879807633
1.4481401151295925e-6 ; -8.909603812513373e-6
-4.0454620308451853e-7 ; 7.029266371915102e-6
-3.885878601061278e-7 ; -4.804292693802869e-6
6.799748530752617e-7 ; 2.457594200301546e-6
-4.2400236006665723e-7 ; -7.930308827836535e-7
1.1044238523255174e-7 ; 1.229851769510514e-7
4.2955527429877107e-7 ; -9.943244323679893e-7
-1.5506514747784046e-6 ; 3.5984263260893367e-6
3.0598967851343888e-6 ; -7.123855898287789e-6
-4.457985875159791e-6 ; 0.000010437408163251309
5.437570236382818e-6 ; -0.000012845877676330168
-5.92330514848231e-6 ; 0.000014200514441312155
5.9790711672219745e-6 ; -0.000014673105597010989
-5.681464680384329e-6 ; 0.000014497190739205641
5.1079028572247995e-6 ; -0.000013882792524502332
-4.338671437818103e-6 ; 0.000013004810042544786
3.3811441402058605e-6 ; -0.000011887592169479442
-2.3228078768123726e-6 ; 0.00001057859769743441
1.2268258171389672e-6 ; -9.006910252690625e-6
-2.252675025012592e-7 ; 7.105440927772726e-6
-5.143082918419302e-7 ; -4.852697252223482e-6
7.393784582069638e-7 ; 2.4754506789741246e-6
-4.3906960211453724e-7 ; -7.953169243577121e-7
1.1175338778519297e-7 ; 1.2270022990647866e-7
4.0282462775701516e-7 ; -1.000407812351047e-6
-1.454089398383271e-6 ; 3.6203877173829448e-6
2.8686216142667436e-6 ; -7.1674427217032775e-6
-4.1780398732358595e-6 ; 0.000010501264789467057
5.093380942113652e-6 ; -0.00001292452938154245
-5.543394783338365e-6 ; 0.000014287540560784739
5.585941970326624e-6 ; -0.000014763747158949365
-5.2925137912172024e-6 ; 0.000014587586438608389
4.735450244617285e-6 ; -0.000013970094327541646
-3.9871649688581525e-6 ; 0.000013088492370164313
3.05898803652195e-6 ; -0.000011965087854928574
-2.0326564293755497e-6 ; 0.000010649176439579575
9.755085013467722e-7 ; -9.067862209030445e-6
-2.2090701626786712e-8 ; 7.1526994260368734e-6
-6.565912267882542e-7 ; -4.88127688207e-6
8.071343986299369e-7 ; 2.4837815531904623e-6
-4.5670773465659273e-7 ; -7.949288383436164e-7
1.1343487517802662e-7 ; 1.2208258402711193e-7
3.7372160129416234e-7 ; -1.0018022961007261e-6
-1.3489472730547515e-6 ; 3.6253965204430356e-6
2.6603585948824054e-6 ; -7.177453829966435e-6
-3.873215769387334e-6 ; 0.000010515951634120335
4.71858804027234e-6 ; -0.00001294268980936565
-5.129678177221873e-6 ; 0.000014307738189829468
5.157877179395735e-6 ; -0.000014785257902838418
-4.869048121367963e-6 ; 0.000014609603717082016
4.329969791550649e-6 ; -0.00001399189655450084
-3.604673919465816e-6 ; 0.000013110547676962451
2.7085187600580788e-6 ; -0.000011986185895895675
-1.7172399518433454e-6 ; 0.000010669289783603374
7.025673201084328e-7 ; -9.085558877399283e-6
1.9832696457259523e-7 ; 7.165553865493087e-6
-8.108660780993301e-7 ; -4.886242441110454e-6
8.809857725457216e-7 ; 2.480679958504196e-6
-4.762450525908362e-7 ; -7.91282740551922e-7
1.1539507295669893e-7 ; 1.2105005010990158e-7
3.433492503371763e-7 ; -9.98005238503195e-7
-1.2392144568597554e-6 ; 3.6116345501690767e-6
2.44300745754337e-6 ; -7.150289359568649e-6
-3.555083774127539e-6 ; 0.000010476196089707168
4.327427154690438e-6 ; -0.000012893871838253008
-4.6978847990469595e-6 ; 0.000014253939613508221
4.7111402865774684e-6 ; -0.000014730230081153199
-4.427146420290367e-6 ; 0.000014555922777104944
3.906860788900873e-6 ; -0.000013941191831458718
-3.205664743917629e-6 ; 0.000013064401918705837
2.3429725272356363e-6 ; -0.000011944875369352545
-1.3883858338414208e-6 ; 0.00001063357369220331
4.181275149747457e-7 ; -9.055411632330054e-6
4.2794049535837647e-7 ; 7.14035377613467e-6
-9.716076839717488e-7 ; -4.86506840037784e-6
9.58201179292736e-7 ; 2.4648669742630488e-6
-4.968673814125197e-7 ; -7.83983357968561e-7
1.1752265339105157e-7 ; 1.1954638626882947e-7
3.1291439623088405e-7 ; -9.88821838278529e-7
-1.1292556154634013e-6 ; 3.5783970292322632e-6
2.2252110614779524e-6 ; -7.084554177024227e-6
-3.236302482055409e-6 ; 0.000010379954774386877
3.935472956035964e-6 ; -0.00001277556162263547
-4.2652236136628146e-6 ; 0.000014123367535773466
4.263524209957838e-6 ; -0.000014595795211737137
-3.984399194209608e-6 ; 0.00001442371126205464
3.4829702161857318e-6 ; -0.000013815270447468891
-2.8059632843264877e-6 ; 0.000012947517419716273
1.9768291662149634e-6 ; -0.00001183883820793369
-1.059032290613437e-6 ; 0.000010539963212626501
1.3326509763430878e-7 ; -8.975655838917758e-6
6.579492234446758e-7 ; 7.0756929625327595e-6
-1.1327709489776086e-6 ; -4.816772321803444e-6
1.0357903337530287e-6 ; 2.435829841317032e-6
-5.176826134227619e-7 ; -7.728651978721967e-7
1.1969556988008996e-7 ; 1.1754690355832063e-7
2.836234762144959e-7 ; -9.743843336805388e-7
-1.0234340670255739e-6 ; 3.5261620181121644e-6
2.0156096307960088e-6 ; -6.981195339810336e-6
-2.9295267438945894e-6 ; 0.000010228614750548128
3.5582956473612637e-6 ; -0.000012589465947195657
-3.848898808550901e-6 ; 0.000013917908089422526
3.832816911471994e-6 ; -0.000014383906045259338
-3.558392006067689e-6 ; 0.000014214902747336877
3.0751403226416897e-6 ; -0.00001361598686862336
-2.4213906146276267e-6 ; 0.000012761643131378092
1.6245641027738903e-6 ; -0.00001166967810068041
-7.421133567017379e-7 ; 0.00001038989699506174
-1.409476409469141e-7 ; -8.847525934835544e-6
8.795554025535574e-7 ; 6.972548608115715e-6
-1.288312401248436e-6 ; -4.7420103508282645e-6
1.1107626656521855e-6 ; 2.3938690536362314e-6
-5.377980477243451e-7 ; -7.580065121500792e-7
1.2179163551326981e-7 ; 1.1506035743377192e-7
2.565793067487442e-7 ; -9.55129822370106e-7
-9.257383719894781e-7 ; 3.456510166698416e-6
1.8221012497315098e-6 ; -6.843343149302583e-6
-2.6463244092766176e-6 ; 0.000010026760694205653
3.210127963793162e-6 ; -0.000012341225776269814
-3.464636706523536e-6 ; 0.000013643794401739428
3.4352781766911255e-6 ; -0.000014101009534171805
-3.165199485320584e-6 ; 0.000013935873587234559
2.698766232390888e-6 ; -0.000013349450383939784
-2.066408130696595e-6 ; 0.0000125125241829795
1.2994087074243692e-6 ; -0.000011442654841441099
-4.4945128294294925e-7 ; 0.000010188080014491086
-3.9439032068417903e-7 ; -8.675052342650587e-6
1.0847177994211673e-6 ; 6.834119852322439e-6
-1.4327082995563507e-6 ; -4.642966137128033e-6
1.1803841601473624e-6 ; 2.3400431453802942e-6
-5.563971809744399e-7 ; -7.397127218900352e-7
1.2369902325039787e-7 ; 1.121266699641933e-7
2.3269626485029864e-7 ; -9.317417637497845e-7
-8.394755462656703e-7 ; 3.3719132421339212e-6
1.6512343402019646e-6 ; -6.675892630710068e-6
-2.396286506159789e-6 ; 9.781562281917902e-6
2.902770372363026e-6 ; -0.000012039662952389216
-3.1254761131576367e-6 ; 0.00001331077466023545
3.0843889980135675e-6 ; -0.00001375718702350568
-2.8181490337446072e-6 ; 0.000013596593149772432
2.366611992460278e-6 ; -0.000013025211440404908
-1.7530055049462292e-6 ; 0.000012209137707247197
1.0123329084897722e-6 ; -0.000011165985253724696
-1.908475606233199e-7 ; 9.941859019819556e-6
-6.186726016953586e-7 ; -8.464526836656227e-6
1.266770114167336e-6 ; 6.665402868457278e-6
-1.561379798723347e-6 ; -4.523058625346619e-6
1.242388120825905e-6 ; 2.2760237733951706e-6
-5.728027208168421e-7 ; -7.184730645262279e-7
1.2532488205211192e-7 ; 1.0881099658988728e-7
2.126464163130835e-7 ; -9.050689269558684e-7
-7.670763183619787e-7 ; 3.2754407895041066e-6
1.5078222324752375e-6 ; -6.484922190891983e-6
-2.1864629903805765e-6 ; 9.501921973855825e-6
2.644897117156787e-6 ; -0.000011695730724512682
-2.8410017874288378e-6 ; 0.000012930951587268139
2.790059250253401e-6 ; -0.000013364953574114672
-2.5270376744991326e-6 ; 0.000013209436230137135
2.088060631077374e-6 ; -0.000012655123873512362
-1.4899963290958691e-6 ; 0.000011862623840840054
7.714008050629344e-7 ; -0.000010849864996553921
2.649278540506037e-8 ; 9.660348448201217e-6
-8.07627009475905e-7 ; -8.223754205748225e-6
1.4208126515143466e-6 ; 6.4725960583758975e-6
-1.670962231078747e-6 ; -4.386533050059798e-6
1.2951086891013693e-6 ; 2.203892955211996e-6
-5.865165208832323e-7 ; -6.948999752847367e-7
1.266007994639059e-7 ; 1.0519543618963968e-7
1.968414812186179e-7 ; -8.760360659485271e-7
-7.100297855703449e-7 ; 3.1704373074623645e-6
1.3948135236681542e-6 ; -6.277054938122466e-6
-2.0211725016124115e-6 ; 9.197540504998635e-6
2.441821735691888e-6 ; -0.000011321365123409559
-2.6170849640924596e-6 ; 0.000012517514488071778
2.5583591119958714e-6 ; -0.000012937948088896318
-2.297866321971198e-6 ; 0.000012787888971995984
1.868859522391422e-6 ; -0.0000122521061950538
-1.2827788693310287e-6 ; 0.000011485122615214835
5.815517291312209e-7 ; -0.00001050540472063027
1.9815682211673568e-7 ; 9.353480086913442e-6
-9.57476409449949e-7 ; -7.961238794073288e-6
1.543845432752463e-6 ; 6.2624535715386875e-6
-1.7593966481533803e-6 ; -4.238016442825353e-6
1.337526303268431e-6 ; 2.1259227477011657e-6
-5.972332111317683e-7 ; -6.696632326977197e-7
1.2748467055151596e-7 ; 1.0137002723023869e-7
1.8544619837878785e-7 ; -8.455635077299123e-7
-6.689318297530421e-7 ; 3.0602312837970144e-6
1.313388135232337e-6 ; -6.058882162748504e-6
-1.9021433221681792e-6 ; 8.878071887855627e-6
2.2956708016509463e-6 ; -0.000010928444504802879
-2.456075622179659e-6 ; 0.000012083588747974697
2.3917181135314923e-6 ; -0.000012489742979834754
-2.1330367518626922e-6 ; 0.000012345371442171911
1.7113091480249671e-6 ; -0.000011829013482865543
-1.1335134860741167e-6 ; 0.000011088713961684305
4.447626155542954e-7 ; -0.000010143660071082224
3.223785830579751e-7 ; 9.031136280265592e-6
-1.0667097397556423e-6 ; -7.685442387891326e-6
1.6346694259051182e-6 ; 6.041695433079687e-6
-1.8258619456449039e-6 ; -4.082112008674643e-6
1.3692341723116169e-6 ; 2.0443741731949362e-6
-6.048302345943134e-7 ; -6.434298535747914e-7
1.2795934366108707e-7 ; 9.742452968668327e-8
1.784147473417188e-7 ; -8.145039336247281e-7
-6.436168154145094e-7 ; 2.9479065347445127e-6
1.2632180446203007e-6 ; -5.836510535383037e-6
-1.828895169569749e-6 ; 8.552460255161386e-6
2.205853576129126e-6 ; -0.000010527973732032434
-2.3573213303915253e-6 ; 0.000011641334591692537
2.2894615252139935e-6 ; -0.000012032912587391129
-2.031881840057855e-6 ; 0.000011894316892825327
1.614770882828323e-6 ; -0.000011397755775559279
-1.0415996310143468e-6 ; 0.000010684589742761134
3.604844048609048e-7 ; -9.77487427951966e-6
3.996491278772816e-7 ; 8.702473270444552e-6
-1.1357481778702676e-6 ; -7.404204978365242e-6
1.6936212275957106e-6 ; 5.816547169425279e-6
-1.8705924938831065e-6 ; -3.923082537944211e-6
1.3903480206782203e-6 ; 1.961340256192497e-6
-6.093409375773586e-7 ; -6.168171629838455e-7
1.2802895090910672e-7 ; 9.344200682350906e-8
1.7553918916091688e-7 ; -7.83601003310374e-7
-6.33332769420639e-7 ; 2.8361526583502427e-6
1.2428141488167535e-6 ; -5.615266189932812e-6
-1.7992471860414603e-6 ; 8.228506755605326e-6
2.169686979518078e-6 ; -0.00001012955163011409
-2.3178577625952327e-6 ; 0.00001120135893852321
2.2485242836619777e-6 ; -0.000011578425292685519
-1.9913713524128904e-6 ; 0.000011445570934885052
1.5763429330370654e-6 ; -0.000010968722743181359
-1.0043108100050402e-6 ; 0.000010282513391721734
3.262229770112476e-7 ; -9.407983834579991e-6
4.321974644232732e-7 ; 8.375479561888037e-6
-1.1665007556782113e-6 ; -7.1243667043680835e-6
1.7222198809000408e-6 ; 5.592439308664924e-6
-1.8946353577880283e-6 ; -3.7646437052648655e-6
1.4013858929365886e-6 ; 1.878643489488755e-6
-6.109187127105069e-7 ; -5.903621183495126e-7
1.2771401588769633e-7 ; 8.949462710890138e-8
1.765003101025606e-7 ; -7.534693110073228e-7
-6.369252708583465e-7 ; 2.7271925060791273e-6
1.2498904054881185e-6 ; -5.399551005357271e-6
-1.8098512590359889e-6 ; 7.912658893086244e-6
2.183051734626624e-6 ; -9.741111601852678e-6
-2.3331336316541037e-6 ; 0.000010772428633721947
2.2642004521955386e-6 ; -0.000011135346915341234
-2.006852797944664e-6 ; 0.000011008098266359807
1.5915697906629647e-6 ; -0.000010550502807645048
-1.0174609749038285e-6 ; 9.890556083965959e-6
3.381488034879183e-7 ; -9.050377121650785e-6
4.234458348425508e-7 ; 8.05676028826708e-6
-1.1618980399504834e-6 ; -6.851583255714263e-6
1.722796261221505e-6 ; 5.373860619566077e-6
-1.8995955214863061e-6 ; -3.60986303535077e-6
1.4031419997228214e-6 ; 1.797785637750545e-6
-6.09799355794081e-7 ; -5.6450626255561e-7
1.2704631654133388e-7 ; 8.564160083257284e-8
1.8091381340991245e-7 ; -7.245914695348353e-7
-6.530045289162728e-7 ; 2.6227715841951525e-6
1.2816947325874725e-6 ; -5.192821524859359e-6
-1.856676763723499e-6 ; 7.609979533822053e-6
2.240988916180281e-6 ; -9.368883363764016e-6
-2.3976700020740554e-6 ; 0.000010361428026003424
2.3308250833548062e-6 ; -0.00001071079670663076
-2.0727256915957773e-6 ; 0.000010588939039462668
1.6550881116322343e-6 ; -0.000010149841263029073
-1.076011343005478e-6 ; 9.515057345529246e-6
3.9165219347128924e-7 ; -8.70785836557092e-6
3.775135539332238e-7 ; 7.751504996852423e-6
-1.1254673433139776e-6 ; -6.590298288459223e-6
1.698155445106793e-6 ; 5.16433612922701e-6
-1.8874037617623692e-6 ; -3.4611446321999725e-6
1.3965717624694606e-6 ; 1.7199400210005608e-6
-6.062667594190912e-7 ; -5.395933628247043e-7
1.2606420283399732e-7 ; 8.1928849501331e-8
1.883683691526071e-7 ; -6.973268912212095e-7
-6.800829916636715e-7 ; 2.5241898478336486e-6
1.3352814734955994e-6 ; -4.997651995690507e-6
-1.9354095510225973e-6 ; 7.324239370165483e-6
2.33819072345592e-6 ; -9.017506897176482e-6
-2.505602386771917e-6 ; 9.973485104270953e-6
2.4423345190877105e-6 ; -0.000010310078010270096
-2.1829952912562474e-6 ; 0.000010193338263304859
1.7611568753784612e-6 ; -9.771764402165799e-6
-1.1745682949452614e-6 ; 9.16074180560774e-6
4.81798735593606e-7 ; -8.384754567209849e-6
2.988101198588678e-7 ; 7.463583276708486e-6
-1.0609844157714278e-6 ; -6.343825327176861e-6
1.6512998850278073e-6 ; 4.966492171077063e-6
-1.8601263150031525e-6 ; -3.320273730483527e-6
1.382697545316059e-6 ; 1.645973430216066e-6
-6.00624777714257e-7 ; -5.15875899370411e-7
1.2480875639375664e-7 ; 7.838988418221278e-8
1.9845397833258744e-7 ; -6.719275682831377e-7
-7.166778652344639e-7 ; 2.432358868086978e-6
1.4077143032324479e-6 ; -4.815847756179672e-6
-2.0417490314805328e-6 ; 7.058083232065193e-6
2.469365951150026e-6 ; -8.690237302423047e-6
-2.651084578560522e-6 ; 9.612198017899506e-6
2.5926839938746263e-6 ; -9.936912561779146e-6
-2.33168553902944e-6 ; 9.824977474656546e-6
1.9040529495387689e-6 ; -9.419801405973727e-6
-1.3077550391990996e-6 ; 8.830927630877977e-6
6.036693847997547e-7 ; -8.084106218290783e-6
1.9173130348387525e-7 ; 7.195715174216685e-6
-9.722132389840038e-7 ; -6.114493651288538e-6
1.585222565990094e-6 ; 4.782172258756699e-6
-1.8198226156830642e-6 ; -3.188496164427525e-6
1.362538176097253e-6 ; 1.576485334479786e-6
-5.931761875542183e-7 ; -4.935267183103828e-7
1.2332091847504757e-7 ; 7.50473894364767e-8
2.107811593433047e-7 ; -6.485572578711128e-7
-7.613806232430125e-7 ; 2.3478710188143634e-6
1.4962040804954778e-6 ; -4.648581829322682e-6
-2.171610307636612e-6 ; 6.813229586737939e-6
2.6294888662135442e-6 ; -8.389189658527766e-6
-2.828563737501232e-6 ; 9.279905103644326e-6
2.7761320808973775e-6 ; -9.593719269288353e-6
-2.513120239012629e-6 ; 9.486250072977304e-6
2.0783403152927014e-6 ; -9.096247882289789e-6
-1.4704644627804678e-6 ; 8.52777399729223e-6
7.5259173708799e-7 ; -7.807893697962399e-6
6.045253678458114e-8 ; 6.949673474679346e-6
-8.627291627317346e-7 ; -5.903821454382606e-6
1.5027664153435655e-6 ; 4.612574626884006e-6
-1.7684485663339466e-6 ; -3.0666127161959454e-6
1.3370610050756049e-6 ; 1.5118544556826594e-6
-5.842083740346936e-7 ; -4.726528858133556e-7
1.216395355633784e-7 ; 7.191510822673745e-8
2.2499262647419652e-7 ; -6.273102549512948e-7
-8.128991383563786e-7 ; 2.271067544315155e-6
1.5981921028547631e-6 ; -4.49653004110972e-6
-2.3212459262841845e-6 ; 6.5906688721825195e-6
2.8139488701005143e-6 ; -8.11558349115901e-6
-3.0329456856445326e-6 ; 8.97795539442502e-6
2.9874115902058094e-6 ; -9.281894194829088e-6
-2.722092035407294e-6 ; 9.178538324235451e-6
2.2790319264890934e-6 ; -8.802431307176145e-6
-1.6580112191178659e-6 ; 8.25253052752465e-6
9.242791836587521e-7 ; -7.5572655711063325e-6
-9.119543851470928e-8 ; 6.726487737955495e-6
-7.35812430510382e-7 ; -5.7126905327486775e-6
1.4065396261065398e-6 ; 4.4583909950860365e-6
-1.7077982075186145e-6 ; -2.9550742968231985e-6
1.3071529623257784e-6 ; 1.4522857542011212e-6
-5.739846826927651e-7 ; -4.533096663712073e-7
1.1980017818306313e-7 ; 6.899974413410721e-8
2.407690714017496e-7 ; -6.082288179317428e-7
-8.700785970785491e-7 ; 2.202101539122825e-6
1.711391501283227e-6 ; -4.359995694072865e-6
-2.4873064165170317e-6 ; 6.390846131499482e-6
3.0186248215214533e-6 ; -7.869967610383083e-6
-3.2596768224181373e-6 ; 8.706957255907168e-6
3.2218140628914685e-6 ; -9.002067852291412e-6
-2.9539457640045378e-6 ; 8.902467944731692e-6
2.501669380054645e-6 ; -8.538955034549157e-6
-1.8662064702446943e-6 ; 8.005766640123228e-6
1.1148991979249016e-6 ; -7.332748548004102e-6
-2.597875369806988e-7 ; 6.526631974828979e-6
-5.943960052099189e-7 ; -5.5415069838216624e-6
1.298874143225174e-6 ; 4.319934214936807e-6
-1.6394750358597875e-6 ; -2.854069472767563e-6
1.2736062820908008e-6 ; 1.3978536200309545e-6
-5.627401458707814e-7 ; -4.3551336906800383e-7
1.1783455648828964e-7 ; 6.630270930604405e-8
2.5783030612092187e-7 ; -5.913186218491032e-7
-9.319057248291642e-7 ; 2.1409937965343226e-6
1.8337958428717946e-6 ; -4.239019991255616e-6
-2.6668532753035625e-6 ; 6.213822395675884e-6
3.239901506998792e-6 ; -7.652418151933591e-6
-3.5047628343744093e-6 ; 8.46699661492212e-6
3.4752095880847323e-6 ; -8.754330257448546e-6
-3.2045984128262204e-6 ; 8.658130108315327e-6
2.7423422805282212e-6 ; -8.305910573220924e-6
-2.0913762649082453e-6 ; 7.78757070472032e-6
1.3210902290377202e-6 ; -7.134429572277007e-6
-4.423194845205539e-7 ; 6.3501872637772915e-6
-4.410525480912827e-7 ; -5.390340360457686e-6
1.1818152183732324e-6 ; 4.197248740601631e-6
-1.5648846257469366e-6 ; -2.7636001480958157e-6
1.2371147515878733e-6 ; 1.3485391867153495e-6
-5.506803449798372e-7 ; -4.1925243867340877e-7
1.157703634725375e-7 ; 6.382163291428406e-8
2.759342021399638e-7 ; -5.765610134453995e-7
-9.975048370979476e-7 ; 2.087677164695196e-6
1.9636710325232524e-6 ; -4.133470011046331e-6
-2.8573466268578323e-6 ; 6.059403854908503e-6
3.4746538400098563e-6 ; -7.462697987287689e-6
-3.7647505893058777e-6 ; 8.257813653862562e-6
3.7440275209153567e-6 ; -8.538414140134806e-6
-3.470519614651102e-6 ; 8.445263012310944e-6
2.997669220166077e-6 ; -8.103051823908255e-6
-2.3303434674847715e-6 ; 7.597713947579139e-6
1.5399449953607112e-6 ; -6.962105973318854e-6
-6.361928009508743e-7 ; 6.196976026354545e-6
-2.7800731049582574e-7 ; -5.25903867154809e-6
1.0571315855063996e-6 ; 4.090201953073438e-6
-1.485241401550115e-6 ; -2.68354409232853e-6
1.1982769480482676e-6 ; 1.3042611305629294e-6
-5.379823539336863e-7 ; -4.0449660282117135e-7
1.1363140186807534e-7 ; 6.155160445534196e-8
2.9487335049160434e-7 ; -5.639230913147493e-7
-1.0661257929658069e-6 ; 2.042033019882093e-6
2.099531599223795e-6 ; -4.043110913997394e-6
-3.056610766122512e-6 ; 5.927247533538652e-6
3.7202048501790166e-6 ; -7.300386593602437e-6
-4.036682111864335e-6 ; 8.07894613989566e-6
4.025209249594963e-6 ; -8.353842976507708e-6
-3.7486851998345807e-6 ; 8.263398115518613e-6
3.2647534286488705e-6 ; -7.929935087336167e-6
-2.580386200488326e-6 ; 7.435781932065889e-6
1.7689724639439923e-6 ; -6.8154057861807505e-6
-8.391808418003773e-7 ; 6.066669544271822e-6
-1.0716718084553615e-7 ; -5.147320415964998e-6
9.263384252551503e-7 ; 3.998557194182809e-6
-1.4015841345054344e-6 ; -2.6137048645942935e-6
1.1576037628672478e-6 ; 1.2649002172572615e-6
-5.247969550601575e-7 ; -3.91204151686154e-7
1.1143788415789319e-7 ; 5.948616216469901e-8
3.144709824137139e-7 ; -5.533655419583192e-7
-1.137129276202513e-6 ; 2.0039195894337412e-6
2.240111572638551e-6 ; -3.9676619894825185e-6
-3.2627914430507147e-6 ; 5.816943337262178e-6
3.974272990068632e-6 ; -7.1649809580029356e-6
-4.3180361917882375e-6 ; 7.929840874779779e-6
4.316147698022202e-6 ; -8.200046160455081e-6
-4.036517292626257e-6 ; 8.111973949584531e-6
3.541125311771109e-6 ; -7.786028045667371e-6
-2.8391838431697693e-6 ; 7.301276900705681e-6
2.006048363450765e-6 ; -6.693881415239265e-6
-1.0493845545643539e-6 ; 5.958871656280532e-6
6.984144774860421e-8 ; -5.0548462199130875e-6
7.907273213801325e-7 ; 3.9220305803929075e-6
-1.3147961842458967e-6 ; -2.5538505687894945e-6
1.1155282401603252e-6 ; 1.230318309360815e-6
-5.112515381042642e-7 ; -3.7932756352118445e-7
1.092068251967636e-7 ; 5.761805568950536e-8
3.345764751515146e-7 ; -5.448485078073257e-7
-1.2099704682699181e-6 ; 1.973193178062974e-6
2.3843320586954897e-6 ; -3.906838707278792e-6
-3.4743082860279776e-6 ; 5.728075706982511e-6
4.23491354951835e-6 ; -7.055971535358514e-6
-4.606663617045862e-6 ; 7.809937747134987e-6
4.614620358489748e-6 ; -8.076446016021554e-6
-4.331818086417445e-6 ; 7.990422244439391e-6
3.824678967500569e-6 ; -7.670792354557791e-6
-3.1047573888684823e-6 ; 7.193695420953553e-6
2.2493605250238256e-6 ; -6.597080769319254e-6
-1.265183606739374e-6 ; 5.873182367170674e-6
2.516308462082159e-7 ; -4.9812733008962585e-6
6.513993403421034e-7 ; 3.860334174870035e-6
-1.2256278123470447e-6 ; -2.50374322182705e-6
1.0724163994734484e-6 ; 1.200372720322363e-6
-4.97453283904997e-7 ; -3.6881774085640277e-7
1.0695247294859434e-7 ; 5.5939819191707116e-8
3.55060700039022e-7 ; -5.383359789374394e-7
-1.284182257284553e-6 ; 1.9497240817475313e-6
2.5312680508651452e-6 ; -3.860384262647882e-6
-3.689806225229766e-6 ; 5.660269846983602e-6
4.500458884734926e-6 ; -6.972899137344563e-6
-4.900721083942656e-6 ; 7.718732607065307e-6
4.918720924110967e-6 ; -7.982522815538143e-6
-4.632702195288365e-6 ; 7.898232235371983e-6
4.113607295849336e-6 ; -7.583745288465184e-6
-3.3754084570604447e-6 ; 7.112586318013705e-6
2.4973529588958913e-6 ; -6.5246003406996e-6
-1.4851863695011826e-6 ; 5.809245309207843e-6
4.3700913741701906e-7 ; -4.92629609826587e-6
5.092988544843381e-7 ; 3.813208155230321e-6
-1.1347189137752084e-6 ; -2.463160543035389e-6
1.0285782139890376e-6 ; 1.174926809846012e-6
-4.834923834907951e-7 ; -3.5962712441686117e-7
1.0468674316735746e-7 ; 5.4444191326562296e-8
3.7581139922751524e-7 ; -5.337991027873201e-7
-1.3593585255154757e-6 ; 1.933408515524286e-6
2.6801153826618543e-6 ; -3.828093113538033e-6
-3.9081071483550135e-6 ; 5.613226108280886e-6
4.769459011478742e-6 ; -6.915397143954988e-6
-5.198605619510612e-6 ; 7.65582381798715e-6
5.226791577350236e-6 ; -7.917862803605624e-6
-4.937529767000284e-6 ; 7.834998050492716e-6
4.406337920362836e-6 ; -7.524505077448821e-6
-3.649659139826989e-6 ; 7.05759320416814e-6
2.7486707214380948e-6 ; -6.476124134664734e-6
-1.7081806309289324e-6 ; 5.766782523845815e-6
6.249381292659768e-7 ; -4.88967602717892e-6
3.6524679933054296e-7 ; 3.7804443240554892e-6
-1.0426212435847122e-6 ; -2.4319117827423208e-6
9.842782763475059e-7 ; 1.1538576249057553e-6
-4.694451507516914e-7 ; -3.5171192542254086e-7
1.0241963848988167e-7 ; 5.3124414988145036e-8
3.967288897709542e-7 ; -5.312183794292861e-7
-1.4351385484324852e-6 ; 1.9241765935143564e-6
2.830159725899317e-6 ; -3.809826855054389e-6
-4.128164318109247e-6 ; 5.586743350254177e-6
5.040625322616925e-6 ; -6.883220384985644e-6
-5.498892183986448e-6 ; 7.620944333006572e-6
5.537358330997215e-6 ; -7.88219152243415e-6
-5.244842415334958e-6 ; 7.800451823066403e-6
4.7014716434065745e-6 ; -7.492822791785921e-6
-3.926194115853338e-6 ; 7.028484544147289e-6
3.002106754393163e-6 ; -6.451451315272876e-6
-1.9330860124709586e-6 ; 5.7456192391011905e-6
8.144925794782567e-7 ; -4.871262713601979e-6
2.1997275654712333e-7 ; 3.7619028743115052e-6
-9.498197102525575e-7 ; -2.4098489290500937e-6
9.39745931282972e-7 ; 1.1370612586763784e-6
-4.553769608774569e-7 ; -3.4503367858742324e-7
1.0015964253395058e-7 ; 5.1974444561979343e-8
4.1772176816402493e-7 ; -5.305853370326604e-7
-1.5111914897435395e-6 ; 1.921998377439628e-6
2.980745965821978e-6 ; -3.8055261587039933e-6
-4.349017575149793e-6 ; 5.580736369852595e-6
5.312775502375165e-6 ; -6.876266500883914e-6
-5.800272786303628e-6 ; 7.613985197219476e-6
5.849068094732167e-6 ; -7.875397981141645e-6
-5.553300982107082e-6 ; 7.794487464522125e-6
4.997722737827859e-6 ; -7.488605027359295e-6
-4.203804571061454e-6 ; 7.025174874624648e-6
3.2565504053916713e-6 ; -6.4505156088922105e-6
-2.1589079188536304e-6 ; 5.745701183963211e-6
1.0048208046385879e-6 ; -4.871008782597359e-6
7.414588892628962e-8 ; 3.757524007827865e-6
-8.567527109824086e-7 ; -2.396874382877002e-6
8.951848437467151e-7 ; 1.1244564690120024e-6
-4.413450014875689e-7 ; -3.395602781467579e-7
9.791408692830587e-8 ; 5.098908289158719e-8
4.387028111926062e-7 ; -5.31903422531424e-7
-1.587201538532035e-6 ; 1.9268871307987396e-6
3.131248739253161e-6 ; -3.81521729975621e-6
-4.569750129048698e-6 ; 5.595245618501412e-6
5.5847803129736475e-6 ; -6.894588110295628e-6
-6.101497621177866e-6 ; 7.635009233080401e-6
6.1606278116922675e-6 ; -7.897549032613436e-6
-5.861625315130544e-6 ; 7.817175090854194e-6
5.293861113038303e-6 ; -7.511927921533041e-6
-4.481333840674754e-6 ; 7.04773810739166e-6
3.5109374516762446e-6 ; -6.473397617877667e-6
-2.384692790409108e-6 ; 5.767105672624823e-6
1.1951063894283524e-6 ; -4.888979379484754e-6
-7.159506106831175e-8 ; 3.7673354204951078e-6
-7.638316408130294e-7 ; -2.392945851053738e-6
8.507820569552425e-7 ; 1.1159869483536878e-6
-4.27400850273711e-7 ; -3.3526661771416e-7
9.568949296894492e-8 ; 5.016406474503802e-8
4.595848845195039e-7 ; -5.35188772776179e-7
-1.6628531157791804e-6 ; 1.9389020455949114e-6
3.2810431895409583e-6 ; -3.839017388302612e-6
-4.789445744753082e-6 ; 5.630444586572148e-6
5.8555109155880145e-6 ; -6.938401549856735e-6
-6.4013167994299544e-6 ; 7.684260354761292e-6
6.470744200259021e-6 ; -7.948898698032246e-6
-6.168534626499958e-6 ; 7.868770005920733e-6
5.588655007830175e-6 ; -7.563045599725197e-6
-4.757623551973831e-6 ; 7.096415341909818e-6
3.764200547950276e-6 ; -6.520331921439445e-6
-2.609483729923238e-6 ; 5.8100479119683654e-6
1.3845302315928434e-6 ; -4.92535753515902e-6
-2.1661213527251921e-7 ; 3.7914564761992816e-6
-6.714599234775111e-7 ; -2.398079020158718e-6
8.067166900361671e-7 ; 1.1116225311676443e-6
-4.135929192998335e-7 ; -3.3213492132384156e-7
9.349189302899306e-8 ; 4.949609885694314e-8
4.802768698906486e-7 ; -5.404702186763373e-7
-1.7378161085411665e-6 ; 1.9581483082038845e-6
3.42947569007462e-6 ; -3.877134636075084e-6
-5.00714574635678e-6 ; 5.686640427043465e-6
6.123785825889491e-6 ; -7.008087928685973e-6
-6.698421566961044e-6 ; 7.762165010816588e-6
6.778062924442885e-6 ; -8.029889883518486e-6
-6.472687268856737e-6 ; 7.949714564253969e-6
5.880813100524727e-6 ; -7.64239207734077e-6
-5.031459227853812e-6 ; 7.1716167289128845e-6
4.015219136797313e-6 ; -6.591708837886526e-6
-2.8322756362210054e-6 ; 5.874882610313731e-6
1.5722321739607256e-6 ; -4.980445558460438e-6
-3.602382997051834e-7 ; 3.830099295801924e-6
-5.800519350593431e-7 ; -2.41234824136043e-6
7.631684408555929e-7 ; 1.1113594857643369e-6
-3.999688115653699e-7 ; -3.3015481588928446e-7
9.13271376441439e-8 ; 4.898287590160739e-8
5.006795092228438e-7 ; -5.477890296600954e-7
-1.8117307990253741e-6 ; 1.984776178742083e-6
3.5758339752438966e-6 ; -3.92986652457352e-6
-5.221805165480979e-6 ; 5.7642712299022906e-6
6.388316810159082e-6 ; -7.104189709941143e-6
-6.991384293848916e-6 ; 7.869328340856542e-6
7.08110640282933e-6 ; -8.141150366296632e-6
-6.7726190427859005e-6 ; 8.06063417747738e-6
6.168925067446554e-6 ; -7.750577411247302e-6
-5.3015143413725855e-6 ; 7.273917856231693e-6
4.262767818072149e-6 ; -6.688071095799731e-6
-3.0519688971546618e-6 ; 5.962100999673867e-6
1.7572713847693283e-6 ; -5.054662492932601e-6
-5.017466937540757e-7 ; 3.883566782275987e-6
-4.900522462542641e-7 ; -2.435885286567627e-6
7.203260855627753e-7 ; 1.115219948991474e-6
-3.865776429182628e-7 ; -3.293231686706666e-7
8.920119520040932e-8 ; 4.862304610142943e-8
5.206808589019704e-7 ; -5.571981985865641e-7
-1.884191430507157e-6 ; 2.018978356318344e-6
3.7193146920543597e-6 ; -3.997594515589778e-6
-5.4322452938211274e-6 ; 5.863898183217454e-6
6.647650594536624e-6 ; -7.227400983849592e-6
-7.278594093359069e-6 ; 8.006523355518437e-6
7.378207369055027e-6 ; -8.28348157654009e-6
-7.066677525530679e-6 ; 8.202326193493481e-6
6.451398471183835e-6 ; -7.888376993669475e-6
-5.566291053736897e-6 ; 7.404049690293353e-6
4.505461704949186e-6 ; -6.8101045552443715e-6
-3.2673204236001564e-6 ; 6.072322522486016e-6
1.9385845044027727e-6 ; -5.148537012724836e-6
-6.403182570223483e-7 ; 3.952247126680038e-6
-4.0195563171499556e-7 ; -2.468875952096224e-6
6.783961715201565e-7 ; 1.123250440194637e-6
-3.73472382952047e-7 ; -3.2964368049103266e-7
8.712045114635646e-8 ; 4.8416165969558226e-8