-4.545482813188713e-9 ; -7.629752452190779e-9
7.4183909448772865e-9 ; 1.370083982566462e-8
-8.661354274477851e-9 ; -1.4958594858188942e-8
7.48010412262329e-9 ; 1.6530124948738e-8
-5.887559799027083e-9 ; -1.684446273376766e-8
9.103797709057045e-9 ; 8.879458395969561e-9
-7.175316545855491e-9 ; -1.0935269225864991e-8
4.420122867551198e-9 ; 1.0032565966983546e-8
-3.5249044011295398e-9 ; -6.482687463862351e-9
-5.032436392562648e-10 ; 7.140012711363782e-9
-9.810107718847786e-9 ; -2.19517697961102e-9
1.6772470904075435e-8 ; 4.475375152937231e-9
-1.8969233121880392e-8 ; -4.455578705994376e-9
1.859998156802183e-8 ; 6.407501949980717e-9
-1.7037319067259688e-8 ; -7.471495966472494e-9
1.5996363917541647e-8 ; -8.898272590895433e-10
-1.501753539951453e-8 ; -2.5401375809146672e-9
1.1135355475846759e-8 ; 2.732697655489248e-9
-7.906260114268788e-9 ; -3.563291830819829e-10
3.751880072889823e-9 ; 5.247296271161307e-9
-6.4337057141219264e-9 ; 2.2155318402454704e-9
1.1233098466319932e-8 ; -3.2752662359622243e-9
-1.2514421921534214e-8 ; 4.1505640014485994e-9
1.293114494060213e-8 ; -2.6341440733158626e-9
-1.2185046627761584e-8 ; 1.4417337748373597e-9
8.834348987191082e-9 ; -7.186235283149058e-9
-9.789709782941973e-9 ; 4.061985327730841e-9
6.273824505090721e-9 ; -2.9695119184798057e-9
-3.138643570871861e-9 ; 3.6838177253516468e-9
3.6441207094598164e-9 ; 2.153572366176195e-9
-4.449561010801399e-9 ; 1.596442475747029e-9
7.850799041992892e-9 ; -2.426856050640066e-9
-8.68992497604163e-9 ; 3.021282977139601e-9
9.214266798464099e-9 ; -2.1236845109747073e-9
-8.721490795804287e-9 ; 1.3882383321831554e-9
5.500284248133018e-9 ; -4.867386637350747e-9
-6.935546379475277e-9 ; 2.9966747353163083e-9
3.4192376162692475e-9 ; -1.8526267941192455e-9
-5.678989365458496e-10 ; 2.1477984981183464e-9
2.752837515329037e-9 ; 1.1697649285891557e-9
-4.525463995045221e-9 ; 1.1575663365506128e-9
7.923470598430546e-9 ; -1.7871379967363044e-9
-8.83794291459453e-9 ; 2.2151952753390755e-9
9.209532565680147e-9 ; -1.6522784846956852e-9
-8.616924237414189e-9 ; 1.1796623819615011e-9
6.182464593688353e-9 ; -3.538422184413891e-9
-7.367359981096444e-9 ; 2.3653043919340178e-9
3.3644053281278194e-9 ; -1.0190897443928803e-9
-3.552101533407165e-10 ; 1.0208998806730861e-9
2.246947176482888e-9 ; 7.713427288735814e-10
-5.0599804338176124e-9 ; 1.4188938190931436e-9
8.776071463608507e-9 ; -2.2883165549702036e-9
-9.876416826905885e-9 ; 2.755756833686821e-9
1.0069714719487092e-8 ; -2.3489332237645734e-9
-9.318498814867754e-9 ; 1.968667816399662e-9
7.724577750967494e-9 ; -3.865472678876261e-9
-8.552679879473147e-9 ; 2.977420304916475e-9
3.817582512080441e-9 ; -1.1020888203386082e-9
-5.474364583208777e-10 ; 6.313668330652194e-10
1.914378719771914e-9 ; 5.294729009096427e-10