-7.428178640275044e-9 ; -2.8077816795645982e-9
6.270202773373574e-9 ; 1.540176772091069e-8
-1.366673514066801e-8 ; -7.10539385243614e-9
1.4576072970601904e-8 ; 5.188107500761745e-9
-9.985593529331883e-9 ; -9.73522637324406e-9
7.068857810486715e-9 ; 1.3098044883394786e-8
-7.968388808026963e-9 ; -8.195004641256892e-9
3.7065549256601337e-9 ; 8.714876953729475e-9
-5.6132542452933435e-9 ; -4.354792414210601e-9
-1.2609543232583033e-10 ; 7.22564992652576e-9
3.686367325795225e-10 ; 1.3373007232712129e-8
1.6230778560342858e-9 ; -1.3939377314969374e-8
2.8946151264612325e-9 ; 3.04895482276575e-9
-2.4568811902299327e-9 ; -2.9390909080893788e-9
5.5726165614895295e-9 ; -2.802607753577432e-9
1.3211595253521418e-10 ; -1.239014775622587e-9
-3.0508128362801754e-10 ; -4.0058979904705195e-10
-4.296333221219435e-10 ; -6.028539855403223e-11
-8.740784328898553e-11 ; 7.130350297726516e-11
5.1778390209342925e-12 ; 1.0061047441207775e-12
-9.573226705372039e-9 ; 5.871870349126785e-9
1.4720239206707595e-8 ; 3.6121966939289656e-9
-1.8588296226522192e-8 ; 9.514160313518207e-9
1.8618221798322305e-8 ; -1.1843053201533705e-8
-1.5972473624208907e-8 ; 4.753108241248499e-9
1.4418480171048016e-8 ; 1.1915589078415238e-9
-1.2780003940299299e-8 ; 3.627244136106478e-9
8.000924990259355e-9 ; -1.0715652061244638e-9
-8.624136902755146e-9 ; 4.735027763747918e-9
4.24231480026502e-9 ; 4.683155173432343e-9
1.0383172768711875e-8 ; 3.863776269672663e-8
-7.650649027223974e-9 ; -3.255039106355846e-8
6.063697053767581e-9 ; 1.0696001304579456e-8
-4.99160942287402e-9 ; -6.711193103695708e-9
5.029512983065347e-9 ; -2.3995163336332974e-9
-3.8701714247852527e-10 ; -2.236898211256877e-9
-5.158970632957259e-10 ; -2.609010569238657e-10
-6.178399025538215e-10 ; -2.0339297342449602e-10
-1.1050086246799213e-10 ; 1.8514854278293656e-10
1.328779341903469e-11 ; -5.674995212509065e-12
6.956577284105206e-11 ; 8.118529621246115e-9
3.2024503653254858e-9 ; -1.6919683955601465e-9
-3.2806950858833276e-10 ; 1.411217926141459e-8
-3.977840227669931e-10 ; -1.612230416921817e-8
-5.161645355104446e-10 ; 9.40906284628964e-9
2.3559025233227003e-9 ; -3.4873213037440187e-9
7.729957965953639e-11 ; 7.101745414892444e-9
-3.1310133575719925e-9 ; -3.67687414068321e-9
1.0880934918430566e-9 ; 7.964777693289344e-9
3.267921905750211e-9 ; 1.428131185316963e-9
7.099932076980072e-8 ; 5.7533286797307304e-8
-5.209404120497204e-8 ; -4.504702622763557e-8
2.6275678254767185e-8 ; 1.7329153634832118e-8
-1.5364876206587778e-8 ; -9.40930380421044e-9
7.955641277816396e-9 ; -5.974581509254017e-10
-2.6879847679090905e-9 ; -3.0534934708183946e-9
8.829472991747571e-11 ; 2.1816902257503815e-10
-1.24213469481999e-9 ; -3.030216350920852e-10
6.582392930850054e-11 ; 3.704764575959219e-10
4.369884038929969e-12 ; -2.602469980998746e-11
2.4105471697567073e-9 ; 1.1637527951194629e-9
1.177921700017822e-9 ; 7.941924494428212e-9
3.9532850990102525e-9 ; 6.664008138389736e-10
-4.9642236514550735e-9 ; -2.296354776103611e-9
2.788076831247358e-9 ; -2.5119307740886176e-9
3.413230980080997e-10 ; 6.692764236245661e-9
2.429266283236987e-9 ; -3.3443067073394666e-9
-4.8679550980133346e-9 ; 6.124278118153388e-9
4.3094070508390215e-9 ; 1.7210758927611213e-9
2.136083727557262e-9 ; 1.1321603089903778e-9
1.5239176286774165e-7 ; -6.5202935068214375e-9
-1.1030173866047252e-7 ; 8.841813112677468e-10
5.5149918238788614e-8 ; -4.923548116827913e-9
-2.9678286147638496e-8 ; 1.6591274627797408e-9
1.4168005601249964e-8 ; -4.9929989102359805e-9
-5.9745592916136086e-9 ; -6.445533162492388e-10
1.4857780957906987e-9 ; -8.105988007421195e-10
-2.1548181006568964e-9 ; 4.3738204490427075e-10
4.0472936162073277e-10 ; 2.4577252157597193e-10
-2.338440581590743e-11 ; -2.104272399993479e-11
-1.6659800626332415e-9 ; -1.4094269378938333e-9
9.746928998544658e-9 ; 1.0072347390442528e-8
-4.424686933018496e-9 ; -4.0989509988454404e-9
3.1911860206832116e-9 ; 2.8626223555962355e-9
-5.698982358315505e-9 ; -6.27052933294702e-9
9.136532914937649e-9 ; 9.193360322246527e-9
-5.513342041145731e-9 ; -6.400896427366907e-9
2.872589670912041e-9 ; 8.789600529201684e-9
1.6153925417358279e-9 ; -1.0966955205115122e-9
1.997716551683181e-9 ; 1.0155754041896e-9
1.6684581782889907e-7 ; -1.4267537985174989e-7
-1.214175077671338e-7 ; 9.805201056265727e-8
6.059765181351227e-8 ; -5.380268759030426e-8
-3.28728044241283e-8 ; 2.5965777520546593e-8
1.5250034318884587e-8 ; -1.6029403850144457e-8
-6.585272619584014e-9 ; 4.819163434631963e-9
1.596306086340194e-9 ; -3.4691423730190623e-9
-2.3879832879239572e-9 ; 2.0770465527527004e-9
4.970728208856224e-10 ; -1.0319437598995537e-10
-3.1849653372463105e-11 ; 3.0808691959893485e-12
-4.194525382873875e-9 ; -3.457211193468501e-11
1.4008642886789588e-8 ; 5.341144363202479e-9
-9.497578502147486e-9 ; -1.0208938971544672e-9
8.354134365917885e-9 ; 1.9122613445774376e-10
-1.0610411318354212e-8 ; -2.5803282817657615e-9
1.3872161160204761e-8 ; 4.65005417122788e-9
-1.00684880952659e-8 ; -2.7336270901419966e-9
6.727482573272916e-9 ; 5.196099799439717e-9
-6.253387225130793e-11 ; -7.401954616779846e-10
1.8641021850946054e-9 ; 6.93920606571445e-10
4.0793658767654986e-8 ; -2.9408586630308744e-7
-3.227886585935192e-8 ; 2.063400701307921e-7
1.4979723536619996e-8 ; -1.0876047929938739e-7
-1.0546296567590017e-8 ; 5.358689403590792e-8
4.3078159251659466e-9 ; -2.8795365308506298e-8
-1.3781589077042692e-9 ; 1.0916962093523175e-8
-1.2875741899461404e-9 ; -6.528038301415555e-9
-9.047514167793022e-10 ; 3.990859619370276e-9
2.878281082228023e-10 ; -4.338497481443323e-10
-1.9155319480423266e-11 ; 2.5155848399362752e-11