1 ; 1.2473589770824784e-22
2 ; 0.
3 ; 0.
4 ; -8.31572651388319e-23
5 ; 1.663145302776638e-22
6 ; 0.
7 ; 0.
8 ; -8.31572651388319e-23
9 ; 0.
10 ; 2.494717954164957e-22
11 ; -4.157863256941595e-23
12 ; 0.
13 ; 1.0394658142353987e-22
14 ; -4.157863256941595e-23
15 ; 1.0394658142353987e-23
16 ; 1.429265494573673e-23
17 ; 3.118397442706196e-23
18 ; 3.118397442706196e-23
19 ; 1.3513055585060184e-22
20 ; 1.0394658142353987e-22
21 ; -2.390771372741417e-22
22 ; -7.276260699647791e-23
23 ; 0.
24 ; 2.0789316284707974e-23
25 ; -1.8710384656237177e-22
26 ; 1.0394658142353987e-22
27 ; -1.0914391049471687e-22
28 ; -9.874925235236287e-23
29 ; 2.338798082029647e-23
30 ; -1.559198721353098e-23
31 ; 1.0654524595912836e-22
32 ; -4.28779648372102e-23
33 ; -5.1973290711769935e-24
34 ; -2.5986645355884967e-24
35 ; 0.
36 ; -2.5986645355884967e-24
37 ; 5.846995205074118e-24
38 ; 1.1044324276251112e-23
39 ; 1.0394658142353987e-23
40 ; -1.1044324276251112e-23
41 ; -8.05586006032434e-23
42 ; 5.327262297956418e-23
43 ; 1.4552521399295582e-22
44 ; 1.1044324276251111e-22
45 ; -7.276260699647791e-23
46 ; 6.236794885412392e-23
47 ; -4.9374626176181435e-23
48 ; -1.0394658142353987e-23
49 ; -2.858530989147346e-23
50 ; -1.2993322677942484e-24
51 ; -4.417729710500445e-23
52 ; 4.157863256941595e-23
53 ; 5.1323624577872813e-23
54 ; 4.222829870331307e-23
55 ; 3.053430829316484e-23
56 ; 1.2668489610993921e-23
57 ; -8.120826673714053e-24
58 ; -7.471160539816928e-24
59 ; -2.176381548555366e-23
60 ; 2.2738314686399347e-24
61 ; 1.4617488012685294e-24
62 ; 9.744992008456863e-25
63 ; 7.308744006342647e-24
64 ; 1.6241653347428105e-24
65 ; 1.4617488012685294e-24
66 ; 0.
67 ; 8.120826673714052e-25
68 ; 2.030206668428513e-24
69 ; 8.120826673714052e-25
70 ; -1.0151033342142566e-24
71 ; -1.6241653347428105e-25
72 ; -1.2181240010571079e-25
73 ; 0.
74 ; -2.4362480021142157e-25
75 ; 3.4513513363284725e-25
76 ; 4.567965003964155e-25
77 ; -1.7865818682170913e-24
78 ; 2.030206668428513e-25
79 ; 8.120826673714052e-26
80 ; 2.8422893357999183e-25
81 ; 4.466454670542729e-24
82 ; 1.827186001585662e-24
83 ; 3.938600936751315e-24
84 ; -6.050015871916969e-24
85 ; 4.547662937279869e-24
86 ; -8.486263874031185e-24
87 ; 1.7865818682170913e-24
88 ; 1.3155739211416764e-23
89 ; 4.547662937279869e-24
90 ; -1.1206740809725392e-23
91 ; 5.538403791472983e-23
92 ; 8.283243207188333e-24
93 ; 2.74483941571535e-23
94 ; -1.8840317883016602e-23
95 ; 1.1369157343199673e-23
96 ; 1.2506073077519641e-23
97 ; 1.8515484816068038e-23
98 ; -7.471160539816928e-24
99 ; -3.9142384567301735e-23
100 ; 2.809806029105062e-23