 10  8  9  3 00  0  0  0  0
AV18
  4
  1 20
.0          .0
129.5665    51.3467     29.47287    13.42339    8.2144556   4.447413
2.939       1.6901745   1.185236    0.84300     0.50011     0.257369
0.13852     0.071429    0.038519    0.018573    0.0097261   0.00561943 
0.002765    0.00101
  1  1
1.
  2  1
1.
  3  1
1.
  4  1
1.
  1
  1 20
.0          .0
129.5665    51.3467     29.47287    13.42339    8.2144556   4.447413
2.939       1.6901745   1.185236    0.84300     0.50011     0.257369
0.13852     0.071429    0.038519    0.018573    0.0097261   0.00561943 
0.002765    0.00101
  1  1
1.
