  1.0719E-05 -1.6448E-06  1.0822E-06  1.0719E-05 -1.6448E-06  1.0822E-06
  5.4653E-04 -8.3869E-05  5.5186E-05  5.4653E-04 -8.3869E-05  5.5186E-05
  1.0815E-03 -1.6597E-04  1.0919E-04  1.0815E-03 -1.6597E-04  1.0919E-04
  1.6145E-03 -2.4788E-04  1.6303E-04  1.6145E-03 -2.4788E-04  1.6303E-04
  2.1450E-03 -3.2944E-04  2.1663E-04  2.1450E-03 -3.2944E-04  2.1663E-04
  2.6722E-03 -4.1052E-04  2.6992E-04  2.6722E-03 -4.1052E-04  2.6992E-04
  3.1943E-03 -4.9087E-04  3.2280E-04  3.1943E-03 -4.9087E-04  3.2280E-04
  3.7118E-03 -5.7078E-04  3.7507E-04  3.7118E-03 -5.7078E-04  3.7507E-04
  4.2229E-03 -6.4985E-04  4.2689E-04  4.2229E-03 -6.4985E-04  4.2689E-04
  4.7278E-03 -7.2793E-04  4.7795E-04  4.7278E-03 -7.2793E-04  4.7795E-04
  5.2245E-03 -8.0512E-04  5.2833E-04  5.2245E-03 -8.0512E-04  5.2833E-04
  5.7122E-03 -8.8114E-04  5.7811E-04  5.7122E-03 -8.8114E-04  5.7811E-04
  6.1928E-03 -9.5578E-04  6.2677E-04  6.1928E-03 -9.5578E-04  6.2677E-04
  6.6622E-03 -1.0295E-03  6.7455E-04  6.6622E-03 -1.0295E-03  6.7455E-04
  7.1212E-03 -1.1016E-03  7.2133E-04  7.1212E-03 -1.1016E-03  7.2133E-04
  7.5690E-03 -1.1720E-03  7.6694E-04  7.5690E-03 -1.1720E-03  7.6694E-04
  8.0023E-03 -1.2412E-03  8.1156E-04  8.0023E-03 -1.2412E-03  8.1156E-04
  8.4269E-03 -1.3083E-03  8.5489E-04  8.4269E-03 -1.3083E-03  8.5489E-04
  8.8358E-03 -1.3739E-03  8.9695E-04  8.8358E-03 -1.3739E-03  8.9695E-04
  9.2320E-03 -1.4376E-03  9.3785E-04  9.2320E-03 -1.4376E-03  9.3785E-04
  9.6149E-03 -1.4993E-03  9.7731E-04  9.6149E-03 -1.4993E-03  9.7731E-04
  9.9823E-03 -1.5591E-03  1.0153E-03  9.9823E-03 -1.5591E-03  1.0153E-03
  1.0334E-02 -1.6167E-03  1.0518E-03  1.0334E-02 -1.6167E-03  1.0518E-03
  1.0671E-02 -1.6722E-03  1.0869E-03  1.0671E-02 -1.6722E-03  1.0869E-03
  1.0991E-02 -1.7256E-03  1.1205E-03  1.0991E-02 -1.7256E-03  1.1205E-03
  1.1297E-02 -1.7767E-03  1.1525E-03  1.1297E-02 -1.7767E-03  1.1525E-03
  1.1585E-02 -1.8254E-03  1.1829E-03  1.1585E-02 -1.8254E-03  1.1829E-03
  1.1856E-02 -1.8718E-03  1.2116E-03  1.1856E-02 -1.8718E-03  1.2116E-03
  1.2110E-02 -1.9157E-03  1.2387E-03  1.2110E-02 -1.9157E-03  1.2387E-03
  1.2348E-02 -1.9573E-03  1.2641E-03  1.2348E-02 -1.9573E-03  1.2641E-03
  1.2568E-02 -1.9963E-03  1.2879E-03  1.2568E-02 -1.9963E-03  1.2879E-03
  1.2772E-02 -2.0328E-03  1.3100E-03  1.2772E-02 -2.0328E-03  1.3100E-03
  1.2957E-02 -2.0667E-03  1.3303E-03  1.2957E-02 -2.0667E-03  1.3303E-03
  1.3125E-02 -2.0981E-03  1.3489E-03  1.3125E-02 -2.0981E-03  1.3489E-03
  1.3276E-02 -2.1269E-03  1.3659E-03  1.3276E-02 -2.1269E-03  1.3659E-03
  1.3409E-02 -2.1530E-03  1.3811E-03  1.3409E-02 -2.1530E-03  1.3811E-03
  1.3525E-02 -2.1766E-03  1.3945E-03  1.3525E-02 -2.1766E-03  1.3945E-03
  1.3624E-02 -2.1975E-03  1.4063E-03  1.3624E-02 -2.1975E-03  1.4063E-03
  1.3707E-02 -2.2158E-03  1.4164E-03  1.3707E-02 -2.2158E-03  1.4164E-03
  1.3771E-02 -2.2315E-03  1.4248E-03  1.3771E-02 -2.2315E-03  1.4248E-03
  1.3821E-02 -2.2444E-03  1.4314E-03  1.3821E-02 -2.2444E-03  1.4314E-03
  1.3852E-02 -2.2549E-03  1.4366E-03  1.3852E-02 -2.2549E-03  1.4366E-03
  1.3869E-02 -2.2628E-03  1.4400E-03  1.3869E-02 -2.2628E-03  1.4400E-03
  1.3871E-02 -2.2680E-03  1.4420E-03  1.3871E-02 -2.2680E-03  1.4420E-03
  1.3857E-02 -2.2709E-03  1.4422E-03  1.3857E-02 -2.2709E-03  1.4422E-03
  1.3828E-02 -2.2710E-03  1.4410E-03  1.3828E-02 -2.2710E-03  1.4410E-03
  1.3783E-02 -2.2687E-03  1.4383E-03  1.3783E-02 -2.2687E-03  1.4383E-03
  1.3725E-02 -2.2641E-03  1.4342E-03  1.3725E-02 -2.2641E-03  1.4342E-03
  1.3654E-02 -2.2569E-03  1.4286E-03  1.3654E-02 -2.2569E-03  1.4286E-03
  1.3570E-02 -2.2476E-03  1.4214E-03  1.3570E-02 -2.2476E-03  1.4214E-03
  1.3472E-02 -2.2357E-03  1.4129E-03  1.3472E-02 -2.2357E-03  1.4129E-03
  1.3362E-02 -2.2217E-03  1.4033E-03  1.3362E-02 -2.2217E-03  1.4033E-03
  1.3240E-02 -2.2055E-03  1.3923E-03  1.3240E-02 -2.2055E-03  1.3923E-03
  1.3108E-02 -2.1871E-03  1.3801E-03  1.3108E-02 -2.1871E-03  1.3801E-03
  1.2963E-02 -2.1665E-03  1.3666E-03  1.2963E-02 -2.1665E-03  1.3666E-03
  1.2809E-02 -2.1440E-03  1.3521E-03  1.2809E-02 -2.1440E-03  1.3521E-03
  1.2647E-02 -2.1193E-03  1.3364E-03  1.2647E-02 -2.1193E-03  1.3364E-03
  1.2473E-02 -2.0929E-03  1.3198E-03  1.2473E-02 -2.0929E-03  1.3198E-03
  1.2291E-02 -2.0647E-03  1.3022E-03  1.2291E-02 -2.0647E-03  1.3022E-03
  1.2103E-02 -2.0345E-03  1.2838E-03  1.2103E-02 -2.0345E-03  1.2838E-03
  1.1905E-02 -2.0028E-03  1.2643E-03  1.1905E-02 -2.0028E-03  1.2643E-03
  1.1701E-02 -1.9694E-03  1.2439E-03  1.1701E-02 -1.9694E-03  1.2439E-03
  1.1491E-02 -1.9344E-03  1.2228E-03  1.1491E-02 -1.9344E-03  1.2228E-03
  1.1275E-02 -1.8979E-03  1.2010E-03  1.1275E-02 -1.8979E-03  1.2010E-03
  1.1053E-02 -1.8602E-03  1.1786E-03  1.1053E-02 -1.8602E-03  1.1786E-03
  1.0826E-02 -1.8209E-03  1.1555E-03  1.0826E-02 -1.8209E-03  1.1555E-03
  1.0597E-02 -1.7805E-03  1.1318E-03  1.0597E-02 -1.7805E-03  1.1318E-03
  1.0361E-02 -1.7389E-03  1.1076E-03  1.0361E-02 -1.7389E-03  1.1076E-03
  1.0123E-02 -1.6960E-03  1.0829E-03  1.0123E-02 -1.6960E-03  1.0829E-03
  9.8819E-03 -1.6524E-03  1.0577E-03  9.8819E-03 -1.6524E-03  1.0577E-03
  9.6394E-03 -1.6078E-03  1.0322E-03  9.6394E-03 -1.6078E-03  1.0322E-03
  9.3941E-03 -1.5623E-03  1.0063E-03  9.3941E-03 -1.5623E-03  1.0063E-03
  9.1488E-03 -1.5160E-03  9.8030E-04  9.1488E-03 -1.5160E-03  9.8030E-04
  8.9007E-03 -1.4690E-03  9.5378E-04  8.9007E-03 -1.4690E-03  9.5378E-04
  8.6538E-03 -1.4214E-03  9.2709E-04  8.6538E-03 -1.4214E-03  9.2709E-04
  8.4041E-03 -1.3732E-03  9.0039E-04  8.4041E-03 -1.3732E-03  9.0039E-04
  8.1572E-03 -1.3247E-03  8.7354E-04  8.1572E-03 -1.3247E-03  8.7354E-04
  7.9119E-03 -1.2756E-03  8.4657E-04  7.9119E-03 -1.2756E-03  8.4657E-04
  7.6650E-03 -1.2262E-03  8.1960E-04  7.6650E-03 -1.2262E-03  8.1960E-04
  7.4197E-03 -1.1767E-03  7.9247E-04  7.4197E-03 -1.1767E-03  7.9247E-04
  7.1772E-03 -1.1271E-03  7.6550E-04  7.1772E-03 -1.1271E-03  7.6550E-04
  6.9375E-03 -1.0773E-03  7.3853E-04  6.9375E-03 -1.0773E-03  7.3853E-04
  6.6994E-03 -1.0274E-03  7.1184E-04  6.6994E-03 -1.0274E-03  7.1184E-04
  6.4641E-03 -9.7758E-04  6.8503E-04  6.4641E-03 -9.7758E-04  6.8503E-04
  6.2316E-03 -9.2792E-04  6.5846E-04  6.2316E-03 -9.2792E-04  6.5846E-04
  6.0008E-03 -8.7842E-04  6.3221E-04  6.0008E-03 -8.7842E-04  6.3221E-04
  5.7739E-03 -8.2920E-04  6.0596E-04  5.7739E-03 -8.2920E-04  6.0596E-04
  5.5513E-03 -7.8015E-04  5.8011E-04  5.5513E-03 -7.8015E-04  5.8011E-04
  5.3321E-03 -7.3148E-04  5.5458E-04  5.3321E-03 -7.3148E-04  5.5458E-04
  5.1168E-03 -6.8343E-04  5.2933E-04  5.1168E-03 -6.8343E-04  5.2933E-04
  4.9059E-03 -6.3565E-04  5.0436E-04  4.9059E-03 -6.3565E-04  5.0436E-04
  4.7006E-03 -5.8831E-04  4.7967E-04  4.7006E-03 -5.8831E-04  4.7967E-04
  4.4970E-03 -5.4165E-04  4.5530E-04  4.4970E-03 -5.4165E-04  4.5530E-04
  4.3005E-03 -4.9559E-04  4.3133E-04  4.3005E-03 -4.9559E-04  4.3133E-04
  4.1080E-03 -4.5026E-04  4.0780E-04  4.1080E-03 -4.5026E-04  4.0780E-04
  3.9188E-03 -4.0564E-04  3.8483E-04  3.9188E-03 -4.0564E-04  3.8483E-04
  3.7351E-03 -3.6158E-04  3.6202E-04  3.7351E-03 -3.6158E-04  3.6202E-04
  3.5570E-03 -3.1844E-04  3.3975E-04  3.5570E-03 -3.1844E-04  3.3975E-04
  3.3828E-03 -2.7608E-04  3.1794E-04  3.3828E-03 -2.7608E-04  3.1794E-04
  3.2139E-03 -2.3466E-04  2.9660E-04  3.2139E-03 -2.3466E-04  2.9660E-04
