  6.0037E-08  3.0635E-06  6.0380E-05  3.1133E-04  6.6740E-09  1.1206E-06  5.9229E-05  7.2946E-04
  3.0619E-06  1.5626E-04  3.0782E-03  1.5871E-02  3.4032E-07  5.7138E-05  3.0186E-03  3.7151E-02
  6.0625E-06  3.0929E-04  6.0870E-03  3.1353E-02  6.7394E-07  1.1309E-04  5.9670E-03  7.3297E-02
  9.0623E-06  4.6197E-04  9.0811E-03  4.6687E-02  1.0073E-06  1.6891E-04  8.8933E-03  1.0889E-01
  1.2060E-05  6.1441E-04  1.2051E-02  6.1809E-02  1.3400E-06  2.2462E-04  1.1787E-02  1.4366E-01
  1.5053E-05  7.6636E-04  1.4991E-02  7.6645E-02  1.6730E-06  2.8006E-04  1.4636E-02  1.7735E-01
  1.8051E-05  9.1766E-04  1.7892E-02  9.1137E-02  2.0050E-06  3.3517E-04  1.7429E-02  2.0979E-01
  2.1039E-05  1.0682E-03  2.0746E-02  1.0521E-01  2.3368E-06  3.8996E-04  2.0160E-02  2.4065E-01
  2.4018E-05  1.2179E-03  2.3540E-02  1.1881E-01  2.6675E-06  4.4434E-04  2.2818E-02  2.6969E-01
  2.6993E-05  1.3667E-03  2.6283E-02  1.3190E-01  2.9982E-06  4.9831E-04  2.5393E-02  2.9688E-01
  2.9974E-05  1.5139E-03  2.8953E-02  1.4438E-01  3.3272E-06  5.5171E-04  2.7875E-02  3.2186E-01
  3.2937E-05  1.6608E-03  3.1549E-02  1.5616E-01  3.6555E-06  6.0453E-04  3.0259E-02  3.4464E-01
  3.5893E-05  1.8054E-03  3.4072E-02  1.6731E-01  3.9829E-06  6.5679E-04  3.2537E-02  3.6497E-01
  3.8849E-05  1.9496E-03  3.6497E-02  1.7773E-01  4.3087E-06  7.0839E-04  3.4693E-02  3.8286E-01
  4.1788E-05  2.0917E-03  3.8849E-02  1.8740E-01  4.6336E-06  7.5918E-04  3.6734E-02  3.9804E-01
  4.4728E-05  2.2316E-03  4.1086E-02  1.9632E-01  4.9570E-06  8.0931E-04  3.8645E-02  4.1062E-01
  4.7651E-05  2.3709E-03  4.3233E-02  2.0439E-01  5.2787E-06  8.5855E-04  4.0425E-02  4.2058E-01
  5.0566E-05  2.5075E-03  4.5275E-02  2.1162E-01  5.5995E-06  9.0688E-04  4.2074E-02  4.2793E-01
  5.3472E-05  2.6422E-03  4.7202E-02  2.1799E-01  5.9180E-06  9.5432E-04  4.3576E-02  4.3258E-01
  5.6363E-05  2.7753E-03  4.9022E-02  2.2350E-01  6.2356E-06  1.0009E-03  4.4932E-02  4.3454E-01
  5.9237E-05  2.9051E-03  5.0729E-02  2.2806E-01  6.5508E-06  1.0463E-03  4.6148E-02  4.3413E-01
  6.2111E-05  3.0341E-03  5.2321E-02  2.3185E-01  6.8643E-06  1.0908E-03  4.7226E-02  4.3119E-01
  6.4960E-05  3.1598E-03  5.3783E-02  2.3478E-01  7.1754E-06  1.1341E-03  4.8141E-02  4.2597E-01
  6.7802E-05  3.2831E-03  5.5130E-02  2.3686E-01  7.4848E-06  1.1764E-03  4.8916E-02  4.1862E-01
  7.0627E-05  3.4048E-03  5.6355E-02  2.3809E-01  7.7918E-06  1.2174E-03  4.9553E-02  4.0923E-01
  7.3444E-05  3.5224E-03  5.7449E-02  2.3847E-01  8.0972E-06  1.2576E-03  5.0035E-02  3.9796E-01
  7.6236E-05  3.6383E-03  5.8420E-02  2.3811E-01  8.3993E-06  1.2959E-03  5.0378E-02  3.8490E-01
  7.9021E-05  3.7510E-03  5.9278E-02  2.3700E-01  8.6998E-06  1.3336E-03  5.0582E-02  3.7036E-01
  8.1780E-05  3.8612E-03  6.0012E-02  2.3516E-01  8.9970E-06  1.3693E-03  5.0647E-02  3.5460E-01
  8.4532E-05  3.9682E-03  6.0617E-02  2.3269E-01  9.2925E-06  1.4046E-03  5.0582E-02  3.3754E-01
  8.7251E-05  4.0727E-03  6.1107E-02  2.2950E-01  9.5849E-06  1.4378E-03  5.0386E-02  3.1966E-01
  8.9970E-05  4.1739E-03  6.1474E-02  2.2570E-01  9.8747E-06  1.4697E-03  5.0068E-02  3.0104E-01
  9.2656E-05  4.2719E-03  6.1727E-02  2.2130E-01  1.0161E-05  1.5004E-03  4.9627E-02  2.8177E-01
  9.5334E-05  4.3666E-03  6.1866E-02  2.1641E-01  1.0445E-05  1.5297E-03  4.9088E-02  2.6218E-01
  9.7980E-05  4.4581E-03  6.1899E-02  2.1103E-01  1.0726E-05  1.5578E-03  4.8426E-02  2.4239E-01
  1.0061E-04  4.5463E-03  6.1817E-02  2.0526E-01  1.1004E-05  1.5838E-03  4.7675E-02  2.2266E-01
  1.0322E-04  4.6320E-03  6.1629E-02  1.9904E-01  1.1279E-05  1.6092E-03  4.6834E-02  2.0305E-01
  1.0581E-04  4.7128E-03  6.1343E-02  1.9254E-01  1.1550E-05  1.6326E-03  4.5895E-02  1.8372E-01
  1.0837E-04  4.7920E-03  6.0968E-02  1.8578E-01  1.1819E-05  1.6545E-03  4.4883E-02  1.6486E-01
  1.1092E-04  4.8671E-03  6.0494E-02  1.7870E-01  1.2083E-05  1.6753E-03  4.3797E-02  1.4660E-01
  1.1344E-04  4.9382E-03  5.9931E-02  1.7147E-01  1.2345E-05  1.6939E-03  4.2646E-02  1.2907E-01
  1.1593E-04  5.0068E-03  5.9278E-02  1.6412E-01  1.2603E-05  1.7120E-03  4.1445E-02  1.1226E-01
  1.1841E-04  5.0713E-03  5.8559E-02  1.5664E-01  1.2859E-05  1.7280E-03  4.0188E-02  9.6363E-02
  1.2086E-04  5.1325E-03  5.7759E-02  1.4907E-01  1.3106E-05  1.7426E-03  3.8882E-02  8.1413E-02
  1.2332E-04  5.1905E-03  5.6885E-02  1.4156E-01  1.3351E-05  1.7551E-03  3.7543E-02  6.7475E-02
  1.2567E-04  5.2444E-03  5.5955E-02  1.3400E-01  1.3596E-05  1.7672E-03  3.6179E-02  5.4583E-02
  1.2809E-04  5.2950E-03  5.4967E-02  1.2652E-01  1.3839E-05  1.7771E-03  3.4783E-02  4.2768E-02
  1.3043E-04  5.3423E-03  5.3913E-02  1.1913E-01  1.4073E-05  1.7858E-03  3.3370E-02  3.2039E-02
  1.3275E-04  5.3856E-03  5.2811E-02  1.1185E-01  1.4305E-05  1.7930E-03  3.1950E-02  2.2411E-02
  1.3498E-04  5.4256E-03  5.1676E-02  1.0473E-01  1.4536E-05  1.7990E-03  3.0529E-02  1.3850E-02
  1.3729E-04  5.4624E-03  5.0484E-02  9.7784E-02  1.4758E-05  1.8029E-03  2.9100E-02  6.3417E-03
  1.3951E-04  5.4950E-03  4.9276E-02  9.1031E-02  1.4978E-05  1.8063E-03  2.7679E-02 -1.4071E-04
  1.4171E-04  5.5244E-03  4.8026E-02  8.4507E-02  1.5188E-05  1.8076E-03  2.6275E-02 -5.6420E-03
  1.4391E-04  5.5505E-03  4.6753E-02  7.8212E-02  1.5406E-05  1.8077E-03  2.4879E-02 -1.0209E-02
  1.4610E-04  5.5734E-03  4.5463E-02  7.2170E-02  1.5614E-05  1.8064E-03  2.3504E-02 -1.3901E-02
  1.4819E-04  5.5930E-03  4.4148E-02  6.6389E-02  1.5812E-05  1.8040E-03  2.2156E-02 -1.6777E-02
  1.5028E-04  5.6093E-03  4.2825E-02  6.0894E-02  1.6009E-05  1.8002E-03  2.0833E-02 -1.8897E-02
  1.5236E-04  5.6216E-03  4.1494E-02  5.5677E-02  1.6204E-05  1.7944E-03  1.9536E-02 -2.0331E-02
  1.5442E-04  5.6314E-03  4.0163E-02  5.0737E-02  1.6399E-05  1.7881E-03  1.8284E-02 -2.1151E-02
  1.5639E-04  5.6371E-03  3.8824E-02  4.6099E-02  1.6583E-05  1.7807E-03  1.7059E-02 -2.1431E-02
  1.5836E-04  5.6395E-03  3.7494E-02  4.1747E-02  1.6766E-05  1.7711E-03  1.5872E-02 -2.1226E-02
  1.6031E-04  5.6395E-03  3.6171E-02  3.7689E-02  1.6939E-05  1.7613E-03  1.4722E-02 -2.0624E-02
  1.6217E-04  5.6363E-03  3.4856E-02  3.3909E-02  1.7111E-05  1.7502E-03  1.3619E-02 -1.9671E-02
  1.6411E-04  5.6289E-03  3.3550E-02  3.0423E-02  1.7280E-05  1.7378E-03  1.2554E-02 -1.8456E-02
  1.6594E-04  5.6199E-03  3.2260E-02  2.7206E-02  1.7441E-05  1.7244E-03  1.1536E-02 -1.7023E-02
  1.6777E-04  5.6069E-03  3.0994E-02  2.4251E-02  1.7600E-05  1.7097E-03  1.0560E-02 -1.5432E-02
  1.6950E-04  5.5922E-03  2.9745E-02  2.1557E-02  1.7757E-05  1.6939E-03  9.6289E-03 -1.3741E-02
  1.7124E-04  5.5734E-03  2.8512E-02  1.9118E-02  1.7905E-05  1.6778E-03  8.7422E-03 -1.1993E-02
  1.7295E-04  5.5522E-03  2.7312E-02  1.6914E-02  1.8042E-05  1.6597E-03  7.8996E-03 -1.0236E-02
  1.7465E-04  5.5285E-03  2.6136E-02  1.4931E-02  1.8187E-05  1.6413E-03  7.1011E-03 -8.5071E-03
  1.7626E-04  5.5016E-03  2.4985E-02  1.3168E-02  1.8321E-05  1.6226E-03  6.3450E-03 -6.8414E-03
  1.7794E-04  5.4730E-03  2.3869E-02  1.1608E-02  1.8446E-05  1.6020E-03  5.6330E-03 -5.2664E-03
  1.7953E-04  5.4411E-03  2.2779E-02  1.0234E-02  1.8578E-05  1.5811E-03  4.9627E-03 -3.8065E-03
  1.8103E-04  5.4068E-03  2.1715E-02  9.0354E-03  1.8700E-05  1.5593E-03  4.3331E-03 -2.4797E-03
  1.8250E-04  5.3701E-03  2.0687E-02  7.9992E-03  1.8812E-05  1.5371E-03  3.7436E-03 -1.3017E-03
  1.8406E-04  5.3317E-03  1.9693E-02  7.1117E-03  1.8922E-05  1.5139E-03  3.1933E-03 -2.8087E-04
  1.8543E-04  5.2909E-03  1.8727E-02  6.3613E-03  1.9031E-05  1.4904E-03  2.6797E-03  5.7612E-04
  1.8689E-04  5.2468E-03  1.7796E-02  5.7343E-03  1.9130E-05  1.4659E-03  2.2032E-03  1.2675E-03
  1.8824E-04  5.2019E-03  1.6901E-02  5.2174E-03  1.9228E-05  1.4404E-03  1.7601E-03  1.7943E-03
  1.8958E-04  5.1537E-03  1.6034E-02  4.8010E-03  1.9315E-05  1.4147E-03  1.3511E-03  2.1615E-03
  1.9083E-04  5.1047E-03  1.5201E-02  4.4728E-03  1.9402E-05  1.3889E-03  9.7392E-04  2.3749E-03
  1.9215E-04  5.0533E-03  1.4404E-02  4.2205E-03  1.9486E-05  1.3630E-03  6.2682E-04  2.4457E-03
  1.9338E-04  5.0002E-03  1.3642E-02  4.0343E-03  1.9560E-05  1.3360E-03  3.0880E-04  2.3834E-03
  1.9460E-04  4.9455E-03  1.2907E-02  3.9045E-03  1.9633E-05  1.3081E-03  1.7955E-05  2.2019E-03
  1.9571E-04  4.8892E-03  1.2201E-02  3.8220E-03  1.9705E-05  1.2809E-03 -2.4691E-04  1.9132E-03
  1.9682E-04  4.8312E-03  1.1527E-02  3.7787E-03  1.9767E-05  1.2528E-03 -4.8729E-04  1.5335E-03
  1.9793E-04  4.7716E-03  1.0885E-02  3.7665E-03  1.9818E-05  1.2243E-03 -7.0455E-04  1.0778E-03
  1.9901E-04  4.7104E-03  1.0271E-02  3.7771E-03  1.9877E-05  1.1958E-03 -9.0011E-04  5.6012E-04
  2.0000E-04  4.6491E-03  9.6845E-03  3.8049E-03  1.9926E-05  1.1670E-03 -1.0752E-03 -3.8743E-06
  2.0098E-04  4.5854E-03  9.1268E-03  3.8441E-03  1.9965E-05  1.1381E-03 -1.2310E-03 -5.9996E-04
  2.0195E-04  4.5209E-03  8.5944E-03  3.8898E-03  2.0002E-05  1.1090E-03 -1.3693E-03 -1.2141E-03
  2.0283E-04  4.4548E-03  8.0882E-03  3.9355E-03  2.0038E-05  1.0799E-03 -1.4906E-03 -1.8333E-03
  2.0369E-04  4.3879E-03  7.6073E-03  3.9780E-03  2.0072E-05  1.0507E-03 -1.5960E-03 -2.4444E-03
  2.0454E-04  4.3201E-03  7.1492E-03  4.0155E-03  2.0096E-05  1.0214E-03 -1.6877E-03 -3.0374E-03
  2.0538E-04  4.2515E-03  6.7141E-03  4.0433E-03  2.0111E-05  9.9212E-04 -1.7650E-03 -3.6007E-03
  2.0612E-04  4.1821E-03  6.3009E-03  4.0588E-03  2.0133E-05  9.6289E-04 -1.8308E-03 -4.1274E-03
  2.0686E-04  4.1119E-03  5.9082E-03  4.0613E-03  2.0136E-05  9.3366E-04 -1.8837E-03 -4.6099E-03
  2.0758E-04  4.0417E-03  5.5358E-03  4.0482E-03  2.0146E-05  9.0451E-04 -1.9265E-03 -5.0402E-03
  2.0821E-04  3.9698E-03  5.1815E-03  4.0196E-03  2.0147E-05  8.7545E-04 -1.9595E-03 -5.4158E-03
  2.0883E-04  3.8980E-03  4.8451E-03  3.9731E-03  2.0146E-05  8.4654E-04 -1.9828E-03 -5.7302E-03
