 -9.1401E-13 -8.5475E-12 -8.3820E-11 -7.7782E-10 -6.0443E-09 -3.7364E-08 -1.8894E-07 -8.0964E-07 -2.9458E-06 -8.3905E-06 -7.2379E-15 -1.9757E-13 -4.6825E-12 -8.8190E-11 -1.2469E-09 -1.3386E-08 -1.0779E-07 -6.1660E-07 -2.2896E-06 -5.3047E-06
 -4.6598E-11 -4.3572E-10 -4.2752E-09 -3.9669E-08 -3.0830E-07 -1.9049E-06 -9.6336E-06 -4.1267E-05 -1.5005E-04 -4.2723E-04 -3.6911E-13 -1.0079E-11 -2.3886E-10 -4.4972E-09 -6.3583E-08 -6.8250E-07 -5.4956E-06 -3.1424E-05 -1.1669E-04 -2.7026E-04
 -9.2348E-11 -8.6366E-10 -8.4655E-09 -7.8545E-08 -6.1023E-07 -3.7717E-06 -1.9064E-05 -8.1614E-05 -2.9642E-04 -8.4231E-04 -7.3101E-13 -1.9955E-11 -4.7291E-10 -8.9067E-09 -1.2589E-07 -1.3510E-06 -1.0872E-05 -6.2141E-05 -2.3052E-04 -5.3358E-04
 -1.3796E-10 -1.2905E-09 -1.2656E-08 -1.1741E-07 -9.1217E-07 -5.6356E-06 -2.8468E-05 -1.2171E-04 -4.4109E-04 -1.2499E-03 -1.0928E-12 -2.9840E-11 -7.0697E-10 -1.3312E-08 -1.8809E-07 -2.0181E-06 -1.6235E-05 -9.2631E-05 -3.4323E-04 -7.9337E-04
 -1.8371E-10 -1.7183E-09 -1.6843E-08 -1.5627E-07 -1.2135E-06 -7.4939E-06 -3.7816E-05 -1.6150E-04 -5.8336E-04 -1.6461E-03 -1.4552E-12 -3.9711E-11 -9.4088E-10 -1.7720E-08 -2.5032E-07 -2.6828E-06 -2.1553E-05 -1.2282E-04 -4.5410E-04 -1.0484E-03
 -2.2953E-10 -2.1454E-09 -2.1029E-08 -1.9502E-07 -1.5146E-06 -9.3465E-06 -4.7122E-05 -2.0068E-04 -7.2238E-04 -2.0280E-03 -1.8159E-12 -4.9582E-11 -1.1746E-09 -2.2104E-08 -3.1226E-07 -3.3446E-06 -2.6842E-05 -1.5259E-04 -5.6286E-04 -1.2967E-03
 -2.7506E-10 -2.5725E-09 -2.5215E-08 -2.3377E-07 -1.8144E-06 -1.1192E-05 -5.6342E-05 -2.3943E-04 -8.5758E-04 -2.3928E-03 -2.1779E-12 -5.9454E-11 -1.4083E-09 -2.6502E-08 -3.7406E-07 -4.0036E-06 -3.2074E-05 -1.8187E-04 -6.6878E-04 -1.5373E-03
 -3.2089E-10 -2.9995E-09 -2.9401E-08 -2.7252E-07 -2.1142E-06 -1.3029E-05 -6.5478E-05 -2.7733E-04 -9.8797E-04 -2.7379E-03 -2.5399E-12 -6.9325E-11 -1.6419E-09 -3.0886E-08 -4.3572E-07 -4.6584E-06 -3.7236E-05 -2.1058E-04 -7.7145E-04 -1.7678E-03
 -3.6656E-10 -3.4281E-09 -3.3588E-08 -3.1113E-07 -2.4126E-06 -1.4849E-05 -7.4529E-05 -3.1452E-04 -1.1133E-03 -3.0575E-03 -2.9006E-12 -7.9182E-11 -1.8752E-09 -3.5256E-08 -4.9710E-07 -5.3075E-06 -4.2342E-05 -2.3858E-04 -8.7045E-04 -1.9870E-03
 -4.1224E-10 -3.8537E-09 -3.7745E-08 -3.4974E-07 -2.7110E-06 -1.6674E-05 -8.3453E-05 -3.5072E-04 -1.2326E-03 -3.3531E-03 -3.2626E-12 -8.9039E-11 -2.1086E-09 -3.9626E-08 -5.5819E-07 -5.9524E-06 -4.7362E-05 -2.6573E-04 -9.6506E-04 -2.1949E-03
 -4.5778E-10 -4.2794E-09 -4.1931E-08 -3.8820E-07 -3.0066E-06 -1.8470E-05 -9.2249E-05 -3.8594E-04 -1.3455E-03 -3.6218E-03 -3.6232E-12 -9.8896E-11 -2.3405E-09 -4.3982E-08 -6.1914E-07 -6.5902E-06 -5.2283E-05 -2.9204E-04 -1.0551E-03 -2.3900E-03
 -5.0388E-10 -4.7065E-09 -4.6103E-08 -4.2667E-07 -3.3022E-06 -2.0252E-05 -1.0092E-04 -4.2002E-04 -1.4510E-03 -3.8608E-03 -3.9853E-12 -1.0874E-10 -2.5725E-09 -4.8324E-08 -6.7953E-07 -7.2210E-06 -5.7106E-05 -3.1749E-04 -1.1403E-03 -2.5696E-03
 -5.4942E-10 -5.1322E-09 -5.0261E-08 -4.6513E-07 -3.5963E-06 -2.2033E-05 -1.0942E-04 -4.5297E-04 -1.5500E-03 -4.0701E-03 -4.3459E-12 -1.1857E-10 -2.8044E-09 -5.2651E-08 -7.3963E-07 -7.8461E-06 -6.1829E-05 -3.4182E-04 -1.2199E-03 -2.7351E-03
 -5.9482E-10 -5.5564E-09 -5.4419E-08 -5.0332E-07 -3.8877E-06 -2.3787E-05 -1.1778E-04 -4.8465E-04 -1.6405E-03 -4.2497E-03 -4.7065E-12 -1.2840E-10 -3.0363E-09 -5.6965E-08 -7.9945E-07 -8.4612E-06 -6.6440E-05 -3.6515E-04 -1.2940E-03 -2.8836E-03
 -6.4064E-10 -5.9835E-09 -5.8563E-08 -5.4136E-07 -4.1790E-06 -2.5512E-05 -1.2594E-04 -5.1492E-04 -1.7239E-03 -4.3968E-03 -5.0671E-12 -1.3821E-10 -3.2668E-09 -6.1264E-08 -8.5871E-07 -9.0679E-06 -7.0923E-05 -3.8721E-04 -1.3620E-03 -3.0165E-03
 -6.8603E-10 -6.4078E-09 -6.2706E-08 -5.7940E-07 -4.4689E-06 -2.7238E-05 -1.3391E-04 -5.4377E-04 -1.7989E-03 -4.5128E-03 -5.4278E-12 -1.4807E-10 -3.4974E-09 -6.5535E-08 -9.1754E-07 -9.6661E-06 -7.5264E-05 -4.0814E-04 -1.4241E-03 -3.1325E-03
 -7.3143E-10 -6.8321E-09 -6.6836E-08 -6.1716E-07 -4.7560E-06 -2.8921E-05 -1.4170E-04 -5.7120E-04 -1.8639E-03 -4.5990E-03 -5.7884E-12 -1.5783E-10 -3.7279E-09 -6.9806E-08 -9.7595E-07 -1.0254E-05 -7.9465E-05 -4.2780E-04 -1.4793E-03 -3.2315E-03
 -7.7711E-10 -7.2592E-09 -7.0965E-08 -6.5506E-07 -5.0403E-06 -3.0589E-05 -1.4934E-04 -5.9694E-04 -1.9219E-03 -4.6542E-03 -6.1490E-12 -1.6758E-10 -3.9584E-09 -7.4048E-08 -1.0336E-06 -1.0831E-05 -8.3538E-05 -4.4618E-04 -1.5288E-03 -3.3121E-03
 -8.2279E-10 -7.6792E-09 -7.5095E-08 -6.9268E-07 -5.3245E-06 -3.2244E-05 -1.5669E-04 -6.2126E-04 -1.9714E-03 -4.6810E-03 -6.5096E-12 -1.7734E-10 -4.1875E-09 -7.8263E-08 -1.0909E-06 -1.1397E-05 -8.7441E-05 -4.6315E-04 -1.5712E-03 -3.3757E-03
 -8.6819E-10 -8.1020E-09 -7.9224E-08 -7.3016E-07 -5.6045E-06 -3.3856E-05 -1.6377E-04 -6.4389E-04 -2.0124E-03 -4.6796E-03 -6.8688E-12 -1.8710E-10 -4.4152E-09 -8.2463E-08 -1.1476E-06 -1.1953E-05 -9.1188E-05 -4.7871E-04 -1.6065E-03 -3.4210E-03
 -9.1457E-10 -8.5305E-09 -8.3311E-08 -7.6721E-07 -5.8845E-06 -3.5454E-05 -1.7070E-04 -6.6482E-04 -2.0450E-03 -4.6528E-03 -7.2280E-12 -1.9686E-10 -4.6429E-09 -8.6649E-08 -1.2038E-06 -1.2496E-05 -9.4781E-05 -4.9299E-04 -1.6362E-03 -3.4507E-03
 -9.5940E-10 -8.9506E-09 -8.7427E-08 -8.0455E-07 -6.1603E-06 -3.7024E-05 -1.7734E-04 -6.8420E-04 -2.0690E-03 -4.6019E-03 -7.5873E-12 -2.0662E-10 -4.8706E-09 -9.0793E-08 -1.2592E-06 -1.3026E-05 -9.8189E-05 -5.0572E-04 -1.6589E-03 -3.4620E-03
 -1.0044E-09 -9.3748E-09 -9.1485E-08 -8.4146E-07 -6.4333E-06 -3.8566E-05 -1.8371E-04 -7.0173E-04 -2.0846E-03 -4.5297E-03 -7.9465E-12 -2.1637E-10 -5.0968E-09 -9.4922E-08 -1.3139E-06 -1.3544E-05 -1.0143E-04 -5.1704E-04 -1.6744E-03 -3.4592E-03
 -1.0506E-09 -9.7934E-09 -9.5573E-08 -8.7823E-07 -6.7034E-06 -4.0079E-05 -1.8993E-04 -7.1757E-04 -2.0930E-03 -4.4364E-03 -8.3057E-12 -2.2599E-10 -5.3231E-09 -9.9023E-08 -1.3680E-06 -1.4047E-05 -1.0450E-04 -5.2679E-04 -1.6843E-03 -3.4394E-03
 -1.0960E-09 -1.0219E-08 -9.9660E-08 -9.1485E-07 -6.9721E-06 -4.1564E-05 -1.9573E-04 -7.3171E-04 -2.0945E-03 -4.3261E-03 -8.6635E-12 -2.3575E-10 -5.5480E-09 -1.0310E-07 -1.4213E-06 -1.4538E-05 -1.0737E-04 -5.3528E-04 -1.6872E-03 -3.4040E-03
 -1.1408E-09 -1.0641E-08 -1.0370E-07 -9.5148E-07 -7.2379E-06 -4.3006E-05 -2.0138E-04 -7.4416E-04 -2.0874E-03 -4.2002E-03 -9.0227E-12 -2.4537E-10 -5.7714E-09 -1.0714E-07 -1.4736E-06 -1.5019E-05 -1.1005E-04 -5.4221E-04 -1.6843E-03 -3.3559E-03
 -1.1861E-09 -1.1061E-08 -1.0776E-07 -9.8755E-07 -7.4996E-06 -4.4420E-05 -2.0676E-04 -7.5477E-04 -2.0747E-03 -4.0602E-03 -9.3805E-12 -2.5512E-10 -5.9949E-09 -1.1116E-07 -1.5259E-06 -1.5471E-05 -1.1257E-04 -5.4772E-04 -1.6758E-03 -3.2937E-03
 -1.2316E-09 -1.1482E-08 -1.1181E-07 -1.0235E-06 -7.7598E-06 -4.5806E-05 -2.1171E-04 -7.6382E-04 -2.0563E-03 -3.9103E-03 -9.7383E-12 -2.6474E-10 -6.2169E-09 -1.1515E-07 -1.5768E-06 -1.5924E-05 -1.1488E-04 -5.5168E-04 -1.6617E-03 -3.2202E-03
 -1.2776E-09 -1.1898E-08 -1.1585E-07 -1.0592E-06 -8.0158E-06 -4.7150E-05 -2.1652E-04 -7.7117E-04 -2.0308E-03 -3.7505E-03 -1.0095E-11 -2.7436E-10 -6.4389E-09 -1.1911E-07 -1.6263E-06 -1.6348E-05 -1.1700E-04 -5.5437E-04 -1.6419E-03 -3.1339E-03
 -1.3230E-09 -1.2316E-08 -1.1984E-07 -1.0947E-06 -8.2689E-06 -4.8465E-05 -2.2104E-04 -7.7683E-04 -2.0011E-03 -3.5850E-03 -1.0452E-11 -2.8397E-10 -6.6595E-09 -1.2302E-07 -1.6758E-06 -1.6758E-05 -1.1892E-04 -5.5564E-04 -1.6164E-03 -3.0391E-03
 -1.3671E-09 -1.2742E-08 -1.2384E-07 -1.1301E-06 -8.5192E-06 -4.9738E-05 -2.2514E-04 -7.8093E-04 -1.9658E-03 -3.4153E-03 -1.0809E-11 -2.9345E-10 -6.8801E-09 -1.2691E-07 -1.7253E-06 -1.7169E-05 -1.2066E-04 -5.5564E-04 -1.5867E-03 -2.9345E-03
 -1.4135E-09 -1.3152E-08 -1.2780E-07 -1.1649E-06 -8.7639E-06 -5.0982E-05 -2.2910E-04 -7.8347E-04 -1.9262E-03 -3.2428E-03 -1.1165E-11 -3.0307E-10 -7.0979E-09 -1.3076E-07 -1.7720E-06 -1.7550E-05 -1.2220E-04 -5.5423E-04 -1.5528E-03 -2.8214E-03
 -1.4595E-09 -1.3569E-08 -1.3182E-07 -1.2001E-06 -9.0071E-06 -5.2184E-05 -2.3264E-04 -7.8446E-04 -1.8823E-03 -3.0688E-03 -1.1520E-11 -3.1268E-10 -7.3157E-09 -1.3458E-07 -1.8187E-06 -1.7904E-05 -1.2355E-04 -5.5154E-04 -1.5146E-03 -2.7026E-03
 -1.5033E-09 -1.3988E-08 -1.3576E-07 -1.2346E-06 -9.2461E-06 -5.3344E-05 -2.3603E-04 -7.8390E-04 -1.8356E-03 -2.8963E-03 -1.1877E-11 -3.2216E-10 -7.5335E-09 -1.3835E-07 -1.8653E-06 -1.8257E-05 -1.2469E-04 -5.4772E-04 -1.4736E-03 -2.5781E-03
 -1.5486E-09 -1.4397E-08 -1.3975E-07 -1.2688E-06 -9.4823E-06 -5.4476E-05 -2.3900E-04 -7.8206E-04 -1.7847E-03 -2.7266E-03 -1.2232E-11 -3.3163E-10 -7.7485E-09 -1.4213E-07 -1.9092E-06 -1.8597E-05 -1.2565E-04 -5.4278E-04 -1.4284E-03 -2.4480E-03
 -1.5938E-09 -1.4807E-08 -1.4354E-07 -1.3029E-06 -9.7128E-06 -5.5564E-05 -2.4183E-04 -7.7881E-04 -1.7324E-03 -2.5597E-03 -1.2585E-11 -3.4111E-10 -7.9634E-09 -1.4581E-07 -1.9530E-06 -1.8908E-05 -1.2642E-04 -5.3655E-04 -1.3808E-03 -2.3151E-03
 -1.6391E-09 -1.5231E-08 -1.4750E-07 -1.3369E-06 -9.9405E-06 -5.6611E-05 -2.4423E-04 -7.7414E-04 -1.6773E-03 -2.3971E-03 -1.2940E-11 -3.5058E-10 -8.1770E-09 -1.4948E-07 -1.9955E-06 -1.9205E-05 -1.2700E-04 -5.2934E-04 -1.3305E-03 -2.1807E-03
 -1.6829E-09 -1.5655E-08 -1.5146E-07 -1.3699E-06 -1.0167E-05 -5.7615E-05 -2.4636E-04 -7.6834E-04 -1.6221E-03 -2.2401E-03 -1.3294E-11 -3.5992E-10 -8.3891E-09 -1.5302E-07 -2.0379E-06 -1.9474E-05 -1.2739E-04 -5.2128E-04 -1.2780E-03 -2.0435E-03
 -1.7282E-09 -1.6051E-08 -1.5528E-07 -1.4035E-06 -1.0383E-05 -5.8577E-05 -2.4819E-04 -7.6141E-04 -1.5641E-03 -2.0902E-03 -1.3647E-11 -3.6939E-10 -8.5998E-09 -1.5669E-07 -2.0789E-06 -1.9742E-05 -1.2759E-04 -5.1209E-04 -1.2239E-03 -1.9064E-03
 -1.7734E-09 -1.6476E-08 -1.5924E-07 -1.4354E-06 -1.0601E-05 -5.9510E-05 -2.4989E-04 -7.5321E-04 -1.5061E-03 -1.9474E-03 -1.3999E-11 -3.7873E-10 -8.8106E-09 -1.6023E-07 -2.1185E-06 -1.9983E-05 -1.2762E-04 -5.0205E-04 -1.1681E-03 -1.7706E-03
 -1.8187E-09 -1.6886E-08 -1.6306E-07 -1.4694E-06 -1.0812E-05 -6.0401E-05 -2.5116E-04 -7.4416E-04 -1.4467E-03 -1.8102E-03 -1.4354E-11 -3.8806E-10 -9.0199E-09 -1.6362E-07 -2.1567E-06 -2.0209E-05 -1.2748E-04 -4.9130E-04 -1.1114E-03 -1.6362E-03
 -1.8639E-09 -1.7282E-08 -1.6688E-07 -1.5005E-06 -1.1018E-05 -6.1235E-05 -2.5215E-04 -7.3398E-04 -1.3882E-03 -1.6815E-03 -1.4708E-11 -3.9739E-10 -9.2263E-09 -1.6716E-07 -2.1949E-06 -2.0421E-05 -1.2715E-04 -4.7984E-04 -1.0540E-03 -1.5033E-03
 -1.9092E-09 -1.7706E-08 -1.7070E-07 -1.5330E-06 -1.1222E-05 -6.2042E-05 -2.5300E-04 -7.2295E-04 -1.3295E-03 -1.5599E-03 -1.5061E-11 -4.0673E-10 -9.4328E-09 -1.7055E-07 -2.2302E-06 -2.0605E-05 -1.2667E-04 -4.6754E-04 -9.9631E-04 -1.3738E-03
 -1.9530E-09 -1.8116E-08 -1.7451E-07 -1.5641E-06 -1.1420E-05 -6.2805E-05 -2.5343E-04 -7.1107E-04 -1.2714E-03 -1.4467E-03 -1.5401E-11 -4.1592E-10 -9.6379E-09 -1.7395E-07 -2.2656E-06 -2.0789E-05 -1.2601E-04 -4.5481E-04 -9.3861E-04 -1.2479E-03
 -1.9983E-09 -1.8526E-08 -1.7833E-07 -1.5966E-06 -1.1615E-05 -6.3512E-05 -2.5371E-04 -6.9848E-04 -1.2138E-03 -1.3415E-03 -1.5754E-11 -4.2525E-10 -9.8415E-09 -1.7720E-07 -2.2995E-06 -2.0930E-05 -1.2520E-04 -4.4138E-04 -8.8106E-04 -1.1263E-03
 -2.0435E-09 -1.8922E-08 -1.8201E-07 -1.6263E-06 -1.1804E-05 -6.4191E-05 -2.5357E-04 -6.8505E-04 -1.1573E-03 -1.2432E-03 -1.6108E-11 -4.3445E-10 -1.0044E-08 -1.8045E-07 -2.3335E-06 -2.1072E-05 -1.2424E-04 -4.2766E-04 -8.2406E-04 -1.0095E-03
 -2.0874E-09 -1.9332E-08 -1.8583E-07 -1.6575E-06 -1.1990E-05 -6.4813E-05 -2.5329E-04 -6.7119E-04 -1.1020E-03 -1.1524E-03 -1.6461E-11 -4.4364E-10 -1.0245E-08 -1.8371E-07 -2.3646E-06 -2.1199E-05 -1.2312E-04 -4.1337E-04 -7.6792E-04 -8.9774E-04
 -2.1312E-09 -1.9742E-08 -1.8950E-07 -1.6886E-06 -1.2171E-05 -6.5407E-05 -2.5272E-04 -6.5662E-04 -1.0478E-03 -1.0686E-03 -1.6801E-11 -4.5269E-10 -1.0444E-08 -1.8682E-07 -2.3957E-06 -2.1298E-05 -1.2188E-04 -3.9881E-04 -7.1276E-04 -7.9168E-04
 -2.1765E-09 -2.0138E-08 -1.9318E-07 -1.7183E-06 -1.2347E-05 -6.5959E-05 -2.5201E-04 -6.4163E-04 -9.9518E-04 -9.9122E-04 -1.7154E-11 -4.6188E-10 -1.0641E-08 -1.8993E-07 -2.4254E-06 -2.1383E-05 -1.2048E-04 -3.8396E-04 -6.5888E-04 -6.9127E-04
 -2.2203E-09 -2.0549E-08 -1.9686E-07 -1.7480E-06 -1.2517E-05 -6.6468E-05 -2.5102E-04 -6.2621E-04 -9.4413E-04 -9.2037E-04 -1.7508E-11 -4.7093E-10 -1.0837E-08 -1.9304E-07 -2.4537E-06 -2.1439E-05 -1.1896E-04 -3.6897E-04 -6.0641E-04 -5.9708E-04
 -2.2670E-09 -2.0930E-08 -2.0054E-07 -1.7763E-06 -1.2684E-05 -6.6921E-05 -2.4975E-04 -6.1037E-04 -8.9477E-04 -8.5517E-04 -1.7847E-11 -4.7998E-10 -1.1032E-08 -1.9601E-07 -2.4805E-06 -2.1496E-05 -1.1732E-04 -3.5369E-04 -5.5564E-04 -5.0898E-04
 -2.3108E-09 -2.1340E-08 -2.0421E-07 -1.8060E-06 -1.2845E-05 -6.7345E-05 -2.4834E-04 -5.9439E-04 -8.4726E-04 -7.9550E-04 -1.8201E-11 -4.8904E-10 -1.1226E-08 -1.9898E-07 -2.5074E-06 -2.1524E-05 -1.1556E-04 -3.3842E-04 -5.0671E-04 -4.2709E-04
 -2.3547E-09 -2.1751E-08 -2.0775E-07 -1.8342E-06 -1.3002E-05 -6.7727E-05 -2.4664E-04 -5.7799E-04 -8.0143E-04 -7.4091E-04 -1.8540E-11 -4.9794E-10 -1.1417E-08 -2.0195E-07 -2.5314E-06 -2.1538E-05 -1.1369E-04 -3.2315E-04 -4.5962E-04 -3.5157E-04
 -2.3999E-09 -2.2147E-08 -2.1142E-07 -1.8625E-06 -1.3155E-05 -6.8052E-05 -2.4494E-04 -5.6158E-04 -7.5759E-04 -6.9084E-04 -1.8880E-11 -5.0685E-10 -1.1608E-08 -2.0478E-07 -2.5555E-06 -2.1538E-05 -1.1171E-04 -3.0787E-04 -4.1465E-04 -2.8214E-04
 -2.4423E-09 -2.2543E-08 -2.1496E-07 -1.8908E-06 -1.3301E-05 -6.8363E-05 -2.4282E-04 -5.4490E-04 -7.1545E-04 -6.4502E-04 -1.9233E-11 -5.1576E-10 -1.1796E-08 -2.0761E-07 -2.5781E-06 -2.1524E-05 -1.0964E-04 -2.9260E-04 -3.7180E-04 -2.1906E-04
 -2.4862E-09 -2.2939E-08 -2.1850E-07 -1.9177E-06 -1.3445E-05 -6.8618E-05 -2.4056E-04 -5.2821E-04 -6.7529E-04 -6.0302E-04 -1.9573E-11 -5.2467E-10 -1.1983E-08 -2.1029E-07 -2.5993E-06 -2.1496E-05 -1.0748E-04 -2.7747E-04 -3.3107E-04 -1.6193E-04
 -2.5314E-09 -2.3335E-08 -2.2203E-07 -1.9445E-06 -1.3582E-05 -6.8830E-05 -2.3815E-04 -5.1138E-04 -6.3682E-04 -5.6441E-04 -1.9912E-11 -5.3358E-10 -1.2168E-08 -2.1298E-07 -2.6191E-06 -2.1439E-05 -1.0523E-04 -2.6248E-04 -2.9260E-04 -1.1059E-04
 -2.5753E-09 -2.3731E-08 -2.2557E-07 -1.9714E-06 -1.3715E-05 -6.9014E-05 -2.3561E-04 -4.9469E-04 -6.0033E-04 -5.2892E-04 -2.0266E-11 -5.4235E-10 -1.2352E-08 -2.1567E-07 -2.6375E-06 -2.1383E-05 -1.0291E-04 -2.4763E-04 -2.5626E-04 -6.4927E-05
 -2.6191E-09 -2.4126E-08 -2.2910E-07 -1.9969E-06 -1.3842E-05 -6.9141E-05 -2.3292E-04 -4.7815E-04 -5.6569E-04 -4.9611E-04 -2.0605E-11 -5.5112E-10 -1.2534E-08 -2.1821E-07 -2.6559E-06 -2.1298E-05 -1.0052E-04 -2.3306E-04 -2.2231E-04 -2.4650E-05
 -2.6630E-09 -2.4522E-08 -2.3264E-07 -2.0237E-06 -1.3967E-05 -6.9240E-05 -2.3009E-04 -4.6160E-04 -5.3259E-04 -4.6584E-04 -2.0945E-11 -5.5975E-10 -1.2714E-08 -2.2076E-07 -2.6714E-06 -2.1199E-05 -9.8062E-05 -2.1892E-04 -1.9064E-04  1.0518E-05
 -2.7068E-09 -2.4904E-08 -2.3603E-07 -2.0492E-06 -1.4081E-05 -6.9296E-05 -2.2698E-04 -4.4519E-04 -5.0134E-04 -4.3756E-04 -2.1284E-11 -5.6851E-10 -1.2892E-08 -2.2330E-07 -2.6870E-06 -2.1100E-05 -9.5558E-05 -2.0492E-04 -1.6122E-04  4.0857E-05
 -2.7521E-09 -2.5300E-08 -2.3943E-07 -2.0732E-06 -1.4199E-05 -6.9311E-05 -2.2387E-04 -4.2893E-04 -4.7164E-04 -4.1139E-04 -2.1623E-11 -5.7714E-10 -1.3069E-08 -2.2571E-07 -2.7011E-06 -2.0973E-05 -9.2999E-05 -1.9134E-04 -1.3403E-04  6.6666E-05
 -2.7945E-09 -2.5682E-08 -2.4296E-07 -2.0987E-06 -1.4298E-05 -6.9282E-05 -2.2062E-04 -4.1295E-04 -4.4364E-04 -3.8679E-04 -2.1963E-11 -5.8577E-10 -1.3244E-08 -2.2797E-07 -2.7139E-06 -2.0831E-05 -9.0382E-05 -1.7805E-04 -1.0897E-04  8.8275E-05
 -2.8383E-09 -2.6078E-08 -2.4621E-07 -2.1227E-06 -1.4411E-05 -6.9226E-05 -2.1722E-04 -3.9711E-04 -4.1719E-04 -3.6388E-04 -2.2302E-11 -5.9439E-10 -1.3417E-08 -2.3038E-07 -2.7252E-06 -2.0690E-05 -8.7752E-05 -1.6518E-04 -8.6027E-05  1.0600E-04
 -2.8822E-09 -2.6460E-08 -2.4947E-07 -2.1454E-06 -1.4496E-05 -6.9141E-05 -2.1369E-04 -3.8155E-04 -3.9202E-04 -3.4210E-04 -2.2642E-11 -6.0288E-10 -1.3588E-08 -2.3250E-07 -2.7365E-06 -2.0520E-05 -8.5079E-05 -1.5274E-04 -6.5125E-05  1.2017E-04
 -2.9260E-09 -2.6842E-08 -2.5286E-07 -2.1694E-06 -1.4595E-05 -6.9014E-05 -2.1015E-04 -3.6642E-04 -3.6840E-04 -3.2173E-04 -2.2981E-11 -6.1136E-10 -1.3757E-08 -2.3476E-07 -2.7450E-06 -2.0351E-05 -8.2378E-05 -1.4070E-04 -4.6174E-05  1.3111E-04
 -2.9713E-09 -2.7238E-08 -2.5611E-07 -2.1920E-06 -1.4680E-05 -6.8858E-05 -2.0648E-04 -3.5143E-04 -3.4620E-04 -3.0250E-04 -2.3306E-11 -6.1985E-10 -1.3926E-08 -2.3688E-07 -2.7535E-06 -2.0153E-05 -7.9663E-05 -1.2910E-04 -2.9119E-05  1.3914E-04
 -3.0151E-09 -2.7605E-08 -2.5937E-07 -2.2147E-06 -1.4764E-05 -6.8660E-05 -2.0266E-04 -3.3687E-04 -3.2513E-04 -2.8412E-04 -2.3646E-11 -6.2819E-10 -1.4091E-08 -2.3886E-07 -2.7605E-06 -1.9955E-05 -7.6933E-05 -1.1797E-04 -1.3848E-05  1.4453E-04
 -3.0575E-09 -2.8001E-08 -2.6262E-07 -2.2359E-06 -1.4849E-05 -6.8420E-05 -1.9884E-04 -3.2258E-04 -3.0519E-04 -2.6672E-04 -2.3985E-11 -6.3654E-10 -1.4255E-08 -2.4084E-07 -2.7662E-06 -1.9742E-05 -7.4204E-05 -1.0730E-04 -2.7704E-07  1.4779E-04
 -3.1000E-09 -2.8369E-08 -2.6587E-07 -2.2585E-06 -1.4920E-05 -6.8151E-05 -1.9502E-04 -3.0872E-04 -2.8652E-04 -2.5017E-04 -2.4310E-11 -6.4488E-10 -1.4411E-08 -2.4282E-07 -2.7704E-06 -1.9516E-05 -7.1460E-05 -9.7086E-05  1.1693E-05  1.4892E-04
 -3.1438E-09 -2.8737E-08 -2.6912E-07 -2.2783E-06 -1.4991E-05 -6.7854E-05 -1.9106E-04 -2.9515E-04 -2.6884E-04 -2.3434E-04 -2.4650E-11 -6.5308E-10 -1.4581E-08 -2.4466E-07 -2.7733E-06 -1.9290E-05 -6.8731E-05 -8.7342E-05  2.2161E-05  1.4835E-04
 -3.1862E-09 -2.9119E-08 -2.7224E-07 -2.2995E-06 -1.5047E-05 -6.7529E-05 -1.8710E-04 -2.8199E-04 -2.5230E-04 -2.1934E-04 -2.4975E-11 -6.6143E-10 -1.4736E-08 -2.4650E-07 -2.7761E-06 -1.9049E-05 -6.6015E-05 -7.8079E-05  3.1226E-05  1.4623E-04
 -3.2286E-09 -2.9500E-08 -2.7535E-07 -2.3193E-06 -1.5104E-05 -6.7175E-05 -1.8300E-04 -2.6927E-04 -2.3660E-04 -2.0506E-04 -2.5314E-11 -6.6949E-10 -1.4892E-08 -2.4834E-07 -2.7761E-06 -1.8795E-05 -6.3314E-05 -6.9282E-05  3.9004E-05  1.4298E-04
 -3.2753E-09 -2.9868E-08 -2.7846E-07 -2.3405E-06 -1.5160E-05 -6.6779E-05 -1.7890E-04 -2.5682E-04 -2.2189E-04 -1.9148E-04 -2.5640E-11 -6.7769E-10 -1.5047E-08 -2.5003E-07 -2.7761E-06 -1.8540E-05 -6.0627E-05 -6.0953E-05  4.5566E-05  1.3879E-04
 -3.3149E-09 -3.0250E-08 -2.8143E-07 -2.3589E-06 -1.5203E-05 -6.6369E-05 -1.7480E-04 -2.4480E-04 -2.0803E-04 -1.7847E-04 -2.5979E-11 -6.8575E-10 -1.5203E-08 -2.5159E-07 -2.7747E-06 -1.8257E-05 -5.7954E-05 -5.3090E-05  5.1039E-05  1.3378E-04
 -3.3602E-09 -3.0618E-08 -2.8454E-07 -2.3773E-06 -1.5245E-05 -6.5916E-05 -1.7070E-04 -2.3320E-04 -1.9502E-04 -1.6617E-04 -2.6304E-11 -6.9381E-10 -1.5344E-08 -2.5314E-07 -2.7733E-06 -1.7989E-05 -5.5324E-05 -4.5679E-05  5.5508E-05  1.2817E-04
 -3.4012E-09 -3.1000E-08 -2.8779E-07 -2.3957E-06 -1.5288E-05 -6.5436E-05 -1.6645E-04 -2.2203E-04 -1.8272E-04 -1.5457E-04 -2.6630E-11 -7.0173E-10 -1.5500E-08 -2.5470E-07 -2.7690E-06 -1.7706E-05 -5.2722E-05 -3.8735E-05  5.9072E-05  1.2215E-04
 -3.4464E-09 -3.1367E-08 -2.9062E-07 -2.4141E-06 -1.5316E-05 -6.4941E-05 -1.6235E-04 -2.1114E-04 -1.7112E-04 -1.4354E-04 -2.6955E-11 -7.0979E-10 -1.5641E-08 -2.5611E-07 -2.7648E-06 -1.7409E-05 -5.0148E-05 -3.2216E-05  6.1801E-05  1.1585E-04
 -3.4889E-09 -3.1749E-08 -2.9359E-07 -2.4324E-06 -1.5344E-05 -6.4403E-05 -1.5825E-04 -2.0068E-04 -1.6023E-04 -1.3309E-04 -2.7280E-11 -7.1771E-10 -1.5783E-08 -2.5753E-07 -2.7591E-06 -1.7112E-05 -4.7617E-05 -2.6135E-05  6.3809E-05  1.0942E-04
 -3.5299E-09 -3.2089E-08 -2.9656E-07 -2.4494E-06 -1.5358E-05 -6.3866E-05 -1.5415E-04 -1.9064E-04 -1.4991E-04 -1.2331E-04 -2.7605E-11 -7.2549E-10 -1.5924E-08 -2.5880E-07 -2.7535E-06 -1.6801E-05 -4.5128E-05 -2.0478E-05  6.5167E-05  1.0297E-04
 -3.5751E-09 -3.2456E-08 -2.9925E-07 -2.4650E-06 -1.5387E-05 -6.3286E-05 -1.4991E-04 -1.8102E-04 -1.4028E-04 -1.1404E-04 -2.7931E-11 -7.3327E-10 -1.6065E-08 -2.6007E-07 -2.7450E-06 -1.6490E-05 -4.2695E-05 -1.5217E-05  6.5959E-05  9.6591E-05
 -3.6147E-09 -3.2810E-08 -3.0222E-07 -2.4819E-06 -1.5401E-05 -6.2692E-05 -1.4581E-04 -1.7169E-04 -1.3120E-04 -1.0547E-04 -2.8256E-11 -7.4105E-10 -1.6207E-08 -2.6135E-07 -2.7365E-06 -1.6179E-05 -4.0291E-05 -1.0358E-05  6.6242E-05  9.0382E-05
 -3.6586E-09 -3.3163E-08 -3.0505E-07 -2.4975E-06 -1.5401E-05 -6.2084E-05 -1.4170E-04 -1.6278E-04 -1.2268E-04 -9.7383E-05 -2.8581E-11 -7.4868E-10 -1.6334E-08 -2.6248E-07 -2.7266E-06 -1.5853E-05 -3.7957E-05 -5.8746E-06  6.6100E-05  8.4414E-05
 -3.7010E-09 -3.3545E-08 -3.0802E-07 -2.5131E-06 -1.5415E-05 -6.1433E-05 -1.3767E-04 -1.5429E-04 -1.1464E-04 -8.9902E-05 -2.8907E-11 -7.5646E-10 -1.6476E-08 -2.6347E-07 -2.7167E-06 -1.5528E-05 -3.5666E-05 -1.7565E-06  6.5591E-05  7.8715E-05
 -3.7406E-09 -3.3899E-08 -3.1070E-07 -2.5272E-06 -1.5415E-05 -6.0783E-05 -1.3364E-04 -1.4595E-04 -1.0707E-04 -8.2887E-05 -2.9218E-11 -7.6396E-10 -1.6603E-08 -2.6446E-07 -2.7040E-06 -1.5189E-05 -3.3432E-05  2.0124E-06  6.4771E-05  7.3355E-05
 -3.7830E-09 -3.4238E-08 -3.1339E-07 -2.5413E-06 -1.5401E-05 -6.0104E-05 -1.2961E-04 -1.3817E-04 -9.9999E-05 -7.6410E-05 -2.9543E-11 -7.7159E-10 -1.6730E-08 -2.6545E-07 -2.6927E-06 -1.4863E-05 -3.1254E-05  5.4476E-06  6.3696E-05  6.8335E-05
 -3.8269E-09 -3.4620E-08 -3.1622E-07 -2.5555E-06 -1.5401E-05 -5.9397E-05 -1.2567E-04 -1.3063E-04 -9.3338E-05 -7.0414E-05 -2.9854E-11 -7.7909E-10 -1.6857E-08 -2.6630E-07 -2.6785E-06 -1.4524E-05 -2.9133E-05  8.5631E-06  6.2423E-05  6.3710E-05
 -3.8679E-09 -3.4959E-08 -3.1891E-07 -2.5682E-06 -1.5387E-05 -5.8690E-05 -1.2175E-04 -1.2339E-04 -8.7031E-05 -6.4884E-05 -3.0179E-11 -7.8644E-10 -1.6985E-08 -2.6714E-07 -2.6644E-06 -1.4185E-05 -2.7082E-05  1.1377E-05  6.0981E-05  5.9454E-05
 -3.9103E-09 -3.5299E-08 -3.2159E-07 -2.5809E-06 -1.5358E-05 -5.7969E-05 -1.1786E-04 -1.1653E-04 -8.1148E-05 -5.9850E-05 -3.0490E-11 -7.9394E-10 -1.7098E-08 -2.6799E-07 -2.6488E-06 -1.3837E-05 -2.5088E-05  1.3905E-05  5.9411E-05  5.5593E-05
 -3.9513E-09 -3.5666E-08 -3.2428E-07 -2.5937E-06 -1.5344E-05 -5.7219E-05 -1.1404E-04 -1.0998E-04 -7.5646E-05 -5.5225E-05 -3.0816E-11 -8.0115E-10 -1.7225E-08 -2.6870E-07 -2.6333E-06 -1.3492E-05 -2.3151E-05  1.6164E-05  5.7756E-05  5.2128E-05
 -3.9966E-09 -3.6006E-08 -3.2682E-07 -2.6064E-06 -1.5316E-05 -5.6455E-05 -1.1027E-04 -1.0372E-04 -7.0442E-05 -5.0968E-05 -3.1127E-11 -8.0851E-10 -1.7338E-08 -2.6927E-07 -2.6149E-06 -1.3145E-05 -2.1284E-05  1.8159E-05  5.6031E-05  4.9017E-05
 -4.0362E-09 -3.6359E-08 -3.2937E-07 -2.6177E-06 -1.5288E-05 -5.5692E-05 -1.0653E-04 -9.7736E-05 -6.5591E-05 -4.7136E-05 -3.1438E-11 -8.1572E-10 -1.7451E-08 -2.6983E-07 -2.5979E-06 -1.2799E-05 -1.9488E-05  1.9926E-05  5.4278E-05  4.6273E-05
 -4.0786E-09 -3.6699E-08 -3.3192E-07 -2.6290E-06 -1.5245E-05 -5.4886E-05 -1.0290E-04 -9.2009E-05 -6.1023E-05 -4.3558E-05 -3.1749E-11 -8.2293E-10 -1.7565E-08 -2.7040E-07 -2.5795E-06 -1.2451E-05 -1.7748E-05  2.1454E-05  5.2510E-05  4.3855E-05
 -4.1182E-09 -3.7038E-08 -3.3446E-07 -2.6389E-06 -1.5217E-05 -5.4094E-05 -9.9292E-05 -8.6592E-05 -5.6767E-05 -4.0362E-05 -3.2060E-11 -8.3000E-10 -1.7678E-08 -2.7082E-07 -2.5597E-06 -1.2101E-05 -1.6065E-05  2.2783E-05  5.0756E-05  4.1748E-05
 -4.1620E-09 -3.7378E-08 -3.3672E-07 -2.6488E-06 -1.5160E-05 -5.3288E-05 -9.5771E-05 -8.1430E-05 -5.2764E-05 -3.7420E-05 -3.2371E-11 -8.3707E-10 -1.7791E-08 -2.7125E-07 -2.5385E-06 -1.1754E-05 -1.4453E-05  2.3914E-05  4.9017E-05  3.9937E-05
 -4.2045E-09 -3.7703E-08 -3.3927E-07 -2.6587E-06 -1.5118E-05 -5.2467E-05 -9.2292E-05 -7.6523E-05 -4.9002E-05 -3.4761E-05 -3.2682E-11 -8.4414E-10 -1.7890E-08 -2.7153E-07 -2.5187E-06 -1.1406E-05 -1.2916E-05  2.4862E-05  4.7305E-05  3.8382E-05
 -4.2441E-09 -3.8056E-08 -3.4182E-07 -2.6672E-06 -1.5076E-05 -5.1647E-05 -8.8883E-05 -7.1842E-05 -4.5481E-05 -3.2343E-05 -3.2994E-11 -8.5107E-10 -1.7989E-08 -2.7181E-07 -2.4961E-06 -1.1059E-05 -1.1438E-05  2.5640E-05  4.5651E-05  3.7067E-05
 -4.2851E-09 -3.8382E-08 -3.4408E-07 -2.6757E-06 -1.5019E-05 -5.0813E-05 -8.5546E-05 -6.7387E-05 -4.2172E-05 -3.0123E-05 -3.3291E-11 -8.5786E-10 -1.8102E-08 -2.7209E-07 -2.4735E-06 -1.0714E-05 -1.0024E-05  2.6262E-05  4.4039E-05  3.5949E-05
 -4.3247E-09 -3.8735E-08 -3.4634E-07 -2.6856E-06 -1.4962E-05 -4.9964E-05 -8.2293E-05 -6.3173E-05 -3.9075E-05 -2.8143E-05 -3.3602E-11 -8.6479E-10 -1.8201E-08 -2.7224E-07 -2.4508E-06 -1.0369E-05 -8.6734E-06  2.6729E-05  4.2483E-05  3.5016E-05
 -4.3657E-09 -3.9061E-08 -3.4875E-07 -2.6927E-06 -1.4892E-05 -4.9116E-05 -7.9097E-05 -5.9157E-05 -3.6190E-05 -2.6262E-05 -3.3913E-11 -8.7158E-10 -1.8300E-08 -2.7238E-07 -2.4268E-06 -1.0027E-05 -7.3879E-06  2.7082E-05  4.0998E-05  3.4238E-05
