 -1.5472E-12 -4.8549E-12 -1.5554E-11 -5.0229E-11 -1.6141E-10 -5.0870E-10 -1.5526E-09 -4.5536E-09 -1.2841E-08 -3.4762E-08 -9.0049E-08 -2.2343E-07 -5.3382E-07 -1.2374E-06 -2.7661E-06 -5.9184E-06 -1.2133E-05 -2.4110E-05
 -7.8930E-11 -2.4751E-10 -7.9345E-10 -2.5617E-09 -8.2324E-09 -2.5946E-08 -7.9189E-08 -2.3227E-07 -6.5489E-07 -1.7719E-06 -4.5917E-06 -1.1393E-05 -2.7211E-05 -6.3064E-05 -1.4101E-04 -3.0155E-04 -6.1782E-04 -1.2272E-03
 -1.5632E-10 -4.9034E-10 -1.5715E-09 -5.0732E-09 -1.6307E-08 -5.1373E-08 -1.5679E-07 -4.5986E-07 -1.2966E-06 -3.5091E-06 -9.0881E-06 -2.2551E-05 -5.3849E-05 -1.2471E-04 -2.7869E-04 -5.9531E-04 -1.2182E-03 -2.4145E-03
 -2.3383E-10 -7.3300E-10 -2.3487E-09 -7.5847E-09 -2.4370E-08 -7.6799E-08 -2.3435E-07 -6.8728E-07 -1.9382E-06 -5.2429E-06 -1.3578E-05 -3.3671E-05 -8.0350E-05 -1.8602E-04 -4.1500E-04 -8.8525E-04 -1.8083E-03 -3.5715E-03
 -3.1108E-10 -9.7601E-10 -3.1264E-09 -1.0094E-08 -3.2441E-08 -1.0221E-07 -3.1194E-07 -9.1452E-07 -2.5773E-06 -6.9732E-06 -1.8048E-05 -4.4739E-05 -1.0669E-04 -2.4664E-04 -5.4958E-04 -1.1698E-03 -2.3816E-03 -4.6835E-03
 -3.8850E-10 -1.2185E-09 -3.9040E-09 -1.2608E-08 -4.0495E-08 -1.2760E-07 -3.8937E-07 -1.1414E-06 -3.2164E-06 -8.6984E-06 -2.2499E-05 -5.5737E-05 -1.3281E-04 -3.0657E-04 -6.8174E-04 -1.4473E-03 -2.9341E-03 -5.7366E-03
 -4.6575E-10 -1.4615E-09 -4.6800E-09 -1.5110E-08 -4.8549E-08 -1.5296E-07 -4.6661E-07 -1.3680E-06 -3.8538E-06 -1.0417E-05 -2.6933E-05 -6.6667E-05 -1.5864E-04 -3.6564E-04 -8.1095E-04 -1.7159E-03 -3.4624E-03 -6.7204E-03
 -5.4317E-10 -1.7036E-09 -5.4594E-09 -1.7615E-08 -5.6603E-08 -1.7840E-07 -5.4386E-07 -1.5940E-06 -4.4895E-06 -1.2128E-05 -3.1350E-05 -7.7492E-05 -1.8412E-04 -4.2349E-04 -9.3669E-04 -1.9745E-03 -3.9612E-03 -7.6228E-03
 -6.2059E-10 -1.9451E-09 -6.2337E-09 -2.0126E-08 -6.4657E-08 -2.0369E-07 -6.2111E-07 -1.8187E-06 -5.1217E-06 -1.3830E-05 -3.5715E-05 -8.8196E-05 -2.0923E-04 -4.8012E-04 -1.0585E-03 -2.2205E-03 -4.4271E-03 -8.4368E-03
 -6.9784E-10 -2.1893E-09 -7.0113E-09 -2.2638E-08 -7.2694E-08 -2.2880E-07 -6.9802E-07 -2.0438E-06 -5.7539E-06 -1.5523E-05 -4.0045E-05 -9.8779E-05 -2.3400E-04 -5.3520E-04 -1.1757E-03 -2.4543E-03 -4.8567E-03 -9.1556E-03
 -7.7509E-10 -2.4318E-09 -7.7873E-09 -2.5132E-08 -8.0731E-08 -2.5409E-07 -7.7492E-07 -2.2690E-06 -6.3809E-06 -1.7204E-05 -4.4341E-05 -1.0922E-04 -2.5808E-04 -5.8890E-04 -1.2881E-03 -2.6743E-03 -5.2481E-03 -9.7757E-03
 -8.5252E-10 -2.6726E-09 -8.5615E-09 -2.7644E-08 -8.8733E-08 -2.7938E-07 -8.5148E-07 -2.4924E-06 -7.0044E-06 -1.8879E-05 -4.8601E-05 -1.1951E-04 -2.8180E-04 -6.4069E-04 -1.3950E-03 -2.8769E-03 -5.5980E-03 -1.0290E-02
 -9.2959E-10 -2.9150E-09 -9.3392E-09 -3.0138E-08 -9.6752E-08 -3.0449E-07 -9.2769E-07 -2.7141E-06 -7.6262E-06 -2.0525E-05 -5.2793E-05 -1.2961E-04 -3.0484E-04 -6.9057E-04 -1.4963E-03 -3.0657E-03 -5.9046E-03 -1.0702E-02
 -1.0065E-09 -3.1575E-09 -1.0112E-08 -3.2632E-08 -1.0475E-07 -3.2961E-07 -1.0041E-06 -2.9358E-06 -8.2446E-06 -2.2170E-05 -5.6950E-05 -1.3953E-04 -3.2736E-04 -7.3855E-04 -1.5914E-03 -3.2355E-03 -6.1696E-03 -1.1011E-02
 -1.0843E-09 -3.4000E-09 -1.0886E-08 -3.5126E-08 -1.1274E-07 -3.5472E-07 -1.0799E-06 -3.1558E-06 -8.8560E-06 -2.3798E-05 -6.1037E-05 -1.4927E-04 -3.4901E-04 -7.8427E-04 -1.6803E-03 -3.3896E-03 -6.3895E-03 -1.1220E-02
 -1.1612E-09 -3.6408E-09 -1.1660E-08 -3.7620E-08 -1.2071E-07 -3.7967E-07 -1.1555E-06 -3.3758E-06 -9.4657E-06 -2.5409E-05 -6.5073E-05 -1.5878E-04 -3.7014E-04 -8.2792E-04 -1.7632E-03 -3.5247E-03 -6.5645E-03 -1.1335E-02
 -1.2386E-09 -3.8833E-09 -1.2433E-08 -4.0114E-08 -1.2869E-07 -4.0461E-07 -1.2310E-06 -3.5940E-06 -1.0070E-05 -2.7003E-05 -6.9040E-05 -1.6806E-04 -3.9040E-04 -8.6914E-04 -1.8377E-03 -3.6425E-03 -6.6978E-03 -1.1357E-02
 -1.3157E-09 -4.1257E-09 -1.3209E-08 -4.2591E-08 -1.3664E-07 -4.2938E-07 -1.3061E-06 -3.8105E-06 -1.0669E-05 -2.8579E-05 -7.2937E-05 -1.7719E-04 -4.0998E-04 -9.0794E-04 -1.9053E-03 -3.7412E-03 -6.7896E-03 -1.1298E-02
 -1.3929E-09 -4.3665E-09 -1.3978E-08 -4.5068E-08 -1.4452E-07 -4.5432E-07 -1.3811E-06 -4.0270E-06 -1.1264E-05 -3.0120E-05 -7.6747E-05 -1.8585E-04 -4.2886E-04 -9.4431E-04 -1.9676E-03 -3.8226E-03 -6.8399E-03 -1.1161E-02
 -1.4698E-09 -4.6073E-09 -1.4750E-08 -4.7562E-08 -1.5251E-07 -4.7891E-07 -1.4554E-06 -4.2418E-06 -1.1852E-05 -3.1662E-05 -8.0506E-05 -1.9451E-04 -4.4670E-04 -9.7792E-04 -2.0213E-03 -3.8850E-03 -6.8520E-03 -1.0959E-02
 -1.5471E-09 -4.8497E-09 -1.5517E-08 -5.0039E-08 -1.6039E-07 -5.0368E-07 -1.5294E-06 -4.4548E-06 -1.2434E-05 -3.3169E-05 -8.4178E-05 -2.0282E-04 -4.6367E-04 -1.0091E-03 -2.0681E-03 -3.9318E-03 -6.8277E-03 -1.0695E-02
 -1.6238E-09 -5.0922E-09 -1.6290E-08 -5.2498E-08 -1.6825E-07 -5.2810E-07 -1.6035E-06 -4.6661E-06 -1.3013E-05 -3.4658E-05 -8.7763E-05 -2.1079E-04 -4.7995E-04 -1.0377E-03 -2.1079E-03 -3.9595E-03 -6.7689E-03 -1.0382E-02
 -1.7007E-09 -5.3313E-09 -1.7057E-08 -5.4975E-08 -1.7615E-07 -5.5270E-07 -1.6766E-06 -4.8757E-06 -1.3583E-05 -3.6113E-05 -9.1262E-05 -2.1841E-04 -4.9519E-04 -1.0635E-03 -2.1408E-03 -3.9716E-03 -6.6805E-03 -1.0027E-02
 -1.7788E-09 -5.5737E-09 -1.7823E-08 -5.7452E-08 -1.8394E-07 -5.7712E-07 -1.7494E-06 -5.0853E-06 -1.4146E-05 -3.7551E-05 -9.4674E-05 -2.2586E-04 -5.0940E-04 -1.0865E-03 -2.1668E-03 -3.9681E-03 -6.5610E-03 -9.6371E-03
 -1.8550E-09 -5.8128E-09 -1.8585E-08 -5.9894E-08 -1.9174E-07 -6.0137E-07 -1.8221E-06 -5.2914E-06 -1.4703E-05 -3.8971E-05 -9.7999E-05 -2.3296E-04 -5.2291E-04 -1.1070E-03 -2.1841E-03 -3.9491E-03 -6.4190E-03 -9.2214E-03
 -1.9312E-09 -6.0518E-09 -1.9364E-08 -6.2354E-08 -1.9953E-07 -6.2544E-07 -1.8949E-06 -5.4958E-06 -1.5254E-05 -4.0339E-05 -1.0122E-04 -2.3972E-04 -5.3520E-04 -1.1246E-03 -2.1962E-03 -3.9162E-03 -6.2527E-03 -8.7850E-03
 -2.0074E-09 -6.2943E-09 -2.0126E-08 -6.4813E-08 -2.0733E-07 -6.4952E-07 -1.9659E-06 -5.6984E-06 -1.5795E-05 -4.1708E-05 -1.0436E-04 -2.4630E-04 -5.4681E-04 -1.1397E-03 -2.2014E-03 -3.8711E-03 -6.0674E-03 -8.3381E-03
 -2.0854E-09 -6.5333E-09 -2.0889E-08 -6.7256E-08 -2.1512E-07 -6.7359E-07 -2.0369E-06 -5.8994E-06 -1.6332E-05 -4.3041E-05 -1.0739E-04 -2.5236E-04 -5.5720E-04 -1.1522E-03 -2.2014E-03 -3.8122E-03 -5.8647E-03 -7.8843E-03
 -2.1616E-09 -6.7723E-09 -2.1651E-08 -6.9698E-08 -2.2291E-07 -6.9750E-07 -2.1079E-06 -6.0986E-06 -1.6858E-05 -4.4341E-05 -1.1031E-04 -2.5825E-04 -5.6673E-04 -1.1619E-03 -2.1945E-03 -3.7430E-03 -5.6499E-03 -7.4305E-03
 -2.2395E-09 -7.0113E-09 -2.2413E-08 -7.2105E-08 -2.3054E-07 -7.2123E-07 -2.1789E-06 -6.2960E-06 -1.7372E-05 -4.5605E-05 -1.1314E-04 -2.6379E-04 -5.7539E-04 -1.1691E-03 -2.1807E-03 -3.6633E-03 -5.4231E-03 -6.9784E-03
 -2.3158E-09 -7.2486E-09 -2.3175E-08 -7.4547E-08 -2.3833E-07 -7.4478E-07 -2.2482E-06 -6.4900E-06 -1.7892E-05 -4.6852E-05 -1.1586E-04 -2.6899E-04 -5.8301E-04 -1.1740E-03 -2.1633E-03 -3.5750E-03 -5.1892E-03 -6.5350E-03
 -2.3920E-09 -7.4894E-09 -2.3937E-08 -7.6990E-08 -2.4595E-07 -7.6851E-07 -2.3175E-06 -6.6840E-06 -1.8394E-05 -4.8047E-05 -1.1847E-04 -2.7384E-04 -5.8959E-04 -1.1762E-03 -2.1391E-03 -3.4780E-03 -4.9485E-03 -6.1020E-03
 -2.4699E-09 -7.7284E-09 -2.4682E-08 -7.9397E-08 -2.5357E-07 -7.9189E-07 -2.3868E-06 -6.8745E-06 -1.8879E-05 -4.9225E-05 -1.2098E-04 -2.7834E-04 -5.9531E-04 -1.1761E-03 -2.1114E-03 -3.3740E-03 -4.7060E-03 -5.6811E-03
 -2.5444E-09 -7.9692E-09 -2.5444E-08 -8.1822E-08 -2.6119E-07 -8.1510E-07 -2.4543E-06 -7.0633E-06 -1.9364E-05 -5.0368E-05 -1.2337E-04 -2.8250E-04 -5.9998E-04 -1.1738E-03 -2.0785E-03 -3.2649E-03 -4.4600E-03 -5.2758E-03
 -2.6206E-09 -8.2047E-09 -2.6206E-08 -8.4212E-08 -2.6864E-07 -8.3849E-07 -2.5219E-06 -7.2486E-06 -1.9849E-05 -5.1477E-05 -1.2566E-04 -2.8631E-04 -6.0379E-04 -1.1691E-03 -2.0421E-03 -3.1506E-03 -4.2158E-03 -4.8878E-03
 -2.6985E-09 -8.4437E-09 -2.6968E-08 -8.6620E-08 -2.7626E-07 -8.6135E-07 -2.5894E-06 -7.4322E-06 -2.0317E-05 -5.2568E-05 -1.2783E-04 -2.8977E-04 -6.0656E-04 -1.1626E-03 -2.0023E-03 -3.0328E-03 -3.9751E-03 -4.5189E-03
 -2.7730E-09 -8.6828E-09 -2.7713E-08 -8.9010E-08 -2.8371E-07 -8.8421E-07 -2.6552E-06 -7.6124E-06 -2.0767E-05 -5.3607E-05 -1.2989E-04 -2.9289E-04 -6.0864E-04 -1.1539E-03 -1.9589E-03 -2.9116E-03 -3.7360E-03 -4.1656E-03
 -2.8492E-09 -8.9201E-09 -2.8458E-08 -9.1418E-08 -2.9116E-07 -9.0690E-07 -2.7211E-06 -7.7908E-06 -2.1218E-05 -5.4612E-05 -1.3184E-04 -2.9566E-04 -6.0968E-04 -1.1433E-03 -1.9122E-03 -2.7886E-03 -3.5039E-03 -3.8330E-03
 -2.9272E-09 -9.1556E-09 -2.9220E-08 -9.3773E-08 -2.9878E-07 -9.2959E-07 -2.7869E-06 -7.9674E-06 -2.1651E-05 -5.5582E-05 -1.3368E-04 -2.9809E-04 -6.0986E-04 -1.1310E-03 -1.8620E-03 -2.6656E-03 -3.2770E-03 -3.5178E-03
 -3.0034E-09 -9.3894E-09 -2.9964E-08 -9.6129E-08 -3.0605E-07 -9.5194E-07 -2.8510E-06 -8.1406E-06 -2.2084E-05 -5.6534E-05 -1.3539E-04 -3.0034E-04 -6.0934E-04 -1.1168E-03 -1.8100E-03 -2.5409E-03 -3.0571E-03 -3.2216E-03
 -3.0796E-09 -9.6285E-09 -3.0709E-08 -9.8519E-08 -3.1350E-07 -9.7428E-07 -2.9150E-06 -8.3104E-06 -2.2499E-05 -5.7435E-05 -1.3699E-04 -3.0207E-04 -6.0795E-04 -1.1012E-03 -1.7563E-03 -2.4179E-03 -2.8458E-03 -2.9445E-03
 -3.1558E-09 -9.8623E-09 -3.1454E-08 -1.0087E-07 -3.2078E-07 -9.9628E-07 -2.9791E-06 -8.4784E-06 -2.2898E-05 -5.8301E-05 -1.3848E-04 -3.0346E-04 -6.0570E-04 -1.0841E-03 -1.7016E-03 -2.2950E-03 -2.6414E-03 -2.6847E-03
 -3.2303E-09 -1.0101E-08 -3.2216E-08 -1.0321E-07 -3.2822E-07 -1.0183E-06 -3.0415E-06 -8.6447E-06 -2.3296E-05 -5.9115E-05 -1.3985E-04 -3.0467E-04 -6.0275E-04 -1.0657E-03 -1.6453E-03 -2.1737E-03 -2.4474E-03 -2.4422E-03
 -3.3065E-09 -1.0339E-08 -3.2944E-08 -1.0559E-07 -3.3550E-07 -1.0401E-06 -3.1021E-06 -8.8057E-06 -2.3694E-05 -5.9912E-05 -1.4111E-04 -3.0553E-04 -5.9912E-04 -1.0460E-03 -1.5878E-03 -2.0542E-03 -2.2621E-03 -2.2170E-03
 -3.3827E-09 -1.0576E-08 -3.3706E-08 -1.0789E-07 -3.4260E-07 -1.0619E-06 -3.1645E-06 -8.9668E-06 -2.4058E-05 -6.0674E-05 -1.4224E-04 -3.0605E-04 -5.9461E-04 -1.0252E-03 -1.5297E-03 -1.9382E-03 -2.0871E-03 -2.0074E-03
 -3.4572E-09 -1.0808E-08 -3.4433E-08 -1.1025E-07 -3.4987E-07 -1.0832E-06 -3.2233E-06 -9.1227E-06 -2.4422E-05 -6.1384E-05 -1.4326E-04 -3.0623E-04 -5.8959E-04 -1.0034E-03 -1.4714E-03 -1.8238E-03 -1.9208E-03 -1.8135E-03
 -3.5334E-09 -1.1042E-08 -3.5161E-08 -1.1253E-07 -3.5698E-07 -1.1045E-06 -3.2840E-06 -9.2769E-06 -2.4786E-05 -6.2077E-05 -1.4418E-04 -3.0623E-04 -5.8387E-04 -9.8051E-04 -1.4130E-03 -1.7144E-03 -1.7650E-03 -1.6351E-03
 -3.6096E-09 -1.1277E-08 -3.5905E-08 -1.1485E-07 -3.6425E-07 -1.1258E-06 -3.3429E-06 -9.4276E-06 -2.5132E-05 -6.2718E-05 -1.4497E-04 -3.0571E-04 -5.7764E-04 -9.5713E-04 -1.3546E-03 -1.6084E-03 -1.6191E-03 -1.4703E-03
 -3.6841E-09 -1.1511E-08 -3.6633E-08 -1.1717E-07 -3.7135E-07 -1.1466E-06 -3.4017E-06 -9.5748E-06 -2.5461E-05 -6.3324E-05 -1.4567E-04 -3.0501E-04 -5.7071E-04 -9.3288E-04 -1.2968E-03 -1.5062E-03 -1.4823E-03 -1.3191E-03
 -3.7603E-09 -1.1745E-08 -3.7360E-08 -1.1949E-07 -3.7828E-07 -1.1674E-06 -3.4589E-06 -9.7203E-06 -2.5773E-05 -6.3895E-05 -1.4624E-04 -3.0415E-04 -5.6326E-04 -9.0811E-04 -1.2395E-03 -1.4083E-03 -1.3546E-03 -1.1809E-03
 -3.8365E-09 -1.1979E-08 -3.8088E-08 -1.2173E-07 -3.8538E-07 -1.1878E-06 -3.5143E-06 -9.8623E-06 -2.6085E-05 -6.4432E-05 -1.4670E-04 -3.0294E-04 -5.5530E-04 -8.8283E-04 -1.1830E-03 -1.3148E-03 -1.2362E-03 -1.0550E-03
 -3.9110E-09 -1.2209E-08 -3.8833E-08 -1.2401E-07 -3.9231E-07 -1.2085E-06 -3.5715E-06 -1.0001E-05 -2.6379E-05 -6.4917E-05 -1.4705E-04 -3.0138E-04 -5.4698E-04 -8.5719E-04 -1.1274E-03 -1.2256E-03 -1.1264E-03 -9.4050E-04
 -3.9854E-09 -1.2440E-08 -3.9543E-08 -1.2630E-07 -3.9924E-07 -1.2287E-06 -3.6252E-06 -1.0138E-05 -2.6674E-05 -6.5385E-05 -1.4731E-04 -2.9964E-04 -5.3815E-04 -8.3138E-04 -1.0730E-03 -1.1411E-03 -1.0252E-03 -8.3710E-04
 -4.0599E-09 -1.2673E-08 -4.0288E-08 -1.2855E-07 -4.0599E-07 -1.2486E-06 -3.6806E-06 -1.0269E-05 -2.6951E-05 -6.5801E-05 -1.4745E-04 -2.9774E-04 -5.2880E-04 -8.0523E-04 -1.0198E-03 -1.0609E-03 -9.3202E-04 -7.4409E-04
 -4.1361E-09 -1.2904E-08 -4.1015E-08 -1.3082E-07 -4.1292E-07 -1.2686E-06 -3.7343E-06 -1.0398E-05 -2.7211E-05 -6.6182E-05 -1.4750E-04 -2.9549E-04 -5.1927E-04 -7.7890E-04 -9.6804E-04 -9.8519E-04 -8.4680E-04 -6.6078E-04
 -4.2123E-09 -1.3138E-08 -4.1708E-08 -1.3304E-07 -4.1968E-07 -1.2883E-06 -3.7863E-06 -1.0524E-05 -2.7470E-05 -6.6528E-05 -1.4741E-04 -2.9306E-04 -5.0940E-04 -7.5275E-04 -9.1781E-04 -9.1400E-04 -7.6886E-04 -5.8665E-04
 -4.2851E-09 -1.3365E-08 -4.2453E-08 -1.3527E-07 -4.2643E-07 -1.3075E-06 -3.8382E-06 -1.0647E-05 -2.7695E-05 -6.6840E-05 -1.4728E-04 -2.9029E-04 -4.9918E-04 -7.2660E-04 -8.6932E-04 -8.4732E-04 -6.9784E-04 -5.2100E-04
 -4.3613E-09 -1.3597E-08 -4.3163E-08 -1.3749E-07 -4.3319E-07 -1.3268E-06 -3.8885E-06 -1.0768E-05 -2.7938E-05 -6.7117E-05 -1.4700E-04 -2.8752E-04 -4.8861E-04 -7.0044E-04 -8.2220E-04 -7.8479E-04 -6.3358E-04 -4.6315E-04
 -4.4358E-09 -1.3827E-08 -4.3873E-08 -1.3972E-07 -4.3977E-07 -1.3458E-06 -3.9387E-06 -1.0882E-05 -2.8146E-05 -6.7342E-05 -1.4664E-04 -2.8440E-04 -4.7787E-04 -6.7463E-04 -7.7682E-04 -7.2642E-04 -5.7539E-04 -4.1257E-04
 -4.5103E-09 -1.4061E-08 -4.4583E-08 -1.4189E-07 -4.4635E-07 -1.3647E-06 -3.9889E-06 -1.0997E-05 -2.8354E-05 -6.7550E-05 -1.4620E-04 -2.8111E-04 -4.6679E-04 -6.4900E-04 -7.3335E-04 -6.7204E-04 -5.2291E-04 -3.6875E-04
 -4.5830E-09 -1.4288E-08 -4.5310E-08 -1.4409E-07 -4.5293E-07 -1.3832E-06 -4.0374E-06 -1.1106E-05 -2.8562E-05 -6.7723E-05 -1.4565E-04 -2.7765E-04 -4.5570E-04 -6.2371E-04 -6.9143E-04 -6.2146E-04 -4.7597E-04 -3.3117E-04
 -4.6575E-09 -1.4518E-08 -4.5986E-08 -1.4624E-07 -4.5934E-07 -1.4017E-06 -4.0842E-06 -1.1212E-05 -2.8735E-05 -6.7844E-05 -1.4501E-04 -2.7401E-04 -4.4444E-04 -5.9877E-04 -6.5142E-04 -5.7469E-04 -4.3388E-04 -2.9913E-04
 -4.7337E-09 -1.4738E-08 -4.6713E-08 -1.4840E-07 -4.6592E-07 -1.4196E-06 -4.1309E-06 -1.1314E-05 -2.8908E-05 -6.7948E-05 -1.4430E-04 -2.7037E-04 -4.3301E-04 -5.7417E-04 -6.1332E-04 -5.3139E-04 -3.9629E-04 -2.7193E-04
 -4.8082E-09 -1.4972E-08 -4.7424E-08 -1.5058E-07 -4.7233E-07 -1.4376E-06 -4.1760E-06 -1.1414E-05 -2.9064E-05 -6.8000E-05 -1.4348E-04 -2.6639E-04 -4.2158E-04 -5.5010E-04 -5.7677E-04 -4.9156E-04 -3.6304E-04 -2.4942E-04
 -4.8827E-09 -1.5199E-08 -4.8116E-08 -1.5271E-07 -4.7857E-07 -1.4551E-06 -4.2210E-06 -1.1511E-05 -2.9220E-05 -6.8035E-05 -1.4260E-04 -2.6241E-04 -4.0998E-04 -5.2654E-04 -5.4213E-04 -4.5466E-04 -3.3359E-04 -2.3071E-04
 -4.9554E-09 -1.5424E-08 -4.8827E-08 -1.5486E-07 -4.8497E-07 -1.4726E-06 -4.2660E-06 -1.1603E-05 -2.9358E-05 -6.8035E-05 -1.4163E-04 -2.5808E-04 -3.9837E-04 -5.0351E-04 -5.0905E-04 -4.2089E-04 -3.0779E-04 -2.1547E-04
 -5.0299E-09 -1.5646E-08 -4.9502E-08 -1.5698E-07 -4.9121E-07 -1.4899E-06 -4.3076E-06 -1.1691E-05 -2.9480E-05 -6.8000E-05 -1.4061E-04 -2.5375E-04 -3.8677E-04 -4.8099E-04 -4.7787E-04 -3.8988E-04 -2.8492E-04 -2.0334E-04
 -5.1026E-09 -1.5874E-08 -5.0212E-08 -1.5911E-07 -4.9744E-07 -1.5072E-06 -4.3509E-06 -1.1778E-05 -2.9601E-05 -6.7931E-05 -1.3948E-04 -2.4942E-04 -3.7516E-04 -4.5899E-04 -4.4825E-04 -3.6148E-04 -2.6483E-04 -1.9364E-04
 -5.1754E-09 -1.6099E-08 -5.0905E-08 -1.6122E-07 -5.0351E-07 -1.5239E-06 -4.3907E-06 -1.1859E-05 -2.9705E-05 -6.7810E-05 -1.3829E-04 -2.4491E-04 -3.6356E-04 -4.3769E-04 -4.2020E-04 -3.3533E-04 -2.4716E-04 -1.8620E-04
 -5.2498E-09 -1.6318E-08 -5.1580E-08 -1.6330E-07 -5.0957E-07 -1.5405E-06 -4.4306E-06 -1.1942E-05 -2.9791E-05 -6.7689E-05 -1.3704E-04 -2.4024E-04 -3.5195E-04 -4.1690E-04 -3.9370E-04 -3.1160E-04 -2.3192E-04 -1.8048E-04
 -5.3226E-09 -1.6551E-08 -5.2273E-08 -1.6536E-07 -5.1580E-07 -1.5569E-06 -4.4722E-06 -1.2017E-05 -2.9878E-05 -6.7515E-05 -1.3571E-04 -2.3556E-04 -3.4052E-04 -3.9681E-04 -3.6875E-04 -2.8977E-04 -2.1841E-04 -1.7615E-04
 -5.3971E-09 -1.6770E-08 -5.2966E-08 -1.6740E-07 -5.2169E-07 -1.5730E-06 -4.5085E-06 -1.2088E-05 -2.9947E-05 -6.7325E-05 -1.3434E-04 -2.3088E-04 -3.2926E-04 -3.7741E-04 -3.4520E-04 -2.6985E-04 -2.0663E-04 -1.7293E-04
 -5.4681E-09 -1.6986E-08 -5.3642E-08 -1.6946E-07 -5.2758E-07 -1.5890E-06 -4.5466E-06 -1.2156E-05 -2.9999E-05 -6.7100E-05 -1.3288E-04 -2.2603E-04 -3.1800E-04 -3.5853E-04 -3.2320E-04 -2.5167E-04 -1.9624E-04 -1.7052E-04
 -5.5443E-09 -1.7213E-08 -5.4317E-08 -1.7154E-07 -5.3347E-07 -1.6046E-06 -4.5813E-06 -1.2221E-05 -3.0051E-05 -6.6840E-05 -1.3138E-04 -2.2118E-04 -3.0675E-04 -3.4035E-04 -3.0242E-04 -2.3504E-04 -1.8706E-04 -1.6858E-04
 -5.6153E-09 -1.7424E-08 -5.5010E-08 -1.7355E-07 -5.3936E-07 -1.6200E-06 -4.6176E-06 -1.2285E-05 -3.0086E-05 -6.6563E-05 -1.2982E-04 -2.1616E-04 -2.9583E-04 -3.2268E-04 -2.8267E-04 -2.1980E-04 -1.7875E-04 -1.6700E-04
 -5.6881E-09 -1.7650E-08 -5.5668E-08 -1.7563E-07 -5.4508E-07 -1.6352E-06 -4.6523E-06 -1.2343E-05 -3.0103E-05 -6.6251E-05 -1.2821E-04 -2.1131E-04 -2.8492E-04 -3.0588E-04 -2.6431E-04 -2.0577E-04 -1.7135E-04 -1.6555E-04
 -5.7625E-09 -1.7875E-08 -5.6326E-08 -1.7754E-07 -5.5079E-07 -1.6500E-06 -4.6869E-06 -1.2398E-05 -3.0120E-05 -6.5905E-05 -1.2654E-04 -2.0629E-04 -2.7436E-04 -2.8960E-04 -2.4716E-04 -1.9295E-04 -1.6461E-04 -1.6394E-04
 -5.8353E-09 -1.8100E-08 -5.7036E-08 -1.7961E-07 -5.5651E-07 -1.6648E-06 -4.7198E-06 -1.2450E-05 -3.0138E-05 -6.5541E-05 -1.2483E-04 -2.0126E-04 -2.6379E-04 -2.7401E-04 -2.3106E-04 -1.8100E-04 -1.5833E-04 -1.6222E-04
 -5.9063E-09 -1.8325E-08 -5.7677E-08 -1.8152E-07 -5.6205E-07 -1.6792E-06 -4.7510E-06 -1.2497E-05 -3.0120E-05 -6.5160E-05 -1.2310E-04 -1.9624E-04 -2.5340E-04 -2.5894E-04 -2.1581E-04 -1.7010E-04 -1.5244E-04 -1.6018E-04
 -5.9773E-09 -1.8533E-08 -5.8353E-08 -1.8360E-07 -5.6759E-07 -1.6934E-06 -4.7805E-06 -1.2542E-05 -3.0120E-05 -6.4744E-05 -1.2130E-04 -1.9122E-04 -2.4335E-04 -2.4457E-04 -2.0144E-04 -1.5997E-04 -1.4684E-04 -1.5770E-04
 -6.0501E-09 -1.8758E-08 -5.9011E-08 -1.8550E-07 -5.7296E-07 -1.7071E-06 -4.8099E-06 -1.2583E-05 -3.0086E-05 -6.4294E-05 -1.1948E-04 -1.8620E-04 -2.3348E-04 -2.3071E-04 -1.8810E-04 -1.5050E-04 -1.4135E-04 -1.5476E-04
 -6.1228E-09 -1.8966E-08 -5.9652E-08 -1.8741E-07 -5.7850E-07 -1.7206E-06 -4.8393E-06 -1.2623E-05 -3.0051E-05 -6.3843E-05 -1.1762E-04 -1.8117E-04 -2.2378E-04 -2.1755E-04 -1.7563E-04 -1.4163E-04 -1.3597E-04 -1.5131E-04
 -6.1955E-09 -1.9191E-08 -6.0310E-08 -1.8931E-07 -5.8387E-07 -1.7338E-06 -4.8671E-06 -1.2658E-05 -2.9999E-05 -6.3358E-05 -1.1572E-04 -1.7615E-04 -2.1425E-04 -2.0490E-04 -1.6382E-04 -1.3335E-04 -1.3065E-04 -1.4733E-04
 -6.2683E-09 -1.9416E-08 -6.0951E-08 -1.9122E-07 -5.8907E-07 -1.7476E-06 -4.8930E-06 -1.2689E-05 -2.9947E-05 -6.2856E-05 -1.1380E-04 -1.7113E-04 -2.0507E-04 -1.9278E-04 -1.5275E-04 -1.2549E-04 -1.2528E-04 -1.4277E-04
 -6.3376E-09 -1.9624E-08 -6.1609E-08 -1.9312E-07 -5.9444E-07 -1.7598E-06 -4.9208E-06 -1.2718E-05 -2.9895E-05 -6.2337E-05 -1.1186E-04 -1.6617E-04 -1.9607E-04 -1.8135E-04 -1.4237E-04 -1.1806E-04 -1.1986E-04 -1.3770E-04
 -6.4103E-09 -1.9832E-08 -6.2267E-08 -1.9503E-07 -5.9964E-07 -1.7736E-06 -4.9433E-06 -1.2741E-05 -2.9809E-05 -6.1782E-05 -1.0988E-04 -1.6125E-04 -1.8723E-04 -1.7030E-04 -1.3257E-04 -1.1099E-04 -1.1438E-04 -1.3216E-04
 -6.4813E-09 -2.0057E-08 -6.2891E-08 -1.9693E-07 -6.0449E-07 -1.7857E-06 -4.9675E-06 -1.2763E-05 -2.9739E-05 -6.1211E-05 -1.0787E-04 -1.5635E-04 -1.7875E-04 -1.5987E-04 -1.2343E-04 -1.0420E-04 -1.0870E-04 -1.2602E-04
 -6.5541E-09 -2.0265E-08 -6.3549E-08 -1.9867E-07 -6.0986E-07 -1.7979E-06 -4.9918E-06 -1.2783E-05 -2.9635E-05 -6.0622E-05 -1.0588E-04 -1.5152E-04 -1.7036E-04 -1.4986E-04 -1.1477E-04 -9.7670E-05 -1.0302E-04 -1.1949E-04
 -6.6234E-09 -2.0473E-08 -6.4172E-08 -2.0057E-07 -6.1470E-07 -1.8100E-06 -5.0126E-06 -1.2796E-05 -2.9531E-05 -6.0016E-05 -1.0384E-04 -1.4672E-04 -1.6233E-04 -1.4035E-04 -1.0661E-04 -9.1400E-05 -9.7151E-05 -1.1257E-04
 -6.6961E-09 -2.0681E-08 -6.4831E-08 -2.0248E-07 -6.1955E-07 -1.8204E-06 -5.0351E-06 -1.2812E-05 -2.9428E-05 -5.9409E-05 -1.0179E-04 -1.4199E-04 -1.5448E-04 -1.3129E-04 -9.8900E-05 -8.5338E-05 -9.1244E-05 -1.0529E-04
 -6.7654E-09 -2.0906E-08 -6.5437E-08 -2.0421E-07 -6.2440E-07 -1.8325E-06 -5.0541E-06 -1.2819E-05 -2.9306E-05 -5.8768E-05 -9.9749E-05 -1.3732E-04 -1.4690E-04 -1.2270E-04 -9.1643E-05 -7.9466E-05 -8.5182E-05 -9.7774E-05
 -6.8364E-09 -2.1114E-08 -6.6060E-08 -2.0594E-07 -6.2925E-07 -1.8446E-06 -5.0732E-06 -1.2824E-05 -2.9185E-05 -5.8110E-05 -9.7670E-05 -1.3269E-04 -1.3957E-04 -1.1452E-04 -8.4767E-05 -7.3768E-05 -7.9103E-05 -8.9997E-05
 -6.9074E-09 -2.1322E-08 -6.6684E-08 -2.0785E-07 -6.3410E-07 -1.8550E-06 -5.0905E-06 -1.2828E-05 -2.9046E-05 -5.7435E-05 -9.5609E-05 -1.2814E-04 -1.3248E-04 -1.0675E-04 -7.8271E-05 -6.8208E-05 -7.2937E-05 -8.2065E-05
 -6.9784E-09 -2.1547E-08 -6.7290E-08 -2.0958E-07 -6.3861E-07 -1.8654E-06 -5.1078E-06 -1.2826E-05 -2.8908E-05 -5.6759E-05 -9.3548E-05 -1.2363E-04 -1.2561E-04 -9.9350E-05 -7.2123E-05 -6.2821E-05 -6.6736E-05 -7.4080E-05
 -7.0494E-09 -2.1737E-08 -6.7914E-08 -2.1131E-07 -6.4311E-07 -1.8758E-06 -5.1251E-06 -1.2824E-05 -2.8752E-05 -5.6066E-05 -9.1470E-05 -1.1923E-04 -1.1896E-04 -9.2405E-05 -6.6286E-05 -5.7521E-05 -6.0604E-05 -6.6060E-05
 -7.1153E-09 -2.1945E-08 -6.8537E-08 -2.1304E-07 -6.4779E-07 -1.8862E-06 -5.1407E-06 -1.2817E-05 -2.8596E-05 -5.5356E-05 -8.9391E-05 -1.1489E-04 -1.1257E-04 -8.5737E-05 -6.0760E-05 -5.2395E-05 -5.4456E-05 -5.8024E-05
 -7.1880E-09 -2.2153E-08 -6.9161E-08 -2.1477E-07 -6.5212E-07 -1.8949E-06 -5.1529E-06 -1.2807E-05 -2.8440E-05 -5.4629E-05 -8.7330E-05 -1.1063E-04 -1.0642E-04 -7.9449E-05 -5.5530E-05 -4.7441E-05 -4.8376E-05 -5.0108E-05
 -7.2573E-09 -2.2361E-08 -6.9750E-08 -2.1651E-07 -6.5645E-07 -1.9053E-06 -5.1667E-06 -1.2795E-05 -2.8267E-05 -5.3901E-05 -8.5252E-05 -1.0645E-04 -1.0049E-04 -7.3491E-05 -5.0559E-05 -4.2591E-05 -4.2366E-05 -4.2366E-05
 -7.3283E-09 -2.2569E-08 -7.0373E-08 -2.1824E-07 -6.6112E-07 -1.9139E-06 -5.1788E-06 -1.2779E-05 -2.8077E-05 -5.3157E-05 -8.3190E-05 -1.0236E-04 -9.4778E-05 -6.7844E-05 -4.5830E-05 -3.7863E-05 -3.6494E-05 -3.4814E-05
 -7.3959E-09 -2.2776E-08 -7.0979E-08 -2.1980E-07 -6.6528E-07 -1.9226E-06 -5.1910E-06 -1.2763E-05 -2.7886E-05 -5.2412E-05 -8.1147E-05 -9.8346E-05 -8.9270E-05 -6.2492E-05 -4.1327E-05 -3.3325E-05 -3.0744E-05 -2.7470E-05
