  6.0040E-08  3.0640E-06  6.0380E-05  3.1140E-04
  3.0620E-06  1.5620E-04  3.0780E-03  1.5870E-02
  6.0630E-06  3.0920E-04  6.0880E-03  3.1350E-02
  9.0620E-06  4.6200E-04  9.0810E-03  4.6690E-02
  1.2060E-05  6.1440E-04  1.2050E-02  6.1810E-02
  1.5060E-05  7.6640E-04  1.4990E-02  7.6650E-02
  1.8050E-05  9.1760E-04  1.7890E-02  9.1140E-02
  2.1040E-05  1.0680E-03  2.0740E-02  1.0520E-01
  2.4020E-05  1.2180E-03  2.3540E-02  1.1880E-01
  2.7000E-05  1.3670E-03  2.6280E-02  1.3190E-01
  2.9970E-05  1.5140E-03  2.8950E-02  1.4430E-01
  3.2940E-05  1.6610E-03  3.1550E-02  1.5620E-01
  3.5900E-05  1.8060E-03  3.4070E-02  1.6730E-01
  3.8850E-05  1.9490E-03  3.6500E-02  1.7780E-01
  4.1790E-05  2.0910E-03  3.8840E-02  1.8740E-01
  4.4720E-05  2.2320E-03  4.1090E-02  1.9630E-01
  4.7650E-05  2.3710E-03  4.3240E-02  2.0440E-01
  5.0560E-05  2.5070E-03  4.5280E-02  2.1160E-01
  5.3470E-05  2.6420E-03  4.7210E-02  2.1790E-01
  5.6360E-05  2.7750E-03  4.9030E-02  2.2350E-01
  5.9240E-05  2.9060E-03  5.0730E-02  2.2810E-01
  6.2110E-05  3.0340E-03  5.2320E-02  2.3190E-01
  6.4960E-05  3.1600E-03  5.3780E-02  2.3480E-01
  6.7800E-05  3.2830E-03  5.5130E-02  2.3690E-01
  7.0630E-05  3.4040E-03  5.6350E-02  2.3810E-01
  7.3440E-05  3.5230E-03  5.7450E-02  2.3850E-01
  7.6240E-05  3.6380E-03  5.8430E-02  2.3820E-01
  7.9020E-05  3.7510E-03  5.9280E-02  2.3700E-01
  8.1780E-05  3.8610E-03  6.0010E-02  2.3520E-01
  8.4530E-05  3.9680E-03  6.0620E-02  2.3260E-01
  8.7260E-05  4.0720E-03  6.1110E-02  2.2950E-01
  8.9970E-05  4.1740E-03  6.1480E-02  2.2570E-01
  9.2660E-05  4.2720E-03  6.1730E-02  2.2130E-01
  9.5330E-05  4.3660E-03  6.1870E-02  2.1640E-01
  9.7980E-05  4.4580E-03  6.1900E-02  2.1100E-01
  1.0060E-04  4.5470E-03  6.1820E-02  2.0520E-01
  1.0320E-04  4.6320E-03  6.1630E-02  1.9910E-01
  1.0580E-04  4.7130E-03  6.1350E-02  1.9260E-01
  1.0840E-04  4.7920E-03  6.0970E-02  1.8580E-01
  1.1090E-04  4.8670E-03  6.0490E-02  1.7870E-01
  1.1340E-04  4.9380E-03  5.9930E-02  1.7150E-01
  1.1590E-04  5.0070E-03  5.9280E-02  1.6410E-01
  1.1840E-04  5.0710E-03  5.8560E-02  1.5660E-01
  1.2090E-04  5.1320E-03  5.7760E-02  1.4910E-01
  1.2330E-04  5.1900E-03  5.6890E-02  1.4150E-01
  1.2570E-04  5.2440E-03  5.5950E-02  1.3400E-01
  1.2810E-04  5.2950E-03  5.4960E-02  1.2650E-01
  1.3040E-04  5.3420E-03  5.3910E-02  1.1910E-01
  1.3270E-04  5.3850E-03  5.2810E-02  1.1190E-01
  1.3500E-04  5.4250E-03  5.1670E-02  1.0470E-01
  1.3730E-04  5.4620E-03  5.0490E-02  9.7780E-02
  1.3950E-04  5.4950E-03  4.9270E-02  9.1030E-02
  1.4170E-04  5.5250E-03  4.8030E-02  8.4500E-02
  1.4390E-04  5.5510E-03  4.6750E-02  7.8210E-02
  1.4610E-04  5.5740E-03  4.5460E-02  7.2170E-02
  1.4820E-04  5.5930E-03  4.4150E-02  6.6390E-02
  1.5030E-04  5.6090E-03  4.2830E-02  6.0890E-02
  1.5230E-04  5.6220E-03  4.1500E-02  5.5670E-02
  1.5440E-04  5.6310E-03  4.0160E-02  5.0740E-02
  1.5640E-04  5.6370E-03  3.8830E-02  4.6100E-02
  1.5840E-04  5.6400E-03  3.7490E-02  4.1750E-02
  1.6030E-04  5.6390E-03  3.6170E-02  3.7690E-02
  1.6220E-04  5.6360E-03  3.4850E-02  3.3910E-02
  1.6410E-04  5.6290E-03  3.3550E-02  3.0420E-02
  1.6590E-04  5.6200E-03  3.2260E-02  2.7200E-02
  1.6770E-04  5.6070E-03  3.0990E-02  2.4250E-02
  1.6950E-04  5.5920E-03  2.9740E-02  2.1560E-02
  1.7130E-04  5.5730E-03  2.8520E-02  1.9120E-02
  1.7300E-04  5.5520E-03  2.7310E-02  1.6910E-02
  1.7470E-04  5.5290E-03  2.6140E-02  1.4940E-02
  1.7630E-04  5.5020E-03  2.4990E-02  1.3170E-02
  1.7790E-04  5.4730E-03  2.3870E-02  1.1610E-02
  1.7950E-04  5.4410E-03  2.2780E-02  1.0230E-02
  1.8100E-04  5.4070E-03  2.1720E-02  9.0350E-03
  1.8250E-04  5.3700E-03  2.0690E-02  7.9990E-03
  1.8400E-04  5.3320E-03  1.9690E-02  7.1120E-03
  1.8550E-04  5.2900E-03  1.8730E-02  6.3610E-03
  1.8690E-04  5.2470E-03  1.7800E-02  5.7340E-03
  1.8820E-04  5.2020E-03  1.6900E-02  5.2180E-03
  1.8960E-04  5.1540E-03  1.6040E-02  4.8010E-03
  1.9090E-04  5.1050E-03  1.5200E-02  4.4720E-03
  1.9210E-04  5.0540E-03  1.4410E-02  4.2200E-03
  1.9340E-04  5.0010E-03  1.3640E-02  4.0340E-03
  1.9460E-04  4.9460E-03  1.2900E-02  3.9050E-03
  1.9570E-04  4.8890E-03  1.2200E-02  3.8220E-03
  1.9680E-04  4.8310E-03  1.1530E-02  3.7790E-03
  1.9790E-04  4.7720E-03  1.0880E-02  3.7660E-03
  1.9900E-04  4.7110E-03  1.0270E-02  3.7770E-03
  2.0000E-04  4.6490E-03  9.6850E-03  3.8050E-03
  2.0100E-04  4.5850E-03  9.1260E-03  3.8440E-03
  2.0190E-04  4.5210E-03  8.5950E-03  3.8890E-03
  2.0280E-04  4.4550E-03  8.0890E-03  3.9350E-03
  2.0370E-04  4.3880E-03  7.6070E-03  3.9790E-03
  2.0460E-04  4.3200E-03  7.1490E-03  4.0150E-03
  2.0540E-04  4.2520E-03  6.7140E-03  4.0430E-03
  2.0610E-04  4.1820E-03  6.3010E-03  4.0590E-03
  2.0690E-04  4.1120E-03  5.9080E-03  4.0610E-03
  2.0760E-04  4.0410E-03  5.5360E-03  4.0480E-03
  2.0820E-04  3.9700E-03  5.1820E-03  4.0190E-03
  2.0880E-04  3.8980E-03  4.8460E-03  3.9730E-03
