      0.0005068 -7.3590e-11  -7.3590e-11  -1.1450e-09  -6.1790e-09  -6.5070e-08  -2.6400e-07  -7.4150e-07  -1.3480e-06  -2.3290e-06  -3.7250e-06  -6.7830e-06  -1.3100e-05  -2.7810e-05  -5.5350e-05  -1.4980e-04  -2.8750e-04  -4.8430e-04  -1.3210e-03  -3.4820e-03  -7.7070e-03  -1.7040e-02  -2.1800e-02  -3.0040e-02  -4.2450e-02  -4.6160e-02  -5.1080e-02  -4.9550e-02   0.0000e+00   0.0000e+00 
        0.05118 -7.4330e-09  -7.4330e-09  -1.1560e-07  -6.2400e-07  -6.5720e-06  -2.6660e-05  -7.4890e-05  -1.3610e-04  -2.3520e-04  -3.7620e-04  -6.8500e-04  -1.3230e-03  -2.8080e-03  -5.5890e-03  -1.5120e-02  -2.9020e-02  -4.8880e-02  -1.3330e-01  -3.5090e-01  -7.7550e-01  -1.7100e+00  -2.1850e+00  -3.0060e+00  -4.2430e+00  -4.6180e+00  -5.1510e+00  -5.0610e+00   0.0000e+00   0.0000e+00 
         0.1019 -1.4790e-08  -1.4790e-08  -2.3000e-07  -1.2420e-06  -1.3080e-05  -5.3060e-05  -1.4900e-04  -2.7080e-04  -4.6800e-04  -7.4840e-04  -1.3630e-03  -2.6310e-03  -5.5860e-03  -1.1110e-02  -3.0050e-02  -5.7650e-02  -9.7050e-02  -2.6420e-01  -6.9360e-01  -1.5270e+00  -3.3410e+00  -4.2540e+00  -5.8210e+00  -8.1880e+00  -8.9290e+00  -1.0160e+01  -1.0290e+01   0.0000e+00   0.0000e+00 
         0.1525 -2.2150e-08  -2.2150e-08  -3.4450e-07  -1.8600e-06  -1.9580e-05  -7.9430e-05  -2.2310e-04  -4.0550e-04  -7.0050e-04  -1.1200e-03  -2.0400e-03  -3.9370e-03  -8.3560e-03  -1.6620e-02  -4.4910e-02  -8.6070e-02  -1.4480e-01  -3.9310e-01  -1.0270e+00  -2.2450e+00  -4.8520e+00  -6.1420e+00  -8.3300e+00  -1.1640e+01  -1.2710e+01  -1.4800e+01  -1.5520e+01   0.0000e+00   0.0000e+00 
         0.2032 -2.9510e-08  -2.9510e-08  -4.5890e-07  -2.4770e-06  -2.6080e-05  -1.0580e-04  -2.9710e-04  -5.3990e-04  -9.3270e-04  -1.4910e-03  -2.7150e-03  -5.2390e-03  -1.1120e-02  -2.2100e-02  -5.9650e-02  -1.1420e-01  -1.9180e-01  -5.1890e-01  -1.3470e+00  -2.9160e+00  -6.1950e+00  -7.7800e+00  -1.0420e+01  -1.4390e+01  -1.5720e+01  -1.8620e+01  -2.0040e+01   0.0000e+00   0.0000e+00 
         0.2539 -3.6870e-08  -3.6870e-08  -5.7330e-07  -3.0950e-06  -3.2580e-05  -1.3210e-04  -3.7100e-04  -6.7410e-04  -1.1640e-03  -1.8620e-03  -3.3880e-03  -6.5370e-03  -1.3860e-02  -2.7540e-02  -7.4230e-02  -1.4190e-01  -2.3800e-01  -6.4070e-01  -1.6490e+00  -3.5280e+00  -7.3330e+00  -9.1170e+00  -1.2020e+01  -1.6320e+01  -1.7780e+01  -2.1160e+01  -2.3050e+01   0.0000e+00   0.0000e+00 
         0.3046 -4.4220e-08  -4.4220e-08  -6.8770e-07  -3.7120e-06  -3.9070e-05  -1.5840e-04  -4.4480e-04  -8.0810e-04  -1.3960e-03  -2.2310e-03  -4.0590e-03  -7.8290e-03  -1.6590e-02  -3.2940e-02  -8.8630e-02  -1.6910e-01  -2.8310e-01  -7.5770e-01  -1.9300e+00  -4.0690e+00  -8.2420e+00  -1.0130e+01  -1.3110e+01  -1.7380e+01  -1.8820e+01  -2.2190e+01  -2.4120e+01   0.0000e+00   0.0000e+00 
         0.3552 -5.1580e-08  -5.1580e-08  -8.0210e-07  -4.3290e-06  -4.5560e-05  -1.8470e-04  -5.1840e-04  -9.4170e-04  -1.6260e-03  -2.5990e-03  -4.7280e-03  -9.1140e-03  -1.9300e-02  -3.8280e-02  -1.0280e-01  -1.9580e-01  -3.2700e-01  -8.6900e-01  -2.1870e+00  -4.5330e+00  -8.9140e+00  -1.0810e+01  -1.3700e+01  -1.7650e+01  -1.8930e+01  -2.1850e+01  -2.3440e+01   0.0000e+00   0.0000e+00 
         0.4059 -5.8940e-08  -5.8940e-08  -9.1640e-07  -4.9450e-06  -5.2030e-05  -2.1090e-04  -5.9190e-04  -1.0750e-03  -1.8560e-03  -2.9660e-03  -5.3930e-03  -1.0390e-02  -2.1990e-02  -4.3570e-02  -1.1670e-01  -2.2170e-01  -3.6930e-01  -9.7390e-01  -2.4180e+00  -4.9140e+00  -9.3510e+00  -1.1180e+01  -1.3850e+01  -1.7260e+01  -1.8310e+01  -2.0520e+01  -2.1610e+01   0.0000e+00   0.0000e+00 
         0.4566 -6.6290e-08  -6.6290e-08  -1.0310e-06  -5.5610e-06  -5.8510e-05  -2.3710e-04  -6.6520e-04  -1.2080e-03  -2.0850e-03  -3.3310e-03  -6.0540e-03  -1.1660e-02  -2.4650e-02  -4.8780e-02  -1.3030e-01  -2.4690e-01  -4.1010e-01  -1.0720e+00  -2.6200e+00  -5.2110e+00  -9.5680e+00  -1.1260e+01  -1.3630e+01  -1.6420e+01  -1.7200e+01  -1.8710e+01  -1.9340e+01   0.0000e+00   0.0000e+00 
         0.5073 -7.3640e-08  -7.3640e-08  -1.1450e-06  -6.1770e-06  -6.4970e-05  -2.6320e-04  -7.3820e-04  -1.3400e-03  -2.3130e-03  -3.6940e-03  -6.7110e-03  -1.2910e-02  -2.7280e-02  -5.3910e-02  -1.4360e-01  -2.7130e-01  -4.4900e-01  -1.1620e+00  -2.7920e+00  -5.4240e+00  -9.5890e+00  -1.1110e+01  -1.3140e+01  -1.5310e+01  -1.5860e+01  -1.6810e+01  -1.7150e+01   0.0000e+00   0.0000e+00 
          0.558 -8.1000e-08  -8.1000e-08  -1.2590e-06  -6.7930e-06  -7.1420e-05  -2.8930e-04  -8.1100e-04  -1.4720e-03  -2.5390e-03  -4.0550e-03  -7.3630e-03  -1.4160e-02  -2.9870e-02  -5.8960e-02  -1.5650e-01  -2.9470e-01  -4.8610e-01  -1.2440e+00  -2.9340e+00  -5.5550e+00  -9.4410e+00  -1.0770e+01  -1.2450e+01  -1.4090e+01  -1.4470e+01  -1.5070e+01  -1.5260e+01   0.0000e+00   0.0000e+00 
         0.6086 -8.8350e-08  -8.8350e-08  -1.3730e-06  -7.4080e-06  -7.7860e-05  -3.1530e-04  -8.8360e-04  -1.6030e-03  -2.7650e-03  -4.4130e-03  -8.0100e-03  -1.5390e-02  -3.2430e-02  -6.3910e-02  -1.6910e-01  -3.1720e-01  -5.2100e-01  -1.3170e+00  -3.0450e+00  -5.6110e+00  -9.1570e+00  -1.0290e+01  -1.1650e+01  -1.2870e+01  -1.3140e+01  -1.3550e+01  -1.3690e+01   0.0000e+00   0.0000e+00 
         0.6593 -9.5700e-08  -9.5700e-08  -1.4870e-06  -8.0220e-06  -8.4290e-05  -3.4120e-04  -9.5590e-04  -1.7340e-03  -2.9890e-03  -4.7700e-03  -8.6520e-03  -1.6610e-02  -3.4960e-02  -6.8760e-02  -1.8120e-01  -3.3860e-01  -5.5370e-01  -1.3820e+00  -3.1260e+00  -5.5980e+00  -8.7680e+00  -9.7120e+00  -1.0780e+01  -1.1700e+01  -1.1900e+01  -1.2230e+01  -1.2360e+01   0.0000e+00   0.0000e+00 
           0.71 -1.0300e-07  -1.0300e-07  -1.6010e-06  -8.6360e-06  -9.0710e-05  -3.6700e-04  -1.0280e-03  -1.8640e-03  -3.2120e-03  -5.1230e-03  -9.2870e-03  -1.7820e-02  -3.7440e-02  -7.3500e-02  -1.9290e-01  -3.5890e-01  -5.8420e-01  -1.4380e+00  -3.1790e+00  -5.5230e+00  -8.3040e+00  -9.0730e+00  -9.9100e+00  -1.0610e+01  -1.0760e+01  -1.1050e+01  -1.1180e+01   0.0000e+00   0.0000e+00 
         0.7607 -1.1040e-07  -1.1040e-07  -1.7150e-06  -9.2490e-06  -9.7110e-05  -3.9280e-04  -1.0990e-03  -1.9930e-03  -3.4330e-03  -5.4740e-03  -9.9160e-03  -1.9000e-02  -3.9870e-02  -7.8130e-02  -2.0410e-01  -3.7800e-01  -6.1230e-01  -1.4850e+00  -3.2030e+00  -5.3960e+00  -7.7900e+00  -8.4050e+00  -9.0510e+00  -9.5860e+00  -9.7130e+00  -9.9550e+00  -1.0070e+01   0.0000e+00   0.0000e+00 
         0.8113 -1.1770e-07  -1.1770e-07  -1.8290e-06  -9.8610e-06  -1.0350e-04  -4.1840e-04  -1.1710e-03  -2.1210e-03  -3.6530e-03  -5.8210e-03  -1.0540e-02  -2.0180e-02  -4.2260e-02  -8.2630e-02  -2.1480e-01  -3.9600e-01  -6.3800e-01  -1.5240e+00  -3.2030e+00  -5.2250e+00  -7.2500e+00  -7.7330e+00  -8.2250e+00  -8.6360e+00  -8.7370e+00  -8.9330e+00  -9.0260e+00   0.0000e+00   0.0000e+00 
          0.862 -1.2510e-07  -1.2510e-07  -1.9430e-06  -1.0470e-05  -1.0990e-04  -4.4400e-04  -1.2420e-03  -2.2490e-03  -3.8710e-03  -6.1660e-03  -1.1150e-02  -2.1330e-02  -4.4600e-02  -8.7000e-02  -2.2510e-01  -4.1270e-01  -6.6120e-01  -1.5530e+00  -3.1790e+00  -5.0190e+00  -6.7020e+00  -7.0740e+00  -7.4430e+00  -7.7520e+00  -7.8280e+00  -7.9750e+00  -8.0410e+00   0.0000e+00   0.0000e+00 
         0.9127 -1.3240e-07  -1.3240e-07  -2.0570e-06  -1.1080e-05  -1.1620e-04  -4.6940e-04  -1.3120e-03  -2.3760e-03  -4.0870e-03  -6.5070e-03  -1.1760e-02  -2.2470e-02  -4.6890e-02  -9.1240e-02  -2.3470e-01  -4.2810e-01  -6.8180e-01  -1.5740e+00  -3.1330e+00  -4.7860e+00  -6.1610e+00  -6.4410e+00  -6.7110e+00  -6.9330e+00  -6.9870e+00  -7.0850e+00  -7.1270e+00   0.0000e+00   0.0000e+00 
         0.9634 -1.3980e-07  -1.3980e-07  -2.1700e-06  -1.1690e-05  -1.2260e-04  -4.9480e-04  -1.3820e-03  -2.5010e-03  -4.3010e-03  -6.8440e-03  -1.2360e-02  -2.3580e-02  -4.9120e-02  -9.5340e-02  -2.4390e-01  -4.4230e-01  -6.9990e-01  -1.5870e+00  -3.0690e+00  -4.5360e+00  -5.6370e+00  -5.8430e+00  -6.0340e+00  -6.1830e+00  -6.2160e+00  -6.2730e+00  -6.2940e+00   0.0000e+00   0.0000e+00 
          1.014 -1.4710e-07  -1.4710e-07  -2.2840e-06  -1.2300e-05  -1.2890e-04  -5.2000e-04  -1.4520e-03  -2.6260e-03  -4.5130e-03  -7.1780e-03  -1.2950e-02  -2.4680e-02  -5.1290e-02  -9.9300e-02  -2.5250e-01  -4.5510e-01  -7.1550e-01  -1.5920e+00  -2.9890e+00  -4.2740e+00  -5.1390e+00  -5.2850e+00  -5.4130e+00  -5.5020e+00  -5.5190e+00  -5.5430e+00  -5.5500e+00   0.0000e+00   0.0000e+00 
          1.065 -1.5440e-07  -1.5440e-07  -2.3970e-06  -1.2910e-05  -1.3520e-04  -5.4510e-04  -1.5210e-03  -2.7500e-03  -4.7230e-03  -7.5070e-03  -1.3530e-02  -2.5750e-02  -5.3410e-02  -1.0310e-01  -2.6050e-01  -4.6660e-01  -7.2860e-01  -1.5890e+00  -2.8960e+00  -4.0070e+00  -4.6720e+00  -4.7710e+00  -4.8490e+00  -4.8920e+00  -4.8970e+00  -4.8980e+00  -4.8950e+00   0.0000e+00   0.0000e+00 
          1.115 -1.6180e-07  -1.6180e-07  -2.5110e-06  -1.3520e-05  -1.4150e-04  -5.7010e-04  -1.5890e-03  -2.8720e-03  -4.9310e-03  -7.8330e-03  -1.4110e-02  -2.6800e-02  -5.5460e-02  -1.0670e-01  -2.6800e-01  -4.7680e-01  -7.3920e-01  -1.5800e+00  -2.7920e+00  -3.7400e+00  -4.2390e+00  -4.3010e+00  -4.3420e+00  -4.3510e+00  -4.3480e+00  -4.3350e+00  -4.3260e+00   0.0000e+00   0.0000e+00 
          1.166 -1.6910e-07  -1.6910e-07  -2.6240e-06  -1.4130e-05  -1.4770e-04  -5.9490e-04  -1.6580e-03  -2.9940e-03  -5.1360e-03  -8.1540e-03  -1.4670e-02  -2.7830e-02  -5.7460e-02  -1.1020e-01  -2.7480e-01  -4.8570e-01  -7.4740e-01  -1.5640e+00  -2.6790e+00  -3.4780e+00  -3.8410e+00  -3.8760e+00  -3.8900e+00  -3.8760e+00  -3.8680e+00  -3.8480e+00  -3.8370e+00   0.0000e+00   0.0000e+00 
          1.217 -1.7640e-07  -1.7640e-07  -2.7370e-06  -1.4730e-05  -1.5400e-04  -6.1960e-04  -1.7250e-03  -3.1140e-03  -5.3400e-03  -8.4700e-03  -1.5220e-02  -2.8830e-02  -5.9380e-02  -1.1360e-01  -2.8110e-01  -4.9320e-01  -7.5320e-01  -1.5420e+00  -2.5600e+00  -3.2250e+00  -3.4790e+00  -3.4930e+00  -3.4890e+00  -3.4630e+00  -3.4530e+00  -3.4300e+00  -3.4190e+00   0.0000e+00   0.0000e+00 
          1.267 -1.8370e-07  -1.8370e-07  -2.8500e-06  -1.5340e-05  -1.6020e-04  -6.4420e-04  -1.7920e-03  -3.2330e-03  -5.5400e-03  -8.7820e-03  -1.5770e-02  -2.9820e-02  -6.1240e-02  -1.1670e-01  -2.8680e-01  -4.9950e-01  -7.5670e-01  -1.5150e+00  -2.4370e+00  -2.9810e+00  -3.1500e+00  -3.1520e+00  -3.1360e+00  -3.1040e+00  -3.0940e+00  -3.0720e+00  -3.0620e+00   0.0000e+00   0.0000e+00 
          1.318 -1.9110e-07  -1.9110e-07  -2.9630e-06  -1.5940e-05  -1.6640e-04  -6.6860e-04  -1.8590e-03  -3.3510e-03  -5.7380e-03  -9.0900e-03  -1.6300e-02  -3.0770e-02  -6.3030e-02  -1.1970e-01  -2.9190e-01  -5.0450e-01  -7.5800e-01  -1.4840e+00  -2.3110e+00  -2.7510e+00  -2.8550e+00  -2.8470e+00  -2.8260e+00  -2.7930e+00  -2.7840e+00  -2.7650e+00  -2.7560e+00   0.0000e+00   0.0000e+00 
          1.369 -1.9840e-07  -1.9840e-07  -3.0760e-06  -1.6540e-05  -1.7250e-04  -6.9280e-04  -1.9240e-03  -3.4680e-03  -5.9330e-03  -9.3920e-03  -1.6820e-02  -3.1700e-02  -6.4750e-02  -1.2260e-01  -2.9640e-01  -5.0820e-01  -7.5720e-01  -1.4480e+00  -2.1850e+00  -2.5340e+00  -2.5900e+00  -2.5770e+00  -2.5530e+00  -2.5240e+00  -2.5160e+00  -2.5000e+00  -2.4940e+00   0.0000e+00   0.0000e+00 
          1.419 -2.0570e-07  -2.0570e-07  -3.1890e-06  -1.7140e-05  -1.7870e-04  -7.1690e-04  -1.9900e-03  -3.5830e-03  -6.1260e-03  -9.6890e-03  -1.7330e-02  -3.2600e-02  -6.6400e-02  -1.2520e-01  -3.0030e-01  -5.1070e-01  -7.5430e-01  -1.4080e+00  -2.0600e+00  -2.3310e+00  -2.3520e+00  -2.3370e+00  -2.3150e+00  -2.2890e+00  -2.2830e+00  -2.2710e+00  -2.2660e+00   0.0000e+00   0.0000e+00 
           1.47 -2.1300e-07  -2.1300e-07  -3.3010e-06  -1.7740e-05  -1.8480e-04  -7.4090e-04  -2.0540e-03  -3.6970e-03  -6.3160e-03  -9.9810e-03  -1.7830e-02  -3.3480e-02  -6.7980e-02  -1.2770e-01  -3.0360e-01  -5.1200e-01  -7.4950e-01  -1.3660e+00  -1.9370e+00  -2.1430e+00  -2.1400e+00  -2.1250e+00  -2.1040e+00  -2.0840e+00  -2.0790e+00  -2.0700e+00  -2.0670e+00   0.0000e+00   0.0000e+00 
          1.521 -2.2030e-07  -2.2030e-07  -3.4140e-06  -1.8340e-05  -1.9080e-04  -7.6460e-04  -2.1180e-03  -3.8090e-03  -6.5020e-03  -1.0270e-02  -1.8320e-02  -3.4320e-02  -6.9490e-02  -1.3000e-01  -3.0640e-01  -5.1220e-01  -7.4290e-01  -1.3210e+00  -1.8170e+00  -1.9690e+00  -1.9510e+00  -1.9360e+00  -1.9180e+00  -1.9020e+00  -1.8990e+00  -1.8930e+00  -1.8910e+00   0.0000e+00   0.0000e+00 
          1.571 -2.2760e-07  -2.2760e-07  -3.5260e-06  -1.8940e-05  -1.9690e-04  -7.8820e-04  -2.1810e-03  -3.9200e-03  -6.6860e-03  -1.0550e-02  -1.8790e-02  -3.5140e-02  -7.0920e-02  -1.3210e-01  -3.0850e-01  -5.1130e-01  -7.3460e-01  -1.2740e+00  -1.7020e+00  -1.8090e+00  -1.7810e+00  -1.7680e+00  -1.7530e+00  -1.7410e+00  -1.7380e+00  -1.7340e+00  -1.7330e+00   0.0000e+00   0.0000e+00 
          1.622 -2.3490e-07  -2.3490e-07  -3.6380e-06  -1.9540e-05  -2.0290e-04  -8.1160e-04  -2.2440e-03  -4.0290e-03  -6.8670e-03  -1.0820e-02  -1.9250e-02  -3.5930e-02  -7.2270e-02  -1.3410e-01  -3.1020e-01  -5.0930e-01  -7.2470e-01  -1.2260e+00  -1.5900e+00  -1.6620e+00  -1.6290e+00  -1.6170e+00  -1.6050e+00  -1.5960e+00  -1.5940e+00  -1.5910e+00  -1.5910e+00   0.0000e+00   0.0000e+00 
          1.673 -2.4220e-07  -2.4220e-07  -3.7500e-06  -2.0130e-05  -2.0890e-04  -8.3480e-04  -2.3060e-03  -4.1370e-03  -7.0450e-03  -1.1090e-02  -1.9710e-02  -3.6700e-02  -7.3550e-02  -1.3580e-01  -3.1120e-01  -5.0630e-01  -7.1350e-01  -1.1770e+00  -1.4840e+00  -1.5270e+00  -1.4920e+00  -1.4820e+00  -1.4720e+00  -1.4650e+00  -1.4640e+00  -1.4620e+00  -1.4610e+00   0.0000e+00   0.0000e+00 
          1.724 -2.4950e-07  -2.4950e-07  -3.8620e-06  -2.0720e-05  -2.1490e-04  -8.5780e-04  -2.3670e-03  -4.2440e-03  -7.2190e-03  -1.1360e-02  -2.0140e-02  -3.7430e-02  -7.4750e-02  -1.3740e-01  -3.1180e-01  -5.0230e-01  -7.0090e-01  -1.1270e+00  -1.3830e+00  -1.4040e+00  -1.3680e+00  -1.3590e+00  -1.3510e+00  -1.3460e+00  -1.3450e+00  -1.3430e+00  -1.3430e+00   0.0000e+00   0.0000e+00 
          1.774 -2.5680e-07  -2.5680e-07  -3.9730e-06  -2.1310e-05  -2.2080e-04  -8.8060e-04  -2.4270e-03  -4.3480e-03  -7.3900e-03  -1.1620e-02  -2.0570e-02  -3.8130e-02  -7.5880e-02  -1.3880e-01  -3.1180e-01  -4.9750e-01  -6.8710e-01  -1.0770e+00  -1.2870e+00  -1.2910e+00  -1.2560e+00  -1.2490e+00  -1.2420e+00  -1.2370e+00  -1.2360e+00  -1.2340e+00  -1.2340e+00   0.0000e+00   0.0000e+00 
          1.825 -2.6410e-07  -2.6410e-07  -4.0850e-06  -2.1900e-05  -2.2670e-04  -9.0320e-04  -2.4870e-03  -4.4510e-03  -7.5580e-03  -1.1870e-02  -2.0980e-02  -3.8800e-02  -7.6930e-02  -1.4010e-01  -3.1140e-01  -4.9180e-01  -6.7230e-01  -1.0270e+00  -1.1970e+00  -1.1890e+00  -1.1550e+00  -1.1480e+00  -1.1420e+00  -1.1370e+00  -1.1360e+00  -1.1350e+00  -1.1340e+00   0.0000e+00   0.0000e+00 
          1.876 -2.7140e-07  -2.7140e-07  -4.1960e-06  -2.2490e-05  -2.3260e-04  -9.2560e-04  -2.5460e-03  -4.5530e-03  -7.7230e-03  -1.2110e-02  -2.1380e-02  -3.9440e-02  -7.7900e-02  -1.4120e-01  -3.1040e-01  -4.8530e-01  -6.5650e-01  -9.7780e-01  -1.1120e+00  -1.0950e+00  -1.0630e+00  -1.0560e+00  -1.0500e+00  -1.0460e+00  -1.0450e+00  -1.0430e+00  -1.0420e+00   0.0000e+00   0.0000e+00 
          1.926 -2.7870e-07  -2.7870e-07  -4.3070e-06  -2.3080e-05  -2.3840e-04  -9.4780e-04  -2.6040e-03  -4.6520e-03  -7.8840e-03  -1.2350e-02  -2.1760e-02  -4.0050e-02  -7.8800e-02  -1.4210e-01  -3.0900e-01  -4.7810e-01  -6.4000e-01  -9.2920e-01  -1.0330e+00  -1.0090e+00  -9.7840e-01  -9.7250e-01  -9.6660e-01  -9.6180e-01  -9.6060e-01  -9.5840e-01  -9.5750e-01   0.0000e+00   0.0000e+00 
          1.977 -2.8590e-07  -2.8590e-07  -4.4180e-06  -2.3670e-05  -2.4420e-04  -9.6980e-04  -2.6610e-03  -4.7500e-03  -8.0410e-03  -1.2590e-02  -2.2130e-02  -4.0630e-02  -7.9610e-02  -1.4280e-01  -3.0710e-01  -4.7020e-01  -6.2270e-01  -8.8160e-01  -9.5950e-01  -9.3070e-01  -9.0160e-01  -8.9580e-01  -8.8990e-01  -8.8470e-01  -8.8340e-01  -8.8100e-01  -8.7990e-01   0.0000e+00   0.0000e+00 
          2.028 -2.9320e-07  -2.9320e-07  -4.5290e-06  -2.4250e-05  -2.4990e-04  -9.9160e-04  -2.7170e-03  -4.8460e-03  -8.1950e-03  -1.2810e-02  -2.2490e-02  -4.1180e-02  -8.0350e-02  -1.4340e-01  -3.0490e-01  -4.6180e-01  -6.0490e-01  -8.3520e-01  -8.9080e-01  -8.5910e-01  -8.3130e-01  -8.2560e-01  -8.1960e-01  -8.1410e-01  -8.1270e-01  -8.1010e-01  -8.0890e-01   0.0000e+00   0.0000e+00 
          2.078 -3.0050e-07  -3.0050e-07  -4.6400e-06  -2.4830e-05  -2.5570e-04  -1.0130e-03  -2.7730e-03  -4.9400e-03  -8.3450e-03  -1.3030e-02  -2.2840e-02  -4.1700e-02  -8.1020e-02  -1.4380e-01  -3.0220e-01  -4.5270e-01  -5.8660e-01  -7.9020e-01  -8.2690e-01  -7.9360e-01  -7.6690e-01  -7.6130e-01  -7.5520e-01  -7.4950e-01  -7.4800e-01  -7.4530e-01  -7.4400e-01   0.0000e+00   0.0000e+00 
          2.129 -3.0770e-07  -3.0770e-07  -4.7500e-06  -2.5410e-05  -2.6130e-04  -1.0340e-03  -2.8280e-03  -5.0330e-03  -8.4920e-03  -1.3240e-02  -2.3160e-02  -4.2180e-02  -8.1610e-02  -1.4400e-01  -2.9910e-01  -4.4320e-01  -5.6800e-01  -7.4660e-01  -7.6770e-01  -7.3370e-01  -7.0800e-01  -7.0250e-01  -6.9630e-01  -6.9040e-01  -6.8890e-01  -6.8610e-01  -6.8480e-01   0.0000e+00   0.0000e+00 
           2.18 -3.1500e-07  -3.1500e-07  -4.8600e-06  -2.5990e-05  -2.6700e-04  -1.0550e-03  -2.8810e-03  -5.1230e-03  -8.6340e-03  -1.3450e-02  -2.3480e-02  -4.2640e-02  -8.2120e-02  -1.4410e-01  -2.9570e-01  -4.3320e-01  -5.4910e-01  -7.0460e-01  -7.1280e-01  -6.7880e-01  -6.5410e-01  -6.4860e-01  -6.4250e-01  -6.3660e-01  -6.3510e-01  -6.3230e-01  -6.3100e-01   0.0000e+00   0.0000e+00 
           2.23 -3.2220e-07  -3.2220e-07  -4.9710e-06  -2.6570e-05  -2.7260e-04  -1.0760e-03  -2.9340e-03  -5.2120e-03  -8.7730e-03  -1.3650e-02  -2.3780e-02  -4.3060e-02  -8.2560e-02  -1.4400e-01  -2.9190e-01  -4.2290e-01  -5.3010e-01  -6.6430e-01  -6.6200e-01  -6.2850e-01  -6.0480e-01  -5.9940e-01  -5.9340e-01  -5.8760e-01  -5.8610e-01  -5.8330e-01  -5.8210e-01   0.0000e+00   0.0000e+00 
          2.281 -3.2950e-07  -3.2950e-07  -5.0800e-06  -2.7140e-05  -2.7820e-04  -1.0970e-03  -2.9860e-03  -5.2990e-03  -8.9090e-03  -1.3840e-02  -2.4070e-02  -4.3450e-02  -8.2920e-02  -1.4380e-01  -2.8790e-01  -4.1220e-01  -5.1100e-01  -6.2570e-01  -6.1500e-01  -5.8240e-01  -5.5970e-01  -5.5450e-01  -5.4860e-01  -5.4300e-01  -5.4160e-01  -5.3890e-01  -5.3770e-01   0.0000e+00   0.0000e+00 
          2.332 -3.3670e-07  -3.3670e-07  -5.1900e-06  -2.7710e-05  -2.8370e-04  -1.1170e-03  -3.0370e-03  -5.3840e-03  -9.0400e-03  -1.4030e-02  -2.4340e-02  -4.3810e-02  -8.3210e-02  -1.4350e-01  -2.8350e-01  -4.0120e-01  -4.9190e-01  -5.8880e-01  -5.7160e-01  -5.4010e-01  -5.1850e-01  -5.1350e-01  -5.0780e-01  -5.0250e-01  -5.0110e-01  -4.9860e-01  -4.9750e-01   0.0000e+00   0.0000e+00 
          2.382 -3.4400e-07  -3.4400e-07  -5.2990e-06  -2.8280e-05  -2.8920e-04  -1.1370e-03  -3.0870e-03  -5.4660e-03  -9.1670e-03  -1.4210e-02  -2.4600e-02  -4.4140e-02  -8.3430e-02  -1.4300e-01  -2.7880e-01  -3.9010e-01  -4.7290e-01  -5.5370e-01  -5.3150e-01  -5.0130e-01  -4.8080e-01  -4.7610e-01  -4.7070e-01  -4.6570e-01  -4.6440e-01  -4.6210e-01  -4.6100e-01   0.0000e+00   0.0000e+00 
          2.433 -3.5120e-07  -3.5120e-07  -5.4090e-06  -2.8850e-05  -2.9460e-04  -1.1570e-03  -3.1370e-03  -5.5470e-03  -9.2910e-03  -1.4380e-02  -2.4840e-02  -4.4440e-02  -8.3580e-02  -1.4230e-01  -2.7400e-01  -3.7870e-01  -4.5400e-01  -5.2040e-01  -4.9440e-01  -4.6570e-01  -4.4640e-01  -4.4190e-01  -4.3690e-01  -4.3230e-01  -4.3110e-01  -4.2890e-01  -4.2800e-01   0.0000e+00   0.0000e+00 
          2.484 -3.5840e-07  -3.5840e-07  -5.5180e-06  -2.9420e-05  -3.0000e-04  -1.1770e-03  -3.1850e-03  -5.6260e-03  -9.4100e-03  -1.4540e-02  -2.5070e-02  -4.4700e-02  -8.3660e-02  -1.4150e-01  -2.6880e-01  -3.6720e-01  -4.3540e-01  -4.8880e-01  -4.6020e-01  -4.3310e-01  -4.1490e-01  -4.1080e-01  -4.0620e-01  -4.0190e-01  -4.0090e-01  -3.9890e-01  -3.9800e-01   0.0000e+00   0.0000e+00 
          2.534 -3.6560e-07  -3.6560e-07  -5.6260e-06  -2.9980e-05  -3.0530e-04  -1.1960e-03  -3.2320e-03  -5.7030e-03  -9.5260e-03  -1.4700e-02  -2.5290e-02  -4.4940e-02  -8.3670e-02  -1.4060e-01  -2.6350e-01  -3.5570e-01  -4.1700e-01  -4.5890e-01  -4.2860e-01  -4.0300e-01  -3.8620e-01  -3.8230e-01  -3.7810e-01  -3.7430e-01  -3.7330e-01  -3.7160e-01  -3.7080e-01   0.0000e+00   0.0000e+00 
          2.585 -3.7280e-07  -3.7280e-07  -5.7350e-06  -3.0540e-05  -3.1060e-04  -1.2150e-03  -3.2790e-03  -5.7770e-03  -9.6370e-03  -1.4850e-02  -2.5490e-02  -4.5140e-02  -8.3610e-02  -1.3960e-01  -2.5800e-01  -3.4410e-01  -3.9900e-01  -4.3060e-01  -3.9940e-01  -3.7540e-01  -3.5980e-01  -3.5640e-01  -3.5260e-01  -3.4910e-01  -3.4830e-01  -3.4670e-01  -3.4610e-01   0.0000e+00   0.0000e+00 
          2.636 -3.8010e-07  -3.8010e-07  -5.8430e-06  -3.1100e-05  -3.1590e-04  -1.2340e-03  -3.3240e-03  -5.8500e-03  -9.7450e-03  -1.5000e-02  -2.5670e-02  -4.5320e-02  -8.3490e-02  -1.3850e-01  -2.5240e-01  -3.3240e-01  -3.8130e-01  -4.0390e-01  -3.7240e-01  -3.5000e-01  -3.3570e-01  -3.3260e-01  -3.2920e-01  -3.2620e-01  -3.2540e-01  -3.2410e-01  -3.2350e-01   0.0000e+00   0.0000e+00 
          2.686 -3.8730e-07  -3.8730e-07  -5.9510e-06  -3.1660e-05  -3.2110e-04  -1.2520e-03  -3.3680e-03  -5.9210e-03  -9.8480e-03  -1.5130e-02  -2.5840e-02  -4.5460e-02  -8.3300e-02  -1.3720e-01  -2.4660e-01  -3.2090e-01  -3.6400e-01  -3.7880e-01  -3.4740e-01  -3.2660e-01  -3.1360e-01  -3.1080e-01  -3.0780e-01  -3.0510e-01  -3.0450e-01  -3.0330e-01  -3.0280e-01   0.0000e+00   0.0000e+00 
          2.737 -3.9450e-07  -3.9450e-07  -6.0590e-06  -3.2220e-05  -3.2630e-04  -1.2710e-03  -3.4110e-03  -5.9890e-03  -9.9480e-03  -1.5260e-02  -2.6000e-02  -4.5580e-02  -8.3050e-02  -1.3590e-01  -2.4070e-01  -3.0930e-01  -3.4720e-01  -3.5520e-01  -3.2430e-01  -3.0510e-01  -2.9330e-01  -2.9080e-01  -2.8810e-01  -2.8580e-01  -2.8530e-01  -2.8430e-01  -2.8380e-01   0.0000e+00   0.0000e+00 
          2.788 -4.0160e-07  -4.0160e-07  -6.1660e-06  -3.2770e-05  -3.3140e-04  -1.2880e-03  -3.4540e-03  -6.0550e-03  -1.0040e-02  -1.5380e-02  -2.6140e-02  -4.5660e-02  -8.2740e-02  -1.3440e-01  -2.3470e-01  -2.9790e-01  -3.3080e-01  -3.3300e-01  -3.0290e-01  -2.8520e-01  -2.7460e-01  -2.7240e-01  -2.7010e-01  -2.6810e-01  -2.6760e-01  -2.6670e-01  -2.6640e-01   0.0000e+00   0.0000e+00 
          2.838 -4.0880e-07  -4.0880e-07  -6.2740e-06  -3.3320e-05  -3.3650e-04  -1.3060e-03  -3.4950e-03  -6.1200e-03  -1.0130e-02  -1.5500e-02  -2.6270e-02  -4.5720e-02  -8.2370e-02  -1.3280e-01  -2.2860e-01  -2.8660e-01  -3.1490e-01  -3.1220e-01  -2.8310e-01  -2.6680e-01  -2.5730e-01  -2.5540e-01  -2.5340e-01  -2.5170e-01  -2.5130e-01  -2.5050e-01  -2.5020e-01   0.0000e+00   0.0000e+00 
          2.889 -4.1600e-07  -4.1600e-07  -6.3810e-06  -3.3870e-05  -3.4150e-04  -1.3230e-03  -3.5350e-03  -6.1820e-03  -1.0220e-02  -1.5610e-02  -2.6380e-02  -4.5750e-02  -8.1940e-02  -1.3120e-01  -2.2240e-01  -2.7550e-01  -2.9950e-01  -2.9260e-01  -2.6470e-01  -2.4980e-01  -2.4130e-01  -2.3960e-01  -2.3790e-01  -2.3640e-01  -2.3610e-01  -2.3550e-01  -2.3520e-01   0.0000e+00   0.0000e+00 
           2.94 -4.2320e-07  -4.2320e-07  -6.4880e-06  -3.4420e-05  -3.4640e-04  -1.3410e-03  -3.5740e-03  -6.2410e-03  -1.0300e-02  -1.5710e-02  -2.6480e-02  -4.5750e-02  -8.1450e-02  -1.2950e-01  -2.1620e-01  -2.6450e-01  -2.8460e-01  -2.7430e-01  -2.4770e-01  -2.3400e-01  -2.2650e-01  -2.2500e-01  -2.2350e-01  -2.2230e-01  -2.2200e-01  -2.2150e-01  -2.2130e-01   0.0000e+00   0.0000e+00 
           2.99 -4.3030e-07  -4.3030e-07  -6.5940e-06  -3.4960e-05  -3.5140e-04  -1.3570e-03  -3.6130e-03  -6.2990e-03  -1.0380e-02  -1.5800e-02  -2.6570e-02  -4.5720e-02  -8.0920e-02  -1.2760e-01  -2.1000e-01  -2.5370e-01  -2.7030e-01  -2.5710e-01  -2.3190e-01  -2.1940e-01  -2.1270e-01  -2.1140e-01  -2.1020e-01  -2.0910e-01  -2.0890e-01  -2.0840e-01  -2.0820e-01   0.0000e+00   0.0000e+00 
          3.041 -4.3750e-07  -4.3750e-07  -6.7000e-06  -3.5500e-05  -3.5620e-04  -1.3740e-03  -3.6500e-03  -6.3550e-03  -1.0460e-02  -1.5890e-02  -2.6640e-02  -4.5660e-02  -8.0320e-02  -1.2570e-01  -2.0380e-01  -2.4320e-01  -2.5650e-01  -2.4100e-01  -2.1710e-01  -2.0580e-01  -1.9990e-01  -1.9880e-01  -1.9770e-01  -1.9670e-01  -1.9650e-01  -1.9620e-01  -1.9600e-01   0.0000e+00   0.0000e+00 
          3.092 -4.4460e-07  -4.4460e-07  -6.8060e-06  -3.6040e-05  -3.6100e-04  -1.3900e-03  -3.6860e-03  -6.4080e-03  -1.0530e-02  -1.5970e-02  -2.6700e-02  -4.5580e-02  -7.9680e-02  -1.2380e-01  -1.9750e-01  -2.3280e-01  -2.4320e-01  -2.2590e-01  -2.0340e-01  -1.9310e-01  -1.8780e-01  -1.8690e-01  -1.8590e-01  -1.8510e-01  -1.8500e-01  -1.8460e-01  -1.8450e-01   0.0000e+00   0.0000e+00 
          3.142 -4.5180e-07  -4.5180e-07  -6.9120e-06  -3.6580e-05  -3.6580e-04  -1.4060e-03  -3.7210e-03  -6.4590e-03  -1.0590e-02  -1.6040e-02  -2.6750e-02  -4.5470e-02  -7.9000e-02  -1.2180e-01  -1.9130e-01  -2.2270e-01  -2.3040e-01  -2.1180e-01  -1.9070e-01  -1.8130e-01  -1.7660e-01  -1.7570e-01  -1.7490e-01  -1.7420e-01  -1.7410e-01  -1.7380e-01  -1.7370e-01   0.0000e+00   0.0000e+00 
          3.193 -4.5890e-07  -4.5890e-07  -7.0170e-06  -3.7110e-05  -3.7050e-04  -1.4210e-03  -3.7550e-03  -6.5080e-03  -1.0660e-02  -1.6100e-02  -2.6780e-02  -4.5340e-02  -7.8260e-02  -1.1970e-01  -1.8510e-01  -2.1290e-01  -2.1820e-01  -1.9860e-01  -1.7880e-01  -1.7020e-01  -1.6600e-01  -1.6530e-01  -1.6450e-01  -1.6390e-01  -1.6380e-01  -1.6350e-01  -1.6340e-01   0.0000e+00   0.0000e+00 
          3.244 -4.6600e-07  -4.6600e-07  -7.1230e-06  -3.7640e-05  -3.7520e-04  -1.4370e-03  -3.7870e-03  -6.5550e-03  -1.0710e-02  -1.6160e-02  -2.6800e-02  -4.5180e-02  -7.7480e-02  -1.1750e-01  -1.7900e-01  -2.0330e-01  -2.0650e-01  -1.8620e-01  -1.6760e-01  -1.5980e-01  -1.5610e-01  -1.5540e-01  -1.5470e-01  -1.5420e-01  -1.5410e-01  -1.5380e-01  -1.5370e-01   0.0000e+00   0.0000e+00 
          3.295 -4.7320e-07  -4.7320e-07  -7.2270e-06  -3.8170e-05  -3.7980e-04  -1.4520e-03  -3.8190e-03  -6.6000e-03  -1.0770e-02  -1.6210e-02  -2.6800e-02  -4.5000e-02  -7.6660e-02  -1.1540e-01  -1.7290e-01  -1.9400e-01  -1.9530e-01  -1.7460e-01  -1.5720e-01  -1.5010e-01  -1.4670e-01  -1.4610e-01  -1.4550e-01  -1.4500e-01  -1.4490e-01  -1.4460e-01  -1.4460e-01   0.0000e+00   0.0000e+00 
          3.345 -4.8030e-07  -4.8030e-07  -7.3320e-06  -3.8700e-05  -3.8430e-04  -1.4660e-03  -3.8500e-03  -6.6420e-03  -1.0820e-02  -1.6260e-02  -2.6790e-02  -4.4790e-02  -7.5800e-02  -1.1310e-01  -1.6680e-01  -1.8500e-01  -1.8460e-01  -1.6370e-01  -1.4750e-01  -1.4090e-01  -1.3780e-01  -1.3730e-01  -1.3670e-01  -1.3620e-01  -1.3610e-01  -1.3590e-01  -1.3580e-01   0.0000e+00   0.0000e+00 
          3.396 -4.8740e-07  -4.8740e-07  -7.4360e-06  -3.9220e-05  -3.8880e-04  -1.4810e-03  -3.8790e-03  -6.6830e-03  -1.0860e-02  -1.6290e-02  -2.6770e-02  -4.4560e-02  -7.4900e-02  -1.1090e-01  -1.6090e-01  -1.7630e-01  -1.7440e-01  -1.5350e-01  -1.3830e-01  -1.3230e-01  -1.2940e-01  -1.2890e-01  -1.2840e-01  -1.2790e-01  -1.2780e-01  -1.2770e-01  -1.2760e-01   0.0000e+00   0.0000e+00 
          3.447 -4.9450e-07  -4.9450e-07  -7.5400e-06  -3.9740e-05  -3.9330e-04  -1.4950e-03  -3.9080e-03  -6.7210e-03  -1.0900e-02  -1.6320e-02  -2.6740e-02  -4.4310e-02  -7.3970e-02  -1.0860e-01  -1.5500e-01  -1.6780e-01  -1.6470e-01  -1.4400e-01  -1.2980e-01  -1.2420e-01  -1.2150e-01  -1.2100e-01  -1.2050e-01  -1.2010e-01  -1.2000e-01  -1.1980e-01  -1.1970e-01   0.0000e+00   0.0000e+00 
          3.497 -5.0160e-07  -5.0160e-07  -7.6440e-06  -4.0260e-05  -3.9770e-04  -1.5080e-03  -3.9350e-03  -6.7560e-03  -1.0940e-02  -1.6350e-02  -2.6700e-02  -4.4040e-02  -7.3000e-02  -1.0620e-01  -1.4920e-01  -1.5970e-01  -1.5550e-01  -1.3500e-01  -1.2170e-01  -1.1650e-01  -1.1400e-01  -1.1350e-01  -1.1300e-01  -1.1260e-01  -1.1250e-01  -1.1230e-01  -1.1220e-01   0.0000e+00   0.0000e+00 
          3.548 -5.0870e-07  -5.0870e-07  -7.7470e-06  -4.0780e-05  -4.0200e-04  -1.5220e-03  -3.9610e-03  -6.7900e-03  -1.0980e-02  -1.6360e-02  -2.6640e-02  -4.3740e-02  -7.2000e-02  -1.0390e-01  -1.4360e-01  -1.5180e-01  -1.4670e-01  -1.2660e-01  -1.1420e-01  -1.0930e-01  -1.0690e-01  -1.0640e-01  -1.0590e-01  -1.0550e-01  -1.0540e-01  -1.0520e-01  -1.0510e-01   0.0000e+00   0.0000e+00 
          3.599 -5.1570e-07  -5.1570e-07  -7.8500e-06  -4.1290e-05  -4.0630e-04  -1.5350e-03  -3.9870e-03  -6.8220e-03  -1.1010e-02  -1.6380e-02  -2.6570e-02  -4.3430e-02  -7.0970e-02  -1.0150e-01  -1.3800e-01  -1.4420e-01  -1.3830e-01  -1.1870e-01  -1.0700e-01  -1.0250e-01  -1.0010e-01  -9.9690e-02  -9.9210e-02  -9.8780e-02  -9.8680e-02  -9.8490e-02  -9.8410e-02   0.0000e+00   0.0000e+00 
          3.649 -5.2280e-07  -5.2280e-07  -7.9530e-06  -4.1800e-05  -4.1050e-04  -1.5480e-03  -4.0110e-03  -6.8510e-03  -1.1030e-02  -1.6380e-02  -2.6490e-02  -4.3090e-02  -6.9910e-02  -9.9110e-02  -1.3250e-01  -1.3690e-01  -1.3030e-01  -1.1130e-01  -1.0030e-01  -9.6010e-02  -9.3760e-02  -9.3300e-02  -9.2820e-02  -9.2400e-02  -9.2290e-02  -9.2100e-02  -9.2020e-02   0.0000e+00   0.0000e+00 
            3.7 -5.2990e-07  -5.2990e-07  -8.0550e-06  -4.2300e-05  -4.1460e-04  -1.5600e-03  -4.0340e-03  -6.8780e-03  -1.1050e-02  -1.6380e-02  -2.6400e-02  -4.2740e-02  -6.8830e-02  -9.6710e-02  -1.2720e-01  -1.2990e-01  -1.2280e-01  -1.0430e-01  -9.4020e-02  -8.9900e-02  -8.7700e-02  -8.7250e-02  -8.6770e-02  -8.6340e-02  -8.6230e-02  -8.6040e-02  -8.5950e-02   0.0000e+00   0.0000e+00 
          3.751 -5.3690e-07  -5.3690e-07  -8.1570e-06  -4.2810e-05  -4.1870e-04  -1.5720e-03  -4.0560e-03  -6.9030e-03  -1.1070e-02  -1.6370e-02  -2.6290e-02  -4.2360e-02  -6.7720e-02  -9.4300e-02  -1.2200e-01  -1.2320e-01  -1.1560e-01  -9.7770e-02  -8.8060e-02  -8.4120e-02  -8.1960e-02  -8.1510e-02  -8.1030e-02  -8.0590e-02  -8.0490e-02  -8.0290e-02  -8.0200e-02   0.0000e+00   0.0000e+00 
          3.801 -5.4400e-07  -5.4400e-07  -8.2590e-06  -4.3310e-05  -4.2280e-04  -1.5840e-03  -4.0760e-03  -6.9260e-03  -1.1080e-02  -1.6350e-02  -2.6180e-02  -4.1970e-02  -6.6600e-02  -9.1890e-02  -1.1690e-01  -1.1680e-01  -1.0890e-01  -9.1620e-02  -8.2440e-02  -7.8660e-02  -7.6530e-02  -7.6080e-02  -7.5590e-02  -7.5160e-02  -7.5050e-02  -7.4850e-02  -7.4760e-02   0.0000e+00   0.0000e+00 
          3.852 -5.5100e-07  -5.5100e-07  -8.3610e-06  -4.3800e-05  -4.2680e-04  -1.5950e-03  -4.0960e-03  -6.9460e-03  -1.1090e-02  -1.6330e-02  -2.6050e-02  -4.1560e-02  -6.5450e-02  -8.9470e-02  -1.1190e-01  -1.1060e-01  -1.0240e-01  -8.5840e-02  -7.7140e-02  -7.3490e-02  -7.1390e-02  -7.0940e-02  -7.0450e-02  -7.0010e-02  -6.9900e-02  -6.9700e-02  -6.9610e-02   0.0000e+00   0.0000e+00 
          3.903 -5.5800e-07  -5.5800e-07  -8.4620e-06  -4.4300e-05  -4.3070e-04  -1.6070e-03  -4.1150e-03  -6.9650e-03  -1.1100e-02  -1.6300e-02  -2.5920e-02  -4.1140e-02  -6.4280e-02  -8.7070e-02  -1.0710e-01  -1.0470e-01  -9.6350e-02  -8.0390e-02  -7.2140e-02  -6.8600e-02  -6.6530e-02  -6.6080e-02  -6.5590e-02  -6.5150e-02  -6.5040e-02  -6.4840e-02  -6.4750e-02   0.0000e+00   0.0000e+00 
          3.953 -5.6510e-07  -5.6510e-07  -8.5620e-06  -4.4790e-05  -4.3450e-04  -1.6170e-03  -4.1320e-03  -6.9810e-03  -1.1100e-02  -1.6270e-02  -2.5770e-02  -4.0700e-02  -6.3100e-02  -8.4670e-02  -1.0240e-01  -9.9000e-02  -9.0590e-02  -7.5270e-02  -6.7420e-02  -6.3990e-02  -6.1930e-02  -6.1480e-02  -6.1000e-02  -6.0560e-02  -6.0450e-02  -6.0240e-02  -6.0160e-02   0.0000e+00   0.0000e+00 
          4.004 -5.7210e-07  -5.7210e-07  -8.6630e-06  -4.5280e-05  -4.3830e-04  -1.6280e-03  -4.1490e-03  -6.9960e-03  -1.1100e-02  -1.6230e-02  -2.5620e-02  -4.0240e-02  -6.1900e-02  -8.2280e-02  -9.7850e-02  -9.3590e-02  -8.5140e-02  -7.0450e-02  -6.2960e-02  -5.9620e-02  -5.7590e-02  -5.7150e-02  -5.6670e-02  -5.6230e-02  -5.6120e-02  -5.5920e-02  -5.5830e-02   0.0000e+00   0.0000e+00 
          4.055 -5.7910e-07  -5.7910e-07  -8.7630e-06  -4.5760e-05  -4.4210e-04  -1.6380e-03  -4.1640e-03  -7.0080e-03  -1.1090e-02  -1.6190e-02  -2.5450e-02  -3.9780e-02  -6.0690e-02  -7.9900e-02  -9.3430e-02  -8.8420e-02  -7.9980e-02  -6.5910e-02  -5.8760e-02  -5.5510e-02  -5.3500e-02  -5.3060e-02  -5.2580e-02  -5.2150e-02  -5.2040e-02  -5.1840e-02  -5.1750e-02   0.0000e+00   0.0000e+00 
          4.105 -5.8610e-07  -5.8610e-07  -8.8620e-06  -4.6240e-05  -4.4570e-04  -1.6480e-03  -4.1780e-03  -7.0180e-03  -1.1090e-02  -1.6130e-02  -2.5280e-02  -3.9290e-02  -5.9470e-02  -7.7550e-02  -8.9140e-02  -8.3490e-02  -7.5100e-02  -6.1630e-02  -5.4790e-02  -5.1620e-02  -4.9650e-02  -4.9210e-02  -4.8740e-02  -4.8310e-02  -4.8200e-02  -4.8000e-02  -4.7920e-02   0.0000e+00   0.0000e+00 
          4.156 -5.9300e-07  -5.9300e-07  -8.9620e-06  -4.6720e-05  -4.4940e-04  -1.6570e-03  -4.1910e-03  -7.0260e-03  -1.1070e-02  -1.6080e-02  -2.5090e-02  -3.8800e-02  -5.8240e-02  -7.5210e-02  -8.4990e-02  -7.8790e-02  -7.0490e-02  -5.7610e-02  -5.1050e-02  -4.7960e-02  -4.6020e-02  -4.5590e-02  -4.5120e-02  -4.4700e-02  -4.4590e-02  -4.4400e-02  -4.4310e-02   0.0000e+00   0.0000e+00 
          4.207 -6.0000e-07  -6.0000e-07  -9.0610e-06  -4.7200e-05  -4.5290e-04  -1.6660e-03  -4.2030e-03  -7.0320e-03  -1.1060e-02  -1.6020e-02  -2.4900e-02  -3.8290e-02  -5.7010e-02  -7.2890e-02  -8.0970e-02  -7.4310e-02  -6.6140e-02  -5.3810e-02  -4.7520e-02  -4.4500e-02  -4.2600e-02  -4.2180e-02  -4.1720e-02  -4.1310e-02  -4.1200e-02  -4.1010e-02  -4.0930e-02   0.0000e+00   0.0000e+00 
          4.257 -6.0700e-07  -6.0700e-07  -9.1590e-06  -4.7670e-05  -4.5640e-04  -1.6750e-03  -4.2140e-03  -7.0360e-03  -1.1040e-02  -1.5950e-02  -2.4700e-02  -3.7770e-02  -5.5770e-02  -7.0600e-02  -7.7100e-02  -7.0040e-02  -6.2020e-02  -5.0240e-02  -4.4190e-02  -4.1260e-02  -3.9400e-02  -3.8980e-02  -3.8540e-02  -3.8130e-02  -3.8030e-02  -3.7840e-02  -3.7760e-02   0.0000e+00   0.0000e+00 
          4.308 -6.1390e-07  -6.1390e-07  -9.2580e-06  -4.8140e-05  -4.5980e-04  -1.6840e-03  -4.2240e-03  -7.0380e-03  -1.1010e-02  -1.5880e-02  -2.4490e-02  -3.7250e-02  -5.4520e-02  -6.8340e-02  -7.3350e-02  -6.5990e-02  -5.8130e-02  -4.6870e-02  -4.1050e-02  -3.8200e-02  -3.6380e-02  -3.5980e-02  -3.5550e-02  -3.5150e-02  -3.5050e-02  -3.4870e-02  -3.4790e-02   0.0000e+00   0.0000e+00 
          4.359 -6.2090e-07  -6.2090e-07  -9.3550e-06  -4.8610e-05  -4.6320e-04  -1.6920e-03  -4.2330e-03  -7.0380e-03  -1.0990e-02  -1.5800e-02  -2.4270e-02  -3.6710e-02  -5.3280e-02  -6.6100e-02  -6.9740e-02  -6.2120e-02  -5.4460e-02  -4.3690e-02  -3.8100e-02  -3.5330e-02  -3.3560e-02  -3.3170e-02  -3.2750e-02  -3.2360e-02  -3.2270e-02  -3.2090e-02  -3.2020e-02   0.0000e+00   0.0000e+00 
          4.409 -6.2780e-07  -6.2780e-07  -9.4530e-06  -4.9070e-05  -4.6650e-04  -1.7000e-03  -4.2410e-03  -7.0360e-03  -1.0960e-02  -1.5720e-02  -2.4050e-02  -3.6160e-02  -5.2030e-02  -6.3900e-02  -6.6260e-02  -5.8460e-02  -5.0990e-02  -4.0700e-02  -3.5320e-02  -3.2630e-02  -3.0920e-02  -3.0540e-02  -3.0130e-02  -2.9760e-02  -2.9670e-02  -2.9500e-02  -2.9420e-02   0.0000e+00   0.0000e+00 
           4.46 -6.3470e-07  -6.3470e-07  -9.5500e-06  -4.9530e-05  -4.6980e-04  -1.7070e-03  -4.2480e-03  -7.0320e-03  -1.0930e-02  -1.5630e-02  -2.3820e-02  -3.5600e-02  -5.0780e-02  -6.1730e-02  -6.2910e-02  -5.4970e-02  -4.7720e-02  -3.7880e-02  -3.2710e-02  -3.0100e-02  -2.8440e-02  -2.8080e-02  -2.7680e-02  -2.7320e-02  -2.7240e-02  -2.7070e-02  -2.7000e-02   0.0000e+00   0.0000e+00 
          4.511 -6.4170e-07  -6.4170e-07  -9.6470e-06  -4.9980e-05  -4.7290e-04  -1.7140e-03  -4.2530e-03  -7.0260e-03  -1.0890e-02  -1.5530e-02  -2.3580e-02  -3.5040e-02  -4.9540e-02  -5.9590e-02  -5.9690e-02  -5.1660e-02  -4.4630e-02  -3.5230e-02  -3.0250e-02  -2.7730e-02  -2.6130e-02  -2.5780e-02  -2.5400e-02  -2.5050e-02  -2.4970e-02  -2.4810e-02  -2.4740e-02   0.0000e+00   0.0000e+00 
          4.561 -6.4860e-07  -6.4860e-07  -9.7430e-06  -5.0430e-05  -4.7600e-04  -1.7210e-03  -4.2580e-03  -7.0180e-03  -1.0850e-02  -1.5440e-02  -2.3330e-02  -3.4470e-02  -4.8290e-02  -5.7490e-02  -5.6590e-02  -4.8520e-02  -4.1710e-02  -3.2730e-02  -2.7940e-02  -2.5510e-02  -2.3970e-02  -2.3630e-02  -2.3270e-02  -2.2940e-02  -2.2860e-02  -2.2710e-02  -2.2640e-02   0.0000e+00   0.0000e+00 
          4.612 -6.5550e-07  -6.5550e-07  -9.8390e-06  -5.0880e-05  -4.7910e-04  -1.7280e-03  -4.2620e-03  -7.0080e-03  -1.0810e-02  -1.5340e-02  -2.3080e-02  -3.3890e-02  -4.7060e-02  -5.5430e-02  -5.3620e-02  -4.5530e-02  -3.8960e-02  -3.0380e-02  -2.5770e-02  -2.3430e-02  -2.1950e-02  -2.1630e-02  -2.1280e-02  -2.0970e-02  -2.0890e-02  -2.0750e-02  -2.0680e-02   0.0000e+00   0.0000e+00 
          4.663 -6.6230e-07  -6.6230e-07  -9.9350e-06  -5.1330e-05  -4.8210e-04  -1.7340e-03  -4.2640e-03  -6.9970e-03  -1.0760e-02  -1.5230e-02  -2.2820e-02  -3.3310e-02  -4.5820e-02  -5.3400e-02  -5.0760e-02  -4.2710e-02  -3.6360e-02  -2.8160e-02  -2.3740e-02  -2.1490e-02  -2.0070e-02  -1.9760e-02  -1.9430e-02  -1.9130e-02  -1.9060e-02  -1.8920e-02  -1.8860e-02   0.0000e+00   0.0000e+00 
          4.713 -6.6920e-07  -6.6920e-07  -1.0030e-05  -5.1770e-05  -4.8500e-04  -1.7400e-03  -4.2660e-03  -6.9830e-03  -1.0710e-02  -1.5120e-02  -2.2560e-02  -3.2720e-02  -4.4600e-02  -5.1420e-02  -4.8020e-02  -4.0030e-02  -3.3910e-02  -2.6080e-02  -2.1830e-02  -1.9670e-02  -1.8320e-02  -1.8020e-02  -1.7710e-02  -1.7420e-02  -1.7350e-02  -1.7230e-02  -1.7170e-02   0.0000e+00   0.0000e+00 
          4.764 -6.7610e-07  -6.7610e-07  -1.0120e-05  -5.2210e-05  -4.8790e-04  -1.7450e-03  -4.2670e-03  -6.9680e-03  -1.0660e-02  -1.5000e-02  -2.2290e-02  -3.2130e-02  -4.3380e-02  -4.9480e-02  -4.5400e-02  -3.7490e-02  -3.1600e-02  -2.4110e-02  -2.0040e-02  -1.7970e-02  -1.6690e-02  -1.6410e-02  -1.6110e-02  -1.5840e-02  -1.5770e-02  -1.5650e-02  -1.5600e-02   0.0000e+00   0.0000e+00 
          4.815 -6.8290e-07  -6.8290e-07  -1.0220e-05  -5.2640e-05  -4.9060e-04  -1.7500e-03  -4.2660e-03  -6.9510e-03  -1.0610e-02  -1.4890e-02  -2.2010e-02  -3.1540e-02  -4.2180e-02  -4.7570e-02  -4.2880e-02  -3.5080e-02  -2.9420e-02  -2.2270e-02  -1.8370e-02  -1.6390e-02  -1.5170e-02  -1.4900e-02  -1.4620e-02  -1.4360e-02  -1.4300e-02  -1.4190e-02  -1.4140e-02   0.0000e+00   0.0000e+00 
          4.865 -6.8980e-07  -6.8980e-07  -1.0310e-05  -5.3080e-05  -4.9340e-04  -1.7550e-03  -4.2650e-03  -6.9320e-03  -1.0550e-02  -1.4760e-02  -2.1730e-02  -3.0940e-02  -4.0980e-02  -4.5710e-02  -4.0480e-02  -3.2800e-02  -2.7370e-02  -2.0530e-02  -1.6800e-02  -1.4920e-02  -1.3760e-02  -1.3510e-02  -1.3240e-02  -1.3000e-02  -1.2940e-02  -1.2830e-02  -1.2780e-02   0.0000e+00   0.0000e+00 
          4.916 -6.9660e-07  -6.9660e-07  -1.0410e-05  -5.3500e-05  -4.9600e-04  -1.7600e-03  -4.2630e-03  -6.9110e-03  -1.0490e-02  -1.4640e-02  -2.1450e-02  -3.0340e-02  -3.9790e-02  -4.3900e-02  -3.8180e-02  -3.0640e-02  -2.5430e-02  -1.8900e-02  -1.5330e-02  -1.3540e-02  -1.2440e-02  -1.2210e-02  -1.1960e-02  -1.1730e-02  -1.1670e-02  -1.1570e-02  -1.1530e-02   0.0000e+00   0.0000e+00 
          4.967 -7.0340e-07  -7.0340e-07  -1.0500e-05  -5.3930e-05  -4.9860e-04  -1.7640e-03  -4.2590e-03  -6.8890e-03  -1.0430e-02  -1.4510e-02  -2.1160e-02  -2.9730e-02  -3.8620e-02  -4.2120e-02  -3.5980e-02  -2.8600e-02  -2.3600e-02  -1.7370e-02  -1.3960e-02  -1.2260e-02  -1.1220e-02  -1.1000e-02  -1.0760e-02  -1.0550e-02  -1.0500e-02  -1.0400e-02  -1.0360e-02   0.0000e+00   0.0000e+00 
          5.018 -7.1030e-07  -7.1030e-07  -1.0590e-05  -5.4350e-05  -5.0120e-04  -1.7680e-03  -4.2550e-03  -6.8650e-03  -1.0360e-02  -1.4370e-02  -2.0870e-02  -2.9130e-02  -3.7460e-02  -4.0390e-02  -3.3880e-02  -2.6670e-02  -2.1880e-02  -1.5930e-02  -1.2680e-02  -1.1070e-02  -1.0090e-02  -9.8830e-03  -9.6610e-03  -9.4610e-03  -9.4130e-03  -9.3230e-03  -9.2840e-03   0.0000e+00   0.0000e+00 
