  6.0033E-08  3.0632E-06  6.0387E-05  3.1141E-04
  3.0618E-06  1.5627E-04  3.0773E-03  1.5867E-02
  6.0627E-06  3.0929E-04  6.0882E-03  3.1353E-02
  9.0623E-06  4.6202E-04  9.0807E-03  4.6683E-02
  1.2060E-05  6.1448E-04  1.2051E-02  6.1815E-02
  1.5061E-05  7.6636E-04  1.4991E-02  7.6650E-02
  1.8045E-05  9.1768E-04  1.7890E-02  9.1132E-02
  2.1029E-05  1.0682E-03  2.0747E-02  1.0520E-01
  2.4013E-05  1.2179E-03  2.3547E-02  1.1881E-01
  2.6997E-05  1.3666E-03  2.6276E-02  1.3188E-01
  2.9967E-05  1.5146E-03  2.8949E-02  1.4439E-01
  3.2937E-05  1.6603E-03  3.1551E-02  1.5613E-01
  3.5893E-05  1.8060E-03  3.4068E-02  1.6730E-01
  3.8848E-05  1.9488E-03  3.6501E-02  1.7777E-01
  4.1790E-05  2.0916E-03  3.8848E-02  1.8738E-01
  4.4732E-05  2.2316E-03  4.1083E-02  1.9629E-01
  4.7645E-05  2.3702E-03  4.3233E-02  2.0435E-01
  5.0558E-05  2.5074E-03  4.5269E-02  2.1157E-01
  5.3471E-05  2.6418E-03  4.7206E-02  2.1793E-01
  5.6356E-05  2.7747E-03  4.9031E-02  2.2345E-01
  5.9241E-05  2.9062E-03  5.0728E-02  2.2811E-01
  6.2112E-05  3.0335E-03  5.2312E-02  2.3193E-01
  6.4969E-05  3.1594E-03  5.3783E-02  2.3476E-01
  6.7797E-05  3.2838E-03  5.5126E-02  2.3688E-01
  7.0626E-05  3.4040E-03  5.6356E-02  2.3815E-01
  7.3440E-05  3.5228E-03  5.7445E-02  2.3858E-01
  7.6240E-05  3.6388E-03  5.8421E-02  2.3815E-01
  7.9012E-05  3.7505E-03  5.9284E-02  2.3702E-01
  8.1784E-05  3.8608E-03  6.0005E-02  2.3518E-01
  8.4528E-05  3.9683E-03  6.0613E-02  2.3264E-01
  8.7257E-05  4.0729E-03  6.1108E-02  2.2953E-01
  8.9972E-05  4.1733E-03  6.1476E-02  2.2571E-01
  9.2659E-05  4.2709E-03  6.1730E-02  2.2132E-01
  9.5332E-05  4.3671E-03  6.1872E-02  2.1637E-01
  9.7977E-05  4.4576E-03  6.1900E-02  2.1100E-01
  1.0061E-04  4.5467E-03  6.1815E-02  2.0520E-01
  1.0322E-04  4.6315E-03  6.1631E-02  1.9912E-01
  1.0581E-04  4.7136E-03  6.1349E-02  1.9262E-01
  1.0837E-04  4.7914E-03  6.0967E-02  1.8569E-01
  1.1092E-04  4.8663E-03  6.0486E-02  1.7876E-01
  1.1345E-04  4.9384E-03  5.9934E-02  1.7154E-01
  1.1594E-04  5.0063E-03  5.9284E-02  1.6405E-01
  1.1841E-04  5.0714E-03  5.8563E-02  1.5669E-01
  1.2086E-04  5.1322E-03  5.7756E-02  1.4906E-01
  1.2329E-04  5.1902E-03  5.6894E-02  1.4156E-01
  1.2568E-04  5.2439E-03  5.5960E-02  1.3401E-01
  1.2806E-04  5.2948E-03  5.4956E-02  1.2652E-01
  1.3040E-04  5.3415E-03  5.3910E-02  1.1913E-01
  1.3272E-04  5.3853E-03  5.2821E-02  1.1185E-01
  1.3501E-04  5.4249E-03  5.1675E-02  1.0474E-01
  1.3729E-04  5.4617E-03  5.0487E-02  9.7779E-02
  1.3953E-04  5.4956E-03  4.9271E-02  9.1033E-02
  1.4170E-04  5.5253E-03  4.8027E-02  8.4499E-02
  1.4397E-04  5.5508E-03  4.6754E-02  7.8206E-02
  1.4609E-04  5.5734E-03  4.5453E-02  7.2167E-02
  1.4821E-04  5.5932E-03  4.4152E-02  6.6397E-02
  1.5033E-04  5.6088E-03  4.2822E-02  6.0896E-02
  1.5231E-04  5.6215E-03  4.1493E-02  5.5678E-02
  1.5443E-04  5.6314E-03  4.0164E-02  5.0742E-02
  1.5641E-04  5.6371E-03  3.8820E-02  4.6103E-02
  1.5839E-04  5.6399E-03  3.7491E-02  4.1748E-02
  1.6023E-04  5.6399E-03  3.6176E-02  3.7689E-02
  1.6221E-04  5.6356E-03  3.4860E-02  3.3913E-02
  1.6405E-04  5.6300E-03  3.3545E-02  3.0420E-02
  1.6589E-04  5.6201E-03  3.2258E-02  2.7195E-02
  1.6773E-04  5.6074E-03  3.1000E-02  2.4254E-02
  1.6956E-04  5.5918E-03  2.9741E-02  2.1567E-02
  1.7126E-04  5.5734E-03  2.8511E-02  1.9120E-02
  1.7296E-04  5.5522E-03  2.7308E-02  1.6914E-02
  1.7466E-04  5.5282E-03  2.6135E-02  1.4934E-02
  1.7635E-04  5.5013E-03  2.4989E-02  1.3171E-02
  1.7791E-04  5.4730E-03  2.3872E-02  1.1608E-02
  1.7946E-04  5.4405E-03  2.2769E-02  1.0235E-02
  1.8102E-04  5.4065E-03  2.1722E-02  9.0354E-03
  1.8257E-04  5.3698E-03  2.0690E-02  7.9988E-03
  1.8399E-04  5.3316E-03  1.9686E-02  7.1121E-03
  1.8540E-04  5.2906E-03  1.8724E-02  6.3611E-03
  1.8682E-04  5.2467E-03  1.7791E-02  5.7346E-03
  1.8823E-04  5.2015E-03  1.6900E-02  5.2184E-03
  1.8950E-04  5.1548E-03  1.6037E-02  4.8013E-03
  1.9092E-04  5.1053E-03  1.5203E-02  4.4717E-03
  1.9219E-04  5.0530E-03  1.4411E-02  4.2200E-03
  1.9332E-04  5.0007E-03  1.3639E-02  4.0348E-03
  1.9460E-04  4.9455E-03  1.2905E-02  3.9046E-03
  1.9573E-04  4.8889E-03  1.2200E-02  3.8226E-03
  1.9686E-04  4.8310E-03  1.1527E-02  3.7788E-03
  1.9799E-04  4.7716E-03  1.0884E-02  3.7661E-03
  1.9898E-04  4.7107E-03  1.0270E-02  3.7774E-03
  1.9997E-04  4.6485E-03  9.6845E-03  3.8056E-03
  2.0096E-04  4.5849E-03  9.1259E-03  3.8438E-03
  2.0195E-04  4.5198E-03  8.5942E-03  3.8891E-03
  2.0280E-04  4.4548E-03  8.0879E-03  3.9358E-03
  2.0365E-04  4.3883E-03  7.6071E-03  3.9782E-03
  2.0450E-04  4.3204E-03  7.1488E-03  4.0150E-03
  2.0534E-04  4.2511E-03  6.7147E-03  4.0432E-03
  2.0619E-04  4.1818E-03  6.3003E-03  4.0588E-03
  2.0690E-04  4.1125E-03  5.9086E-03  4.0616E-03
  2.0761E-04  4.0418E-03  5.5352E-03  4.0489E-03
  2.0817E-04  3.9697E-03  5.1817E-03  4.0192E-03
  2.0888E-04  3.8976E-03  4.8451E-03  3.9739E-03
