 -5.3090E-12 -5.2863E-11 -5.3981E-10 -5.0558E-09 -3.9202E-08 -2.4254E-07 -1.2288E-06 -5.2849E-06 -1.9516E-05 -5.8011E-05 -3.5256E-14 -1.0056E-12 -2.5753E-11 -5.3952E-10 -8.2435E-09 -8.7087E-08 -6.9791E-07 -4.5071E-06 -1.9997E-05 -5.3853E-05
 -2.7068E-10 -2.6969E-09 -2.7535E-08 -2.5781E-07 -1.9983E-06 -1.2367E-05 -6.2650E-05 -2.6941E-04 -9.9462E-04 -2.9543E-03 -1.7975E-12 -5.1294E-11 -1.3131E-09 -2.7521E-08 -4.2045E-07 -4.4406E-06 -3.5582E-05 -2.2967E-04 -1.0191E-03 -2.7422E-03
 -5.3613E-10 -5.3387E-09 -5.4504E-08 -5.1053E-07 -3.9584E-06 -2.4480E-05 -1.2398E-04 -5.3273E-04 -1.9643E-03 -5.8209E-03 -3.5610E-12 -1.0157E-10 -2.6007E-09 -5.4476E-08 -8.3241E-07 -8.7893E-06 -7.0400E-05 -4.5396E-04 -2.0124E-03 -5.4108E-03
 -8.0143E-10 -7.9818E-09 -8.1487E-08 -7.6311E-07 -5.9157E-06 -3.6572E-05 -1.8512E-04 -7.9436E-04 -2.9218E-03 -8.6338E-03 -5.3231E-12 -1.5189E-10 -3.8863E-09 -8.1430E-08 -1.2438E-06 -1.3130E-05 -1.0508E-04 -6.7670E-04 -2.9939E-03 -8.0384E-03
 -1.0667E-09 -1.0625E-08 -1.0847E-07 -1.0155E-06 -7.8701E-06 -4.8649E-05 -2.4593E-04 -1.0537E-03 -3.8636E-03 -1.1366E-02 -7.0852E-12 -2.0209E-10 -5.1732E-09 -1.0836E-07 -1.6546E-06 -1.7451E-05 -1.3954E-04 -8.9689E-04 -3.9584E-03 -1.0604E-02
 -1.3322E-09 -1.3267E-08 -1.3541E-07 -1.2678E-06 -9.8217E-06 -6.0670E-05 -3.0646E-04 -1.3098E-03 -4.7843E-03 -1.3992E-02 -8.8473E-12 -2.5230E-10 -6.4587E-09 -1.3526E-07 -2.0648E-06 -2.1765E-05 -1.7367E-04 -1.1137E-03 -4.8988E-03 -1.3091E-02
 -1.5981E-09 -1.5910E-08 -1.6235E-07 -1.5203E-06 -1.1769E-05 -7.2648E-05 -3.6642E-04 -1.5627E-03 -5.6781E-03 -1.6490E-02 -1.0609E-11 -3.0264E-10 -7.7428E-09 -1.6207E-07 -2.4735E-06 -2.6050E-05 -2.0761E-04 -1.3265E-03 -5.8124E-03 -1.5486E-02
 -1.8625E-09 -1.8554E-08 -1.8936E-07 -1.7720E-06 -1.3712E-05 -8.4570E-05 -4.2596E-04 -1.8102E-03 -6.5407E-03 -1.8837E-02 -1.2370E-11 -3.5285E-10 -9.0269E-09 -1.8894E-07 -2.8808E-06 -3.0307E-05 -2.4098E-04 -1.5344E-03 -6.6935E-03 -1.7763E-02
 -2.1284E-09 -2.1185E-08 -2.1623E-07 -2.0223E-06 -1.5641E-05 -9.6421E-05 -4.8465E-04 -2.0520E-03 -7.3681E-03 -2.1015E-02 -1.4131E-11 -4.0291E-10 -1.0308E-08 -2.1567E-07 -3.2866E-06 -3.4535E-05 -2.7393E-04 -1.7367E-03 -7.5363E-03 -1.9898E-02
 -2.3928E-09 -2.3829E-08 -2.4310E-07 -2.2741E-06 -1.7579E-05 -1.0820E-04 -5.4278E-04 -2.2882E-03 -8.1544E-03 -2.3009E-02 -1.5896E-11 -4.5311E-10 -1.1589E-08 -2.4240E-07 -3.6911E-06 -3.8735E-05 -3.0646E-04 -1.9332E-03 -8.3368E-03 -2.1906E-02
 -2.6587E-09 -2.6460E-08 -2.6997E-07 -2.5244E-06 -1.9502E-05 -1.1988E-04 -6.0005E-04 -2.5187E-03 -8.8982E-03 -2.4805E-02 -1.7649E-11 -5.0332E-10 -1.2868E-08 -2.6898E-07 -4.0927E-06 -4.2893E-05 -3.3828E-04 -2.1213E-03 -9.0920E-03 -2.3745E-02
 -2.9232E-09 -2.9105E-08 -2.9684E-07 -2.7733E-06 -2.1411E-05 -1.3148E-04 -6.5634E-04 -2.7407E-03 -9.5940E-03 -2.6389E-02 -1.9417E-11 -5.5338E-10 -1.4142E-08 -2.9557E-07 -4.4930E-06 -4.6994E-05 -3.6939E-04 -2.3038E-03 -9.7963E-03 -2.5428E-02
 -3.1891E-09 -3.1735E-08 -3.2357E-07 -3.0222E-06 -2.3320E-05 -1.4298E-04 -7.1163E-04 -2.9557E-03 -1.0242E-02 -2.7775E-02 -2.1171E-11 -6.0344E-10 -1.5415E-08 -3.2202E-07 -4.8889E-06 -5.1067E-05 -3.9980E-04 -2.4763E-03 -1.0447E-02 -2.6927E-02
 -3.4535E-09 -3.4365E-08 -3.5030E-07 -3.2711E-06 -2.5215E-05 -1.5429E-04 -7.6594E-04 -3.1622E-03 -1.0837E-02 -2.8921E-02 -2.2924E-11 -6.5337E-10 -1.6688E-08 -3.4832E-07 -5.2849E-06 -5.5069E-05 -4.2950E-04 -2.6418E-03 -1.1042E-02 -2.8242E-02
 -3.7180E-09 -3.6996E-08 -3.7703E-07 -3.5186E-06 -2.7110E-05 -1.6560E-04 -8.1897E-04 -3.3588E-03 -1.1379E-02 -2.9854E-02 -2.4678E-11 -7.0329E-10 -1.7961E-08 -3.7463E-07 -5.6767E-06 -5.9029E-05 -4.5835E-04 -2.7973E-03 -1.1580E-02 -2.9359E-02
 -3.9824E-09 -3.9626E-08 -4.0376E-07 -3.7661E-06 -2.8977E-05 -1.7678E-04 -8.7087E-04 -3.5468E-03 -1.1865E-02 -3.0575E-02 -2.6446E-11 -7.5321E-10 -1.9233E-08 -4.0079E-07 -6.0641E-06 -6.2933E-05 -4.8635E-04 -2.9430E-03 -1.2056E-02 -3.0292E-02
 -4.2469E-09 -4.2257E-08 -4.3035E-07 -4.0121E-06 -3.0844E-05 -1.8767E-04 -9.2150E-04 -3.7265E-03 -1.2295E-02 -3.1070E-02 -2.8199E-11 -8.0313E-10 -2.0492E-08 -4.2681E-07 -6.4502E-06 -6.6765E-05 -5.1336E-04 -3.0787E-03 -1.2472E-02 -3.1028E-02
 -4.5113E-09 -4.4873E-08 -4.5693E-07 -4.2582E-06 -3.2697E-05 -1.9856E-04 -9.7086E-04 -3.8947E-03 -1.2669E-02 -3.1367E-02 -2.9953E-11 -8.5291E-10 -2.1751E-08 -4.5269E-07 -6.8321E-06 -7.0527E-05 -5.3938E-04 -3.2032E-03 -1.2826E-02 -3.1565E-02
 -4.7758E-09 -4.7503E-08 -4.8352E-07 -4.5029E-06 -3.4521E-05 -2.0930E-04 -1.0187E-03 -4.0517E-03 -1.2984E-02 -3.1466E-02 -3.1707E-11 -9.0269E-10 -2.3009E-08 -4.7843E-07 -7.2097E-06 -7.4232E-05 -5.6455E-04 -3.3192E-03 -1.3115E-02 -3.1919E-02
 -5.0417E-09 -5.0120E-08 -5.1011E-07 -4.7461E-06 -3.6345E-05 -2.1977E-04 -1.0650E-03 -4.1988E-03 -1.3244E-02 -3.1367E-02 -3.3460E-11 -9.5233E-10 -2.4268E-08 -5.0417E-07 -7.5844E-06 -7.7852E-05 -5.8845E-04 -3.4224E-03 -1.3343E-02 -3.2074E-02
 -5.3047E-09 -5.2736E-08 -5.3641E-07 -4.9879E-06 -3.8155E-05 -2.3009E-04 -1.1099E-03 -4.3360E-03 -1.3448E-02 -3.1099E-02 -3.5214E-11 -1.0020E-09 -2.5527E-08 -5.2962E-07 -7.9550E-06 -8.1402E-05 -6.1136E-04 -3.5157E-03 -1.3507E-02 -3.2060E-02
 -5.5692E-09 -5.5352E-08 -5.6286E-07 -5.2298E-06 -3.9952E-05 -2.4027E-04 -1.1531E-03 -4.4604E-03 -1.3596E-02 -3.0660E-02 -3.6953E-11 -1.0515E-09 -2.6771E-08 -5.5494E-07 -8.3198E-06 -8.4867E-05 -6.3328E-04 -3.5978E-03 -1.3610E-02 -3.1862E-02
 -5.8336E-09 -5.7969E-08 -5.8916E-07 -5.4702E-06 -4.1719E-05 -2.5032E-04 -1.1947E-03 -4.5750E-03 -1.3694E-02 -3.0094E-02 -3.8707E-11 -1.1008E-09 -2.8016E-08 -5.8011E-07 -8.6819E-06 -8.8247E-05 -6.5393E-04 -3.6685E-03 -1.3654E-02 -3.1495E-02
 -6.0967E-09 -6.0571E-08 -6.1547E-07 -5.7092E-06 -4.3473E-05 -2.6007E-04 -1.2346E-03 -4.6782E-03 -1.3739E-02 -2.9387E-02 -4.0461E-11 -1.1503E-09 -2.9246E-08 -6.0514E-07 -9.0382E-06 -9.1542E-05 -6.7331E-04 -3.7279E-03 -1.3639E-02 -3.0971E-02
 -6.3611E-09 -6.3187E-08 -6.4163E-07 -5.9468E-06 -4.5212E-05 -2.6969E-04 -1.2728E-03 -4.7701E-03 -1.3735E-02 -2.8567E-02 -4.2200E-11 -1.1995E-09 -3.0490E-08 -6.3003E-07 -9.3904E-06 -9.4752E-05 -6.9169E-04 -3.7760E-03 -1.3568E-02 -3.0292E-02
 -6.6256E-09 -6.5789E-08 -6.6779E-07 -6.1829E-06 -4.6938E-05 -2.7917E-04 -1.3093E-03 -4.8508E-03 -1.3684E-02 -2.7648E-02 -4.3940E-11 -1.2488E-09 -3.1721E-08 -6.5464E-07 -9.7369E-06 -9.7878E-05 -7.0866E-04 -3.8127E-03 -1.3444E-02 -2.9486E-02
 -6.8886E-09 -6.8391E-08 -6.9381E-07 -6.4191E-06 -4.8649E-05 -2.8836E-04 -1.3439E-03 -4.9200E-03 -1.3591E-02 -2.6658E-02 -4.5693E-11 -1.2978E-09 -3.2951E-08 -6.7911E-07 -1.0079E-05 -1.0089E-04 -7.2450E-04 -3.8382E-03 -1.3268E-02 -2.8567E-02
 -7.1517E-09 -7.0979E-08 -7.1983E-07 -6.6525E-06 -5.0332E-05 -2.9727E-04 -1.3767E-03 -4.9780E-03 -1.3455E-02 -2.5597E-02 -4.7433E-11 -1.3469E-09 -3.4167E-08 -7.0343E-07 -1.0416E-05 -1.0382E-04 -7.3907E-04 -3.8537E-03 -1.3045E-02 -2.7521E-02
 -7.4147E-09 -7.3582E-08 -7.4571E-07 -6.8844E-06 -5.1986E-05 -3.0604E-04 -1.4077E-03 -5.0247E-03 -1.3282E-02 -2.4494E-02 -4.9172E-11 -1.3958E-09 -3.5384E-08 -7.2747E-07 -1.0747E-05 -1.0665E-04 -7.5236E-04 -3.8594E-03 -1.2776E-02 -2.6389E-02
 -7.6778E-09 -7.6170E-08 -7.7159E-07 -7.1163E-06 -5.3627E-05 -3.1452E-04 -1.4368E-03 -5.0615E-03 -1.3074E-02 -2.3349E-02 -5.0912E-11 -1.4453E-09 -3.6600E-08 -7.5137E-07 -1.1072E-05 -1.0938E-04 -7.6452E-04 -3.8551E-03 -1.2468E-02 -2.5187E-02
 -7.9408E-09 -7.8758E-08 -7.9719E-07 -7.3454E-06 -5.5253E-05 -3.2286E-04 -1.4637E-03 -5.0883E-03 -1.2835E-02 -2.2189E-02 -5.2651E-11 -1.4934E-09 -3.7802E-08 -7.7499E-07 -1.1390E-05 -1.1199E-04 -7.7527E-04 -3.8396E-03 -1.2121E-02 -2.3900E-02
 -8.2039E-09 -8.1331E-08 -8.2293E-07 -7.5731E-06 -5.6851E-05 -3.3078E-04 -1.4892E-03 -5.1039E-03 -1.2568E-02 -2.1015E-02 -5.4377E-11 -1.5415E-09 -3.9004E-08 -7.9846E-07 -1.1704E-05 -1.1451E-04 -7.8475E-04 -3.8155E-03 -1.1741E-02 -2.2571E-02
 -8.4655E-09 -8.3919E-08 -8.4853E-07 -7.7994E-06 -5.8421E-05 -3.3870E-04 -1.5132E-03 -5.1096E-03 -1.2275E-02 -1.9841E-02 -5.6116E-11 -1.5910E-09 -4.0192E-08 -8.2166E-07 -1.2011E-05 -1.1693E-04 -7.9309E-04 -3.7816E-03 -1.1332E-02 -2.1199E-02
 -8.7271E-09 -8.6479E-08 -8.7398E-07 -8.0242E-06 -5.9977E-05 -3.4620E-04 -1.5344E-03 -5.1067E-03 -1.1960E-02 -1.8696E-02 -5.7841E-11 -1.6391E-09 -4.1380E-08 -8.4471E-07 -1.2312E-05 -1.1923E-04 -8.0002E-04 -3.7392E-03 -1.0897E-02 -1.9799E-02
 -8.9887E-09 -8.9053E-08 -8.9930E-07 -8.2477E-06 -6.1504E-05 -3.5355E-04 -1.5542E-03 -5.0926E-03 -1.1626E-02 -1.7565E-02 -5.9567E-11 -1.6872E-09 -4.2568E-08 -8.6734E-07 -1.2606E-05 -1.2142E-04 -8.0582E-04 -3.6897E-03 -1.0438E-02 -1.8385E-02
 -9.2518E-09 -9.1613E-08 -9.2461E-07 -8.4683E-06 -6.3003E-05 -3.6062E-04 -1.5712E-03 -5.0714E-03 -1.1277E-02 -1.6461E-02 -6.1306E-11 -1.7352E-09 -4.3742E-08 -8.8982E-07 -1.2893E-05 -1.2350E-04 -8.1034E-04 -3.6317E-03 -9.9631E-03 -1.6971E-02
 -9.5134E-09 -9.4172E-08 -9.4979E-07 -8.6889E-06 -6.4474E-05 -3.6741E-04 -1.5882E-03 -5.0417E-03 -1.0915E-02 -1.5401E-02 -6.3031E-11 -1.7833E-09 -4.4915E-08 -9.1217E-07 -1.3175E-05 -1.2547E-04 -8.1374E-04 -3.5666E-03 -9.4738E-03 -1.5556E-02
 -9.7736E-09 -9.6732E-08 -9.7496E-07 -8.9067E-06 -6.5931E-05 -3.7392E-04 -1.6023E-03 -5.0021E-03 -1.0543E-02 -1.4383E-02 -6.4743E-11 -1.8314E-09 -4.6075E-08 -9.3409E-07 -1.3449E-05 -1.2734E-04 -8.1586E-04 -3.4945E-03 -8.9732E-03 -1.4170E-02
 -1.0035E-08 -9.9292E-08 -9.9999E-07 -9.1217E-06 -6.7359E-05 -3.8014E-04 -1.6136E-03 -4.9568E-03 -1.0164E-02 -1.3408E-02 -6.6468E-11 -1.8795E-09 -4.7235E-08 -9.5587E-07 -1.3716E-05 -1.2908E-04 -8.1671E-04 -3.4167E-03 -8.4669E-03 -1.2817E-02
 -1.0295E-08 -1.0182E-07 -1.0249E-06 -9.3352E-06 -6.8759E-05 -3.8608E-04 -1.6235E-03 -4.9031E-03 -9.7807E-03 -1.2482E-02 -6.8193E-11 -1.9262E-09 -4.8380E-08 -9.7722E-07 -1.3977E-05 -1.3070E-04 -8.1657E-04 -3.3333E-03 -7.9564E-03 -1.1500E-02
 -1.0556E-08 -1.0437E-07 -1.0496E-06 -9.5474E-06 -7.0131E-05 -3.9188E-04 -1.6320E-03 -4.8437E-03 -9.3946E-03 -1.1606E-02 -6.9905E-11 -1.9742E-09 -4.9526E-08 -9.9843E-07 -1.4227E-05 -1.3223E-04 -8.1529E-04 -3.2456E-03 -7.4458E-03 -1.0230E-02
 -1.0817E-08 -1.0690E-07 -1.0742E-06 -9.7581E-06 -7.1474E-05 -3.9739E-04 -1.6391E-03 -4.7772E-03 -9.0085E-03 -1.0783E-02 -7.1616E-11 -2.0223E-09 -5.0671E-08 -1.0194E-06 -1.4482E-05 -1.3363E-04 -8.1289E-04 -3.1523E-03 -6.9381E-03 -9.0128E-03
 -1.1078E-08 -1.0943E-07 -1.0988E-06 -9.9660E-06 -7.2790E-05 -4.0249E-04 -1.6433E-03 -4.7037E-03 -8.6239E-03 -1.0011E-02 -7.3327E-11 -2.0690E-09 -5.1789E-08 -1.0399E-06 -1.4708E-05 -1.3492E-04 -8.0935E-04 -3.0547E-03 -6.4375E-03 -7.8545E-03
 -1.1339E-08 -1.1196E-07 -1.1232E-06 -1.0171E-05 -7.4077E-05 -4.0743E-04 -1.6476E-03 -4.6273E-03 -8.2435E-03 -9.2914E-03 -7.5038E-11 -2.1157E-09 -5.2920E-08 -1.0602E-06 -1.4948E-05 -1.3608E-04 -8.0483E-04 -2.9543E-03 -5.9454E-03 -6.7599E-03
 -1.1597E-08 -1.1447E-07 -1.1475E-06 -1.0375E-05 -7.5335E-05 -4.1210E-04 -1.6490E-03 -4.5439E-03 -7.8687E-03 -8.6196E-03 -7.6749E-11 -2.1623E-09 -5.4023E-08 -1.0802E-06 -1.5175E-05 -1.3714E-04 -7.9931E-04 -2.8511E-03 -5.4631E-03 -5.7318E-03
 -1.1855E-08 -1.1700E-07 -1.1718E-06 -1.0577E-05 -7.6566E-05 -4.1649E-04 -1.6476E-03 -4.4562E-03 -7.4996E-03 -7.9988E-03 -7.8446E-11 -2.2090E-09 -5.5140E-08 -1.1000E-06 -1.5387E-05 -1.3808E-04 -7.9281E-04 -2.7464E-03 -4.9950E-03 -4.7744E-03
 -1.2116E-08 -1.1950E-07 -1.1959E-06 -1.0775E-05 -7.7768E-05 -4.2059E-04 -1.6461E-03 -4.3657E-03 -7.1404E-03 -7.4232E-03 -8.0143E-11 -2.2557E-09 -5.6229E-08 -1.1194E-06 -1.5599E-05 -1.3890E-04 -7.8545E-04 -2.6389E-03 -4.5425E-03 -3.8891E-03
 -1.2376E-08 -1.2200E-07 -1.2199E-06 -1.0973E-05 -7.8941E-05 -4.2441E-04 -1.6419E-03 -4.2709E-03 -6.7882E-03 -6.8929E-03 -8.1841E-11 -2.3023E-09 -5.7318E-08 -1.1384E-06 -1.5797E-05 -1.3963E-04 -7.7725E-04 -2.5300E-03 -4.1069E-03 -3.0759E-03
 -1.2632E-08 -1.2449E-07 -1.2437E-06 -1.1168E-05 -8.0087E-05 -4.2794E-04 -1.6377E-03 -4.1733E-03 -6.4460E-03 -6.4036E-03 -8.3538E-11 -2.3490E-09 -5.8407E-08 -1.1573E-06 -1.5981E-05 -1.4022E-04 -7.6806E-04 -2.4197E-03 -3.6883E-03 -2.3363E-03
 -1.2892E-08 -1.2698E-07 -1.2673E-06 -1.1360E-05 -8.1204E-05 -4.3119E-04 -1.6306E-03 -4.0729E-03 -6.1151E-03 -5.9538E-03 -8.5235E-11 -2.3957E-09 -5.9482E-08 -1.1756E-06 -1.6164E-05 -1.4071E-04 -7.5816E-04 -2.3094E-03 -3.2909E-03 -1.6688E-03
 -1.3151E-08 -1.2946E-07 -1.2908E-06 -1.1550E-05 -8.2279E-05 -4.3416E-04 -1.6235E-03 -3.9697E-03 -5.7954E-03 -5.5409E-03 -8.6932E-11 -2.4409E-09 -6.0542E-08 -1.1939E-06 -1.6348E-05 -1.4108E-04 -7.4741E-04 -2.2005E-03 -2.9147E-03 -1.0724E-03
 -1.3407E-08 -1.3195E-07 -1.3144E-06 -1.1738E-05 -8.3325E-05 -4.3685E-04 -1.6136E-03 -3.8650E-03 -5.4871E-03 -5.1605E-03 -8.8615E-11 -2.4876E-09 -6.1603E-08 -1.2117E-06 -1.6518E-05 -1.4135E-04 -7.3610E-04 -2.0902E-03 -2.5583E-03 -5.4476E-04
 -1.3666E-08 -1.3441E-07 -1.3376E-06 -1.1923E-05 -8.4358E-05 -4.3940E-04 -1.6023E-03 -3.7590E-03 -5.1916E-03 -4.8126E-03 -9.0298E-11 -2.5329E-09 -6.2650E-08 -1.2291E-06 -1.6674E-05 -1.4156E-04 -7.2394E-04 -1.9813E-03 -2.2246E-03 -8.3481E-05
 -1.3923E-08 -1.3687E-07 -1.3606E-06 -1.2107E-05 -8.5334E-05 -4.4152E-04 -1.5910E-03 -3.6515E-03 -4.9073E-03 -4.4930E-03 -9.1980E-11 -2.5781E-09 -6.3682E-08 -1.2462E-06 -1.6829E-05 -1.4156E-04 -7.1135E-04 -1.8738E-03 -1.9134E-03  3.1424E-04
 -1.4185E-08 -1.3934E-07 -1.3838E-06 -1.2287E-05 -8.6295E-05 -4.4350E-04 -1.5768E-03 -3.5426E-03 -4.6358E-03 -4.1988E-03 -9.3649E-11 -2.6234E-09 -6.4714E-08 -1.2630E-06 -1.6971E-05 -1.4156E-04 -6.9806E-04 -1.7678E-03 -1.6235E-03  6.5181E-04
 -1.4439E-08 -1.4185E-07 -1.4066E-06 -1.2465E-05 -8.7229E-05 -4.4505E-04 -1.5627E-03 -3.4337E-03 -4.3756E-03 -3.9273E-03 -9.5332E-11 -2.6686E-09 -6.5733E-08 -1.2796E-06 -1.7112E-05 -1.4135E-04 -6.8420E-04 -1.6645E-03 -1.3571E-03  9.3282E-04
 -1.4694E-08 -1.4425E-07 -1.4298E-06 -1.2640E-05 -8.8120E-05 -4.4647E-04 -1.5471E-03 -3.3248E-03 -4.1281E-03 -3.6784E-03 -9.7001E-11 -2.7139E-09 -6.6751E-08 -1.2957E-06 -1.7239E-05 -1.4110E-04 -6.6991E-04 -1.5627E-03 -1.1121E-03  1.1614E-03
 -1.4948E-08 -1.4665E-07 -1.4524E-06 -1.2814E-05 -8.8968E-05 -4.4760E-04 -1.5302E-03 -3.2159E-03 -3.8933E-03 -3.4479E-03 -9.8670E-11 -2.7577E-09 -6.7741E-08 -1.3114E-06 -1.7367E-05 -1.4073E-04 -6.5506E-04 -1.4637E-03 -8.8883E-04  1.3412E-03
 -1.5203E-08 -1.4906E-07 -1.4750E-06 -1.2984E-05 -8.9803E-05 -4.4845E-04 -1.5132E-03 -3.1070E-03 -3.6685E-03 -3.2357E-03 -1.0034E-10 -2.8030E-09 -6.8745E-08 -1.3268E-06 -1.7480E-05 -1.4028E-04 -6.3993E-04 -1.3666E-03 -6.8660E-04  1.4764E-03
 -1.5457E-08 -1.5146E-07 -1.4962E-06 -1.3152E-05 -9.0609E-05 -4.4901E-04 -1.4934E-03 -2.9995E-03 -3.4563E-03 -3.0377E-03 -1.0199E-10 -2.8468E-09 -6.9721E-08 -1.3418E-06 -1.7579E-05 -1.3971E-04 -6.2438E-04 -1.2728E-03 -5.0473E-04  1.5726E-03
 -1.5712E-08 -1.5387E-07 -1.5189E-06 -1.3316E-05 -9.1358E-05 -4.4944E-04 -1.4736E-03 -2.8935E-03 -3.2541E-03 -2.8539E-03 -1.0365E-10 -2.8907E-09 -7.0697E-08 -1.3565E-06 -1.7678E-05 -1.3906E-04 -6.0854E-04 -1.1820E-03 -3.4252E-04  1.6320E-03
 -1.5966E-08 -1.5627E-07 -1.5401E-06 -1.3479E-05 -9.2094E-05 -4.4958E-04 -1.4538E-03 -2.7874E-03 -3.0632E-03 -2.6828E-03 -1.0530E-10 -2.9345E-09 -7.1658E-08 -1.3709E-06 -1.7763E-05 -1.3832E-04 -5.9241E-04 -1.0945E-03 -1.9898E-04  1.6589E-03
 -1.6221E-08 -1.5867E-07 -1.5627E-06 -1.3639E-05 -9.2801E-05 -4.4944E-04 -1.4326E-03 -2.6828E-03 -2.8822E-03 -2.5215E-03 -1.0696E-10 -2.9783E-09 -7.2606E-08 -1.3848E-06 -1.7847E-05 -1.3749E-04 -5.7601E-04 -1.0102E-03 -7.3143E-05  1.6589E-03
 -1.6476E-08 -1.6108E-07 -1.5839E-06 -1.3796E-05 -9.3465E-05 -4.4901E-04 -1.4103E-03 -2.5809E-03 -2.7125E-03 -2.3716E-03 -1.0861E-10 -3.0222E-09 -7.3553E-08 -1.3985E-06 -1.7918E-05 -1.3656E-04 -5.5932E-04 -9.2928E-04  3.5864E-05  1.6348E-03
 -1.6730E-08 -1.6348E-07 -1.6051E-06 -1.3950E-05 -9.4088E-05 -4.4845E-04 -1.3875E-03 -2.4791E-03 -2.5498E-03 -2.2316E-03 -1.1025E-10 -3.0646E-09 -7.4487E-08 -1.4117E-06 -1.7975E-05 -1.3555E-04 -5.4263E-04 -8.5206E-04  1.2917E-04  1.5896E-03
 -1.6985E-08 -1.6589E-07 -1.6263E-06 -1.4101E-05 -9.4696E-05 -4.4760E-04 -1.3640E-03 -2.3801E-03 -2.3985E-03 -2.0987E-03 -1.1189E-10 -3.1084E-09 -7.5406E-08 -1.4241E-06 -1.8031E-05 -1.3446E-04 -5.2580E-04 -7.7824E-04  2.0789E-04  1.5288E-03
 -1.7239E-08 -1.6815E-07 -1.6476E-06 -1.4255E-05 -9.5261E-05 -4.4647E-04 -1.3401E-03 -2.2840E-03 -2.2543E-03 -1.9728E-03 -1.1353E-10 -3.1509E-09 -7.6311E-08 -1.4368E-06 -1.8088E-05 -1.3329E-04 -5.0883E-04 -7.0810E-04  2.7294E-04  1.4538E-03
 -1.7480E-08 -1.7055E-07 -1.6688E-06 -1.4397E-05 -9.5799E-05 -4.4519E-04 -1.3155E-03 -2.1878E-03 -2.1185E-03 -1.8540E-03 -1.1516E-10 -3.1933E-09 -7.7216E-08 -1.4496E-06 -1.8130E-05 -1.3205E-04 -4.9186E-04 -6.4149E-04  3.2569E-04  1.3694E-03
 -1.7734E-08 -1.7296E-07 -1.6900E-06 -1.4538E-05 -9.6308E-05 -4.4364E-04 -1.2906E-03 -2.0959E-03 -1.9898E-03 -1.7423E-03 -1.1679E-10 -3.2357E-09 -7.8093E-08 -1.4609E-06 -1.8159E-05 -1.3072E-04 -4.7489E-04 -5.7855E-04  3.6727E-04  1.2766E-03
 -1.7989E-08 -1.7522E-07 -1.7098E-06 -1.4680E-05 -9.6775E-05 -4.4194E-04 -1.2652E-03 -2.0054E-03 -1.8696E-03 -1.6348E-03 -1.1841E-10 -3.2781E-09 -7.8984E-08 -1.4722E-06 -1.8187E-05 -1.2933E-04 -4.5792E-04 -5.1916E-04  3.9838E-04  1.1786E-03
 -1.8243E-08 -1.7763E-07 -1.7310E-06 -1.4821E-05 -9.7213E-05 -4.3996E-04 -1.2394E-03 -1.9163E-03 -1.7550E-03 -1.5344E-03 -1.2004E-10 -3.3206E-09 -7.9846E-08 -1.4835E-06 -1.8201E-05 -1.2786E-04 -4.4095E-04 -4.6330E-04  4.2045E-04  1.0778E-03
 -1.8498E-08 -1.7989E-07 -1.7508E-06 -1.4948E-05 -9.7623E-05 -4.3784E-04 -1.2134E-03 -1.8314E-03 -1.6476E-03 -1.4383E-03 -1.2165E-10 -3.3616E-09 -8.0695E-08 -1.4934E-06 -1.8201E-05 -1.2633E-04 -4.2412E-04 -4.1083E-04  4.3445E-04  9.7581E-04
 -1.8738E-08 -1.8229E-07 -1.7706E-06 -1.5090E-05 -9.7991E-05 -4.3544E-04 -1.1869E-03 -1.7480E-03 -1.5457E-03 -1.3473E-03 -1.2326E-10 -3.4040E-09 -8.1544E-08 -1.5033E-06 -1.8215E-05 -1.2473E-04 -4.0743E-04 -3.6190E-04  4.4123E-04  8.7469E-04
 -1.8993E-08 -1.8455E-07 -1.7918E-06 -1.5217E-05 -9.8330E-05 -4.3289E-04 -1.1605E-03 -1.6674E-03 -1.4510E-03 -1.2608E-03 -1.2488E-10 -3.4450E-09 -8.2378E-08 -1.5132E-06 -1.8201E-05 -1.2306E-04 -3.9075E-04 -3.1622E-04  4.4180E-04  7.7570E-04
 -1.9247E-08 -1.8682E-07 -1.8116E-06 -1.5344E-05 -9.8641E-05 -4.3020E-04 -1.1336E-03 -1.5896E-03 -1.3603E-03 -1.1785E-03 -1.2647E-10 -3.4860E-09 -8.3198E-08 -1.5231E-06 -1.8187E-05 -1.2135E-04 -3.7434E-04 -2.7379E-04  4.3713E-04  6.8010E-04
 -1.9488E-08 -1.8908E-07 -1.8300E-06 -1.5457E-05 -9.8924E-05 -4.2738E-04 -1.1068E-03 -1.5132E-03 -1.2753E-03 -1.1003E-03 -1.2807E-10 -3.5270E-09 -8.4004E-08 -1.5316E-06 -1.8173E-05 -1.1959E-04 -3.5822E-04 -2.3448E-04  4.2794E-04  5.8902E-04
 -1.9742E-08 -1.9134E-07 -1.8498E-06 -1.5585E-05 -9.9165E-05 -4.2426E-04 -1.0799E-03 -1.4411E-03 -1.1953E-03 -1.0262E-03 -1.2967E-10 -3.5666E-09 -8.4810E-08 -1.5415E-06 -1.8144E-05 -1.1776E-04 -3.4210E-04 -1.9813E-04  4.1507E-04  5.0318E-04
 -1.9983E-08 -1.9375E-07 -1.8696E-06 -1.5698E-05 -9.9377E-05 -4.2101E-04 -1.0529E-03 -1.3699E-03 -1.1196E-03 -9.5587E-04 -1.3127E-10 -3.6077E-09 -8.5602E-08 -1.5486E-06 -1.8102E-05 -1.1588E-04 -3.2640E-04 -1.6461E-04  3.9923E-04  4.2313E-04
 -2.0237E-08 -1.9601E-07 -1.8880E-06 -1.5811E-05 -9.9575E-05 -4.1762E-04 -1.0259E-03 -1.3019E-03 -1.0484E-03 -8.8926E-04 -1.3285E-10 -3.6473E-09 -8.6380E-08 -1.5570E-06 -1.8060E-05 -1.1397E-04 -3.1084E-04 -1.3395E-04  3.8099E-04  3.4945E-04
 -2.0478E-08 -1.9827E-07 -1.9064E-06 -1.5924E-05 -9.9716E-05 -4.1394E-04 -9.9886E-04 -1.2364E-03 -9.8118E-04 -8.2618E-04 -1.3444E-10 -3.6869E-09 -8.7144E-08 -1.5641E-06 -1.8017E-05 -1.1201E-04 -2.9557E-04 -1.0591E-04  3.6119E-04  2.8228E-04
 -2.0732E-08 -2.0039E-07 -1.9262E-06 -1.6023E-05 -9.9843E-05 -4.1026E-04 -9.7199E-04 -1.1734E-03 -9.1768E-04 -7.6665E-04 -1.3600E-10 -3.7265E-09 -8.7893E-08 -1.5712E-06 -1.7961E-05 -1.1000E-04 -2.8072E-04 -8.0370E-05  3.4012E-04  2.2175E-04
 -2.0973E-08 -2.0266E-07 -1.9445E-06 -1.6136E-05 -9.9928E-05 -4.0630E-04 -9.4512E-04 -1.1128E-03 -8.5800E-04 -7.1036E-04 -1.3759E-10 -3.7661E-09 -8.8629E-08 -1.5783E-06 -1.7890E-05 -1.0796E-04 -2.6601E-04 -5.7205E-05  3.1834E-04  1.6787E-04
 -2.1213E-08 -2.0492E-07 -1.9615E-06 -1.6235E-05 -9.9999E-05 -4.0234E-04 -9.1853E-04 -1.0546E-03 -8.0172E-04 -6.5733E-04 -1.3916E-10 -3.8042E-09 -8.9350E-08 -1.5839E-06 -1.7819E-05 -1.0588E-04 -2.5173E-04 -3.6275E-05  2.9628E-04  1.2065E-04
 -2.1468E-08 -2.0704E-07 -1.9799E-06 -1.6334E-05 -1.0003E-04 -3.9824E-04 -8.9194E-04 -9.9872E-04 -7.4854E-04 -6.0755E-04 -1.4071E-10 -3.8438E-09 -9.0071E-08 -1.5910E-06 -1.7748E-05 -1.0377E-04 -2.3773E-04 -1.7451E-05  2.7436E-04  7.9776E-05
 -2.1708E-08 -2.0930E-07 -1.9983E-06 -1.6433E-05 -1.0003E-04 -3.9386E-04 -8.6564E-04 -9.4512E-04 -6.9848E-04 -5.6059E-04 -1.4227E-10 -3.8820E-09 -9.0778E-08 -1.5966E-06 -1.7664E-05 -1.0163E-04 -2.2415E-04 -5.9963E-07  2.5272E-04  4.5043E-05
 -2.1963E-08 -2.1142E-07 -2.0153E-06 -1.6518E-05 -9.9999E-05 -3.8947E-04 -8.3962E-04 -8.9392E-04 -6.5125E-04 -5.1661E-04 -1.4383E-10 -3.9202E-09 -9.1471E-08 -1.6009E-06 -1.7565E-05 -9.9462E-05 -2.1086E-04  1.4411E-05  2.3193E-04  1.6122E-05
 -2.2203E-08 -2.1369E-07 -2.0336E-06 -1.6617E-05 -9.9942E-05 -3.8495E-04 -8.1374E-04 -8.4471E-04 -6.0684E-04 -4.7546E-04 -1.4538E-10 -3.9584E-09 -9.2150E-08 -1.6065E-06 -1.7480E-05 -9.7284E-05 -1.9785E-04  2.7733E-05  2.1185E-04 -7.3794E-06
 -2.2444E-08 -2.1581E-07 -2.0506E-06 -1.6702E-05 -9.9858E-05 -3.8028E-04 -7.8828E-04 -7.9776E-04 -5.6498E-04 -4.3699E-04 -1.4694E-10 -3.9952E-09 -9.2815E-08 -1.6108E-06 -1.7381E-05 -9.5063E-05 -1.8540E-04  3.9457E-05  1.9290E-04 -2.5852E-05
 -2.2684E-08 -2.1793E-07 -2.0676E-06 -1.6787E-05 -9.9744E-05 -3.7562E-04 -7.6311E-04 -7.5293E-04 -5.2552E-04 -4.0121E-04 -1.4849E-10 -4.0333E-09 -9.3465E-08 -1.6150E-06 -1.7268E-05 -9.2843E-05 -1.7324E-04  4.9724E-05  1.7522E-04 -3.9725E-05
 -2.2924E-08 -2.2019E-07 -2.0846E-06 -1.6857E-05 -9.9603E-05 -3.7067E-04 -7.3822E-04 -7.1008E-04 -4.8847E-04 -3.6770E-04 -1.5005E-10 -4.0701E-09 -9.4102E-08 -1.6179E-06 -1.7154E-05 -9.0595E-05 -1.6136E-04  5.8647E-05  1.5867E-04 -4.9441E-05
 -2.3165E-08 -2.2231E-07 -2.1015E-06 -1.6942E-05 -9.9433E-05 -3.6586E-04 -7.1361E-04 -6.6921E-04 -4.5354E-04 -3.3672E-04 -1.5160E-10 -4.1069E-09 -9.4738E-08 -1.6207E-06 -1.7027E-05 -8.8346E-05 -1.4991E-04  6.6341E-05  1.4354E-04 -5.5423E-05
 -2.3405E-08 -2.2444E-07 -2.1171E-06 -1.7013E-05 -9.9235E-05 -3.6077E-04 -6.8943E-04 -6.3017E-04 -4.2073E-04 -3.0773E-04 -1.5302E-10 -4.1436E-09 -9.5346E-08 -1.6235E-06 -1.6914E-05 -8.6083E-05 -1.3892E-04  7.2917E-05  1.2988E-04 -5.8138E-05
 -2.3660E-08 -2.2656E-07 -2.1340E-06 -1.7084E-05 -9.9009E-05 -3.5567E-04 -6.6567E-04 -5.9298E-04 -3.8990E-04 -2.8100E-04 -1.5457E-10 -4.1804E-09 -9.5954E-08 -1.6263E-06 -1.6773E-05 -8.3806E-05 -1.2827E-04  7.8489E-05  1.1756E-04 -5.8011E-05
 -2.3900E-08 -2.2868E-07 -2.1496E-06 -1.7154E-05 -9.8755E-05 -3.5044E-04 -6.4219E-04 -5.5748E-04 -3.6105E-04 -2.5626E-04 -1.5613E-10 -4.2158E-09 -9.6548E-08 -1.6292E-06 -1.6645E-05 -8.1529E-05 -1.1800E-04  8.3142E-05  1.0665E-04 -5.5423E-05
 -2.4126E-08 -2.3066E-07 -2.1652E-06 -1.7225E-05 -9.8486E-05 -3.4521E-04 -6.1928E-04 -5.2382E-04 -3.3390E-04 -2.3335E-04 -1.5754E-10 -4.2511E-09 -9.7128E-08 -1.6306E-06 -1.6504E-05 -7.9238E-05 -1.0813E-04  8.6974E-05  9.7072E-05 -5.0813E-05
 -2.4367E-08 -2.3278E-07 -2.1807E-06 -1.7282E-05 -9.8175E-05 -3.3998E-04 -5.9680E-04 -4.9172E-04 -3.0830E-04 -2.1227E-04 -1.5910E-10 -4.2865E-09 -9.7694E-08 -1.6320E-06 -1.6348E-05 -7.6962E-05 -9.8627E-05  9.0071E-05  8.8813E-05 -4.4505E-05
 -2.4607E-08 -2.3490E-07 -2.1963E-06 -1.7338E-05 -9.7849E-05 -3.3446E-04 -5.7459E-04 -4.6118E-04 -2.8440E-04 -1.9276E-04 -1.6065E-10 -4.3218E-09 -9.8245E-08 -1.6320E-06 -1.6207E-05 -7.4685E-05 -8.9506E-05  9.2518E-05  8.1812E-05 -3.6869E-05
 -2.4848E-08 -2.3688E-07 -2.2118E-06 -1.7395E-05 -9.7496E-05 -3.2909E-04 -5.5296E-04 -4.3233E-04 -2.6205E-04 -1.7494E-04 -1.6207E-10 -4.3572E-09 -9.8783E-08 -1.6334E-06 -1.6051E-05 -7.2408E-05 -8.0752E-05  9.4385E-05  7.5986E-05 -2.8199E-05
 -2.5088E-08 -2.3900E-07 -2.2260E-06 -1.7451E-05 -9.7114E-05 -3.2357E-04 -5.3174E-04 -4.0475E-04 -2.4098E-04 -1.5839E-04 -1.6362E-10 -4.3911E-09 -9.9306E-08 -1.6334E-06 -1.5882E-05 -7.0145E-05 -7.2379E-05  9.5756E-05  7.1262E-05 -1.8795E-05
 -2.5329E-08 -2.4098E-07 -2.2415E-06 -1.7508E-05 -9.6718E-05 -3.1806E-04 -5.1096E-04 -3.7858E-04 -2.2132E-04 -1.4326E-04 -1.6504E-10 -4.4265E-09 -9.9815E-08 -1.6334E-06 -1.5726E-05 -6.7882E-05 -6.4361E-05  9.6676E-05  6.7571E-05 -8.9124E-06
