  4.1719E-11  4.1719E-11  2.4013E-10  1.4496E-09  8.8219E-09  5.0799E-08  2.5937E-07  1.1345E-06  4.2978E-06  1.4383E-05  4.2412E-05  1.0554E-04  2.0902E-04  3.2979E-04  4.3628E-04  5.1308E-04
  2.1270E-09  2.1270E-09  1.2247E-08  7.3963E-08  4.4986E-07  2.5908E-06  1.3226E-05  5.7855E-05  2.1906E-04  7.3313E-04  2.1623E-03  5.3783E-03  1.0648E-02  1.6801E-02  2.2217E-02  2.6121E-02
  4.2129E-09  4.2129E-09  2.4254E-08  1.4651E-07  8.9095E-07  5.1294E-06  2.6191E-05  1.1454E-04  4.3374E-04  1.4510E-03  4.2738E-03  1.0626E-02  2.1015E-02  3.3149E-02  4.3841E-02  5.1534E-02
  6.2989E-09  6.2989E-09  3.6260E-08  2.1892E-07  1.3319E-06  7.6665E-06  3.9131E-05  1.7112E-04  6.4785E-04  2.1652E-03  6.3724E-03  1.5825E-02  3.1268E-02  4.9257E-02  6.5110E-02  7.6509E-02
  8.3849E-09  8.3849E-09  4.8267E-08  2.9147E-07  1.7720E-06  1.0202E-05  5.2071E-05  2.2755E-04  8.6111E-04  2.8751E-03  8.4513E-03  2.0945E-02  4.1323E-02  6.5026E-02  8.5885E-02  1.0086E-01
  1.0469E-08  1.0469E-08  6.0260E-08  3.6388E-07  2.2132E-06  1.2735E-05  6.4983E-05  2.8397E-04  1.0734E-03  3.5794E-03  1.0503E-02  2.5979E-02  5.1138E-02  8.0327E-02  1.0600E-01  1.2441E-01
  1.2555E-08  1.2555E-08  7.2266E-08  4.3628E-07  2.6531E-06  1.5259E-05  7.7867E-05  3.4012E-04  1.2845E-03  4.2780E-03  1.2523E-02  3.0886E-02  6.0641E-02  9.5078E-02  1.2529E-01  1.4694E-01
  1.4637E-08  1.4637E-08  8.4259E-08  5.0869E-07  3.0929E-06  1.7791E-05  9.0708E-05  3.9598E-04  1.4934E-03  4.9667E-03  1.4496E-02  3.5652E-02  6.9791E-02  1.0916E-01  1.4368E-01  1.6829E-01
  1.6730E-08  1.6730E-08  9.6251E-08  5.8110E-07  3.5327E-06  2.0308E-05  1.0352E-04  4.5156E-04  1.7013E-03  5.6470E-03  1.6433E-02  4.0249E-02  7.8517E-02  1.2250E-01  1.6094E-01  1.8837E-01
  1.8809E-08  1.8809E-08  1.0824E-07  6.5337E-07  3.9711E-06  2.2825E-05  1.1629E-04  5.0685E-04  1.9078E-03  6.3159E-03  1.8314E-02  4.4675E-02  8.6804E-02  1.3501E-01  1.7706E-01  2.0690E-01
  2.0888E-08  2.0888E-08  1.2022E-07  7.2563E-07  4.4095E-06  2.5343E-05  1.2902E-04  5.6173E-04  2.1114E-03  6.9721E-03  2.0153E-02  4.8889E-02  9.4583E-02  1.4665E-01  1.9177E-01  2.2387E-01
  2.2981E-08  2.2981E-08  1.3220E-07  7.9790E-07  4.8465E-06  2.7846E-05  1.4170E-04  6.1631E-04  2.3122E-03  7.6155E-03  2.1920E-02  5.2892E-02  1.0182E-01  1.5726E-01  2.0520E-01  2.3928E-01
  2.5060E-08  2.5060E-08  1.4411E-07  8.7002E-07  5.2835E-06  3.0349E-05  1.5429E-04  6.7048E-04  2.5116E-03  8.2449E-03  2.3617E-02  5.6668E-02  1.0848E-01  1.6688E-01  2.1722E-01  2.5272E-01
  2.7139E-08  2.7139E-08  1.5613E-07  9.4201E-07  5.7205E-06  3.2838E-05  1.6688E-04  7.2408E-04  2.7068E-03  8.8586E-03  2.5244E-02  6.0203E-02  1.1457E-01  1.7550E-01  2.2755E-01  2.6446E-01
  2.9218E-08  2.9218E-08  1.6815E-07  1.0140E-06  6.1561E-06  3.5313E-05  1.7932E-04  7.7725E-04  2.8991E-03  9.4540E-03  2.6799E-02  6.3470E-02  1.2002E-01  1.8286E-01  2.3646E-01  2.7422E-01
  3.1297E-08  3.1297E-08  1.8003E-07  1.0860E-06  6.5902E-06  3.7788E-05  1.9177E-04  8.2986E-04  3.0886E-03  1.0034E-02  2.8270E-02  6.6468E-02  1.2483E-01  1.8922E-01  2.4381E-01  2.8214E-01
  3.3390E-08  3.3390E-08  1.9205E-07  1.1578E-06  7.0244E-06  4.0249E-05  2.0407E-04  8.8190E-04  3.2739E-03  1.0594E-02  2.9656E-02  6.9197E-02  1.2900E-01  1.9445E-01  2.4961E-01  2.8822E-01
  3.5468E-08  3.5468E-08  2.0393E-07  1.2295E-06  7.4571E-06  4.2709E-05  2.1623E-04  9.3338E-04  3.4563E-03  1.1136E-02  3.0971E-02  7.1658E-02  1.3253E-01  1.9856E-01  2.5385E-01  2.9232E-01
  3.7547E-08  3.7547E-08  2.1595E-07  1.3012E-06  7.8885E-06  4.5156E-05  2.2840E-04  9.8429E-04  3.6345E-03  1.1656E-02  3.2188E-02  7.3822E-02  1.3538E-01  2.0153E-01  2.5654E-01  2.9458E-01
  3.9626E-08  3.9626E-08  2.2783E-07  1.3728E-06  8.3184E-06  4.7588E-05  2.4042E-04  1.0344E-03  3.8085E-03  1.2155E-02  3.3319E-02  7.5703E-02  1.3759E-01  2.0336E-01  2.5781E-01  2.9515E-01
  4.1691E-08  4.1691E-08  2.3971E-07  1.4439E-06  8.7483E-06  5.0007E-05  2.5244E-04  1.0839E-03  3.9782E-03  1.2633E-02  3.4365E-02  7.7287E-02  1.3916E-01  2.0421E-01  2.5753E-01  2.9401E-01
  4.3770E-08  4.3770E-08  2.5159E-07  1.5160E-06  9.1754E-06  5.2411E-05  2.6432E-04  1.1325E-03  4.1436E-03  1.3089E-02  3.5299E-02  7.8602E-02  1.4011E-01  2.0407E-01  2.5583E-01  2.9119E-01
  4.5849E-08  4.5849E-08  2.6347E-07  1.5867E-06  9.6025E-06  5.4815E-05  2.7605E-04  1.1804E-03  4.3049E-03  1.3521E-02  3.6161E-02  7.9620E-02  1.4045E-01  2.0280E-01  2.5300E-01  2.8694E-01
  4.7928E-08  4.7928E-08  2.7535E-07  1.6575E-06  1.0028E-05  5.7191E-05  2.8765E-04  1.2275E-03  4.4604E-03  1.3930E-02  3.6925E-02  8.0370E-02  1.4021E-01  2.0068E-01  2.4890E-01  2.8129E-01
  4.9992E-08  4.9992E-08  2.8723E-07  1.7282E-06  1.0452E-05  5.9553E-05  2.9911E-04  1.2739E-03  4.6118E-03  1.4312E-02  3.7590E-02  8.0851E-02  1.3940E-01  1.9771E-01  2.4367E-01  2.7436E-01
  5.2071E-08  5.2071E-08  2.9911E-07  1.8003E-06  1.0875E-05  6.1914E-05  3.1056E-04  1.3193E-03  4.7588E-03  1.4680E-02  3.8155E-02  8.1063E-02  1.3807E-01  1.9389E-01  2.3745E-01  2.6615E-01
  5.4136E-08  5.4136E-08  3.1099E-07  1.8710E-06  1.1295E-05  6.4248E-05  3.2173E-04  1.3640E-03  4.9002E-03  1.5005E-02  3.8636E-02  8.1034E-02  1.3625E-01  1.8950E-01  2.3023E-01  2.5710E-01
  5.6215E-08  5.6215E-08  3.2286E-07  1.9403E-06  1.1715E-05  6.6567E-05  3.3291E-04  1.4076E-03  5.0360E-03  1.5330E-02  3.9018E-02  8.0752E-02  1.3397E-01  1.8427E-01  2.2231E-01  2.4706E-01
  5.8280E-08  5.8280E-08  3.3460E-07  2.0110E-06  1.2133E-05  6.8872E-05  3.4380E-04  1.4510E-03  5.1661E-03  1.5613E-02  3.9329E-02  8.0242E-02  1.3128E-01  1.7862E-01  2.1369E-01  2.3632E-01
  6.0344E-08  6.0344E-08  3.4648E-07  2.0817E-06  1.2548E-05  7.1163E-05  3.5468E-04  1.4920E-03  5.2920E-03  1.5867E-02  3.9527E-02  7.9507E-02  1.2820E-01  1.7239E-01  2.0464E-01  2.2500E-01
  6.2409E-08  6.2409E-08  3.5822E-07  2.1510E-06  1.2963E-05  7.3440E-05  3.6543E-04  1.5330E-03  5.4108E-03  1.6108E-02  3.9655E-02  7.8574E-02  1.2479E-01  1.6560E-01  1.9502E-01  2.1326E-01
  6.4474E-08  6.4474E-08  3.6996E-07  2.2217E-06  1.3376E-05  7.5689E-05  3.7590E-04  1.5726E-03  5.5253E-03  1.6320E-02  3.9697E-02  7.7442E-02  1.2107E-01  1.5867E-01  1.8498E-01  2.0124E-01
  6.6539E-08  6.6539E-08  3.8170E-07  2.2910E-06  1.3787E-05  7.7937E-05  3.8636E-04  1.6122E-03  5.6342E-03  1.6504E-02  3.9655E-02  7.6141E-02  1.1710E-01  1.5132E-01  1.7480E-01  1.8894E-01
  6.8603E-08  6.8603E-08  3.9358E-07  2.3603E-06  1.4199E-05  8.0143E-05  3.9669E-04  1.6490E-03  5.7361E-03  1.6674E-02  3.9541E-02  7.4670E-02  1.1291E-01  1.4383E-01  1.6447E-01  1.7664E-01
  7.0668E-08  7.0668E-08  4.0517E-07  2.4296E-06  1.4609E-05  8.2350E-05  4.0673E-04  1.6857E-03  5.8336E-03  1.6801E-02  3.9358E-02  7.3058E-02  1.0856E-01  1.3627E-01  1.5401E-01  1.6433E-01
  7.2719E-08  7.2719E-08  4.1691E-07  2.4989E-06  1.5005E-05  8.4528E-05  4.1663E-04  1.7211E-03  5.9256E-03  1.6914E-02  3.9089E-02  7.1319E-02  1.0404E-01  1.2861E-01  1.4368E-01  1.5217E-01
  7.4784E-08  7.4784E-08  4.2865E-07  2.5682E-06  1.5415E-05  8.6677E-05  4.2639E-04  1.7565E-03  6.0104E-03  1.7013E-02  3.8764E-02  6.9466E-02  9.9447E-02  1.2093E-01  1.3354E-01  1.4023E-01
  7.6834E-08  7.6834E-08  4.4039E-07  2.6375E-06  1.5811E-05  8.8813E-05  4.3600E-04  1.7890E-03  6.0896E-03  1.7070E-02  3.8368E-02  6.7500E-02  9.4781E-02  1.1332E-01  1.2355E-01  1.2865E-01
  7.8885E-08  7.8885E-08  4.5198E-07  2.7054E-06  1.6207E-05  9.0934E-05  4.4548E-04  1.8215E-03  6.1631E-03  1.7112E-02  3.7915E-02  6.5464E-02  9.0100E-02  1.0581E-01  1.1383E-01  1.1748E-01
  8.0935E-08  8.0935E-08  4.6358E-07  2.7747E-06  1.6603E-05  9.3027E-05  4.5467E-04  1.8526E-03  6.2310E-03  1.7140E-02  3.7406E-02  6.3357E-02  8.5404E-02  9.8486E-02  1.0445E-01  1.0677E-01
  8.3000E-08  8.3000E-08  4.7532E-07  2.8426E-06  1.6999E-05  9.5092E-05  4.6372E-04  1.8823E-03  6.2933E-03  1.7140E-02  3.6840E-02  6.1179E-02  8.0752E-02  9.1344E-02  9.5459E-02  9.6591E-02
  8.5037E-08  8.5037E-08  4.8691E-07  2.9105E-06  1.7395E-05  9.7142E-05  4.7263E-04  1.9120E-03  6.3498E-03  1.7112E-02  3.6232E-02  5.8973E-02  7.6170E-02  8.4457E-02  8.6889E-02  8.6974E-02
  8.7087E-08  8.7087E-08  4.9851E-07  2.9783E-06  1.7777E-05  9.9165E-05  4.8126E-04  1.9389E-03  6.4007E-03  1.7070E-02  3.5582E-02  5.6738E-02  7.1658E-02  7.7838E-02  7.8772E-02  7.7951E-02
  8.9138E-08  8.9138E-08  5.0997E-07  3.0462E-06  1.8159E-05  1.0117E-04  4.8974E-04  1.9658E-03  6.4446E-03  1.7013E-02  3.4889E-02  5.4490E-02  6.7260E-02  7.1531E-02  7.1149E-02  6.9551E-02
  9.1174E-08  9.1174E-08  5.2156E-07  3.1127E-06  1.8554E-05  1.0315E-04  4.9809E-04  1.9912E-03  6.4842E-03  1.6928E-02  3.4153E-02  5.2241E-02  6.3003E-02  6.5549E-02  6.4036E-02  6.1787E-02
  9.3225E-08  9.3225E-08  5.3302E-07  3.1806E-06  1.8936E-05  1.0510E-04  5.0629E-04  2.0153E-03  6.5167E-03  1.6829E-02  3.3390E-02  4.9992E-02  5.8888E-02  5.9892E-02  5.7417E-02  5.4659E-02
  9.5261E-08  9.5261E-08  5.4461E-07  3.2470E-06  1.9304E-05  1.0703E-04  5.1421E-04  2.0379E-03  6.5450E-03  1.6702E-02  3.2612E-02  4.7758E-02  5.4914E-02  5.4589E-02  5.1336E-02  4.8168E-02
  9.7298E-08  9.7298E-08  5.5607E-07  3.3135E-06  1.9686E-05  1.0892E-04  5.2184E-04  2.0591E-03  6.5676E-03  1.6560E-02  3.1792E-02  4.5552E-02  5.1124E-02  4.9653E-02  4.5764E-02  4.2299E-02
  9.9334E-08  9.9334E-08  5.6752E-07  3.3800E-06  2.0054E-05  1.1080E-04  5.2948E-04  2.0803E-03  6.5832E-03  1.6419E-02  3.0957E-02  4.3388E-02  4.7518E-02  4.5071E-02  4.0701E-02  3.7038E-02
  1.0137E-07  1.0137E-07  5.7898E-07  3.4464E-06  2.0435E-05  1.1266E-04  5.3669E-04  2.0987E-03  6.5945E-03  1.6249E-02  3.0109E-02  4.1267E-02  4.4095E-02  4.0842E-02  3.6133E-02  3.2357E-02
  1.0339E-07  1.0339E-07  5.9029E-07  3.5115E-06  2.0803E-05  1.1448E-04  5.4391E-04  2.1171E-03  6.6015E-03  1.6065E-02  2.9246E-02  3.9188E-02  4.0871E-02  3.6968E-02  3.2032E-02  2.8242E-02
  1.0543E-07  1.0543E-07  6.0175E-07  3.5765E-06  2.1157E-05  1.1628E-04  5.5084E-04  2.1340E-03  6.6015E-03  1.5867E-02  2.8369E-02  3.7166E-02  3.7830E-02  3.3432E-02  2.8397E-02  2.4650E-02
  1.0745E-07  1.0745E-07  6.1306E-07  3.6430E-06  2.1524E-05  1.1804E-04  5.5748E-04  2.1496E-03  6.5973E-03  1.5655E-02  2.7492E-02  3.5200E-02  3.4988E-02  3.0236E-02  2.5201E-02  2.1553E-02
  1.0947E-07  1.0947E-07  6.2438E-07  3.7067E-06  2.1878E-05  1.1980E-04  5.6399E-04  2.1637E-03  6.5874E-03  1.5429E-02  2.6601E-02  3.3319E-02  3.2329E-02  2.7351E-02  2.2401E-02  1.8908E-02
  1.1150E-07  1.1150E-07  6.3569E-07  3.7717E-06  2.2246E-05  1.2151E-04  5.7035E-04  2.1779E-03  6.5733E-03  1.5203E-02  2.5725E-02  3.1480E-02  2.9868E-02  2.4763E-02  1.9969E-02  1.6688E-02
  1.1352E-07  1.1352E-07  6.4700E-07  3.8368E-06  2.2599E-05  1.2319E-04  5.7643E-04  2.1892E-03  6.5549E-03  1.4962E-02  2.4834E-02  2.9727E-02  2.7591E-02  2.2472E-02  1.7904E-02  1.4835E-02
  1.1554E-07  1.1554E-07  6.5832E-07  3.9004E-06  2.2939E-05  1.2485E-04  5.8237E-04  2.2005E-03  6.5308E-03  1.4708E-02  2.3957E-02  2.8044E-02  2.5484E-02  2.0435E-02  1.6136E-02  1.3333E-02
  1.1755E-07  1.1755E-07  6.6949E-07  3.9640E-06  2.3292E-05  1.2649E-04  5.8803E-04  2.2104E-03  6.5026E-03  1.4439E-02  2.3094E-02  2.6432E-02  2.3547E-02  1.8653E-02  1.4665E-02  1.2130E-02
  1.1956E-07  1.1956E-07  6.8066E-07  4.0277E-06  2.3632E-05  1.2809E-04  5.9340E-04  2.2189E-03  6.4700E-03  1.4170E-02  2.2217E-02  2.4904E-02  2.1779E-02  1.7084E-02  1.3442E-02  1.1192E-02
  1.2157E-07  1.2157E-07  6.9183E-07  4.0913E-06  2.3971E-05  1.2966E-04  5.9864E-04  2.2260E-03  6.4333E-03  1.3893E-02  2.1369E-02  2.3434E-02  2.0167E-02  1.5726E-02  1.2445E-02  1.0479E-02
  1.2357E-07  1.2357E-07  7.0301E-07  4.1535E-06  2.4310E-05  1.3120E-04  6.0373E-04  2.2316E-03  6.3922E-03  1.3609E-02  2.0534E-02  2.2048E-02  1.8696E-02  1.4552E-02  1.1642E-02  9.9603E-03
  1.2558E-07  1.2558E-07  7.1418E-07  4.2172E-06  2.4650E-05  1.3271E-04  6.0854E-04  2.2373E-03  6.3470E-03  1.3319E-02  1.9700E-02  2.0732E-02  1.7352E-02  1.3547E-02  1.1005E-02  9.6025E-03
  1.2759E-07  1.2759E-07  7.2521E-07  4.2794E-06  2.4975E-05  1.3419E-04  6.1306E-04  2.2401E-03  6.2989E-03  1.3025E-02  1.8894E-02  1.9488E-02  1.6136E-02  1.2683E-02  1.0510E-02  9.3720E-03
  1.2958E-07  1.2958E-07  7.3624E-07  4.3402E-06  2.5300E-05  1.3565E-04  6.1745E-04  2.2429E-03  6.2466E-03  1.2727E-02  1.8102E-02  1.8314E-02  1.5047E-02  1.1944E-02  1.0130E-02  9.2419E-03
  1.3158E-07  1.3158E-07  7.4727E-07  4.4024E-06  2.5626E-05  1.3707E-04  6.2155E-04  2.2458E-03  6.1900E-03  1.2424E-02  1.7324E-02  1.7197E-02  1.4052E-02  1.1317E-02  9.8429E-03  9.1881E-03
  1.3357E-07  1.3357E-07  7.5830E-07  4.4633E-06  2.5951E-05  1.3845E-04  6.2551E-04  2.2458E-03  6.1306E-03  1.2118E-02  1.6560E-02  1.6164E-02  1.3155E-02  1.0779E-02  9.6280E-03  9.1881E-03
  1.3557E-07  1.3557E-07  7.6933E-07  4.5241E-06  2.6262E-05  1.3981E-04  6.2918E-04  2.2458E-03  6.0684E-03  1.1812E-02  1.5825E-02  1.5175E-02  1.2345E-02  1.0320E-02  9.4667E-03  9.2193E-03
  1.3755E-07  1.3755E-07  7.8022E-07  4.5849E-06  2.6587E-05  1.4114E-04  6.3272E-04  2.2429E-03  6.0019E-03  1.1502E-02  1.5104E-02  1.4255E-02  1.1612E-02  9.9221E-03  9.3423E-03  9.2659E-03
  1.3953E-07  1.3953E-07  7.9111E-07  4.6457E-06  2.6884E-05  1.4241E-04  6.3597E-04  2.2401E-03  5.9326E-03  1.1192E-02  1.4411E-02  1.3393E-02  1.0947E-02  9.5756E-03  9.2405E-03  9.3112E-03
  1.4156E-07  1.4156E-07  8.0200E-07  4.7051E-06  2.7195E-05  1.4368E-04  6.3908E-04  2.2373E-03  5.8619E-03  1.0882E-02  1.3739E-02  1.2581E-02  1.0344E-02  9.2659E-03  9.1485E-03  9.3465E-03
  1.4354E-07  1.4354E-07  8.1289E-07  4.7645E-06  2.7506E-05  1.4496E-04  6.4191E-04  2.2316E-03  5.7870E-03  1.0573E-02  1.3086E-02  1.1820E-02  9.7920E-03  8.9859E-03  9.0552E-03  9.3579E-03
  1.4552E-07  1.4552E-07  8.2364E-07  4.8239E-06  2.7803E-05  1.4609E-04  6.4460E-04  2.2260E-03  5.7106E-03  1.0264E-02  1.2454E-02  1.1107E-02  9.2857E-03  8.7243E-03  8.9520E-03  9.3381E-03
  1.4750E-07  1.4750E-07  8.3439E-07  4.8833E-06  2.8100E-05  1.4736E-04  6.4700E-04  2.2203E-03  5.6314E-03  9.9561E-03  1.1844E-02  1.0438E-02  8.8190E-03  8.4740E-03  8.8332E-03  9.2829E-03
  1.4934E-07  1.4934E-07  8.4513E-07  4.9413E-06  2.8383E-05  1.4849E-04  6.4927E-04  2.2118E-03  5.5508E-03  9.6506E-03  1.1256E-02  9.8118E-03  8.3863E-03  8.2293E-03  8.6932E-03  9.1881E-03
  1.5132E-07  1.5132E-07  8.5588E-07  4.9992E-06  2.8680E-05  1.4962E-04  6.5125E-04  2.2033E-03  5.4673E-03  9.3480E-03  1.0689E-02  9.2235E-03  7.9804E-03  7.9861E-03  8.5277E-03  9.0510E-03
  1.5330E-07  1.5330E-07  8.6649E-07  5.0572E-06  2.8963E-05  1.5061E-04  6.5308E-04  2.1934E-03  5.3811E-03  9.0467E-03  1.0144E-02  8.6720E-03  7.5986E-03  7.7372E-03  8.3340E-03  8.8699E-03
  1.5528E-07  1.5528E-07  8.7724E-07  5.1152E-06  2.9246E-05  1.5175E-04  6.5464E-04  2.1835E-03  5.2948E-03  8.7497E-03  9.6195E-03  8.1544E-03  7.2365E-03  7.4826E-03  8.1119E-03  8.6465E-03
  1.5726E-07  1.5726E-07  8.8784E-07  5.1718E-06  2.9515E-05  1.5274E-04  6.5591E-04  2.1722E-03  5.2057E-03  8.4556E-03  9.1174E-03  7.6679E-03  6.8900E-03  7.2181E-03  7.8602E-03  8.3835E-03
  1.5924E-07  1.5924E-07  8.9845E-07  5.2283E-06  2.9797E-05  1.5373E-04  6.5719E-04  2.1595E-03  5.1166E-03  8.1657E-03  8.6338E-03  7.2097E-03  6.5577E-03  6.9438E-03  7.5816E-03  8.0808E-03
  1.6122E-07  1.6122E-07  9.0892E-07  5.2849E-06  3.0066E-05  1.5457E-04  6.5803E-04  2.1468E-03  5.0247E-03  7.8800E-03  8.1713E-03  6.7769E-03  6.2339E-03  6.6581E-03  7.2761E-03  7.7428E-03
  1.6306E-07  1.6306E-07  9.1938E-07  5.3401E-06  3.0321E-05  1.5556E-04  6.5888E-04  2.1326E-03  4.9328E-03  7.5986E-03  7.7287E-03  6.3710E-03  5.9199E-03  6.3625E-03  6.9466E-03  7.3751E-03
  1.6504E-07  1.6504E-07  9.2985E-07  5.3966E-06  3.0589E-05  1.5641E-04  6.5945E-04  2.1185E-03  4.8380E-03  7.3228E-03  7.3058E-03  5.9864E-03  5.6130E-03  6.0557E-03  6.5959E-03  6.9806E-03
  1.6702E-07  1.6702E-07  9.4031E-07  5.4518E-06  3.0844E-05  1.5726E-04  6.5973E-04  2.1029E-03  4.7447E-03  7.0499E-03  6.8999E-03  5.6215E-03  5.3118E-03  5.7389E-03  6.2268E-03  6.5634E-03
  1.6886E-07  1.6886E-07  9.5063E-07  5.5055E-06  3.1099E-05  1.5811E-04  6.5987E-04  2.0874E-03  4.6485E-03  6.7840E-03  6.5139E-03  5.2778E-03  5.0162E-03  5.4150E-03  5.8435E-03  6.1292E-03
  1.7084E-07  1.7084E-07  9.6096E-07  5.5607E-06  3.1353E-05  1.5882E-04  6.5987E-04  2.0704E-03  4.5538E-03  6.5224E-03  6.1448E-03  4.9512E-03  4.7249E-03  5.0841E-03  5.4504E-03  5.6837E-03
  1.7282E-07  1.7282E-07  9.7128E-07  5.6144E-06  3.1594E-05  1.5952E-04  6.5959E-04  2.0534E-03  4.4562E-03  6.2678E-03  5.7926E-03  4.6414E-03  4.4392E-03  4.7503E-03  5.0487E-03  5.2298E-03
  1.7466E-07  1.7466E-07  9.8161E-07  5.6668E-06  3.1834E-05  1.6023E-04  6.5916E-04  2.0351E-03  4.3600E-03  6.0175E-03  5.4560E-03  4.3459E-03  4.1578E-03  4.4123E-03  4.6429E-03  4.7730E-03
  1.7664E-07  1.7664E-07  9.9179E-07  5.7205E-06  3.2074E-05  1.6094E-04  6.5860E-04  2.0167E-03  4.2624E-03  5.7728E-03  5.1364E-03  4.0659E-03  3.8806E-03  4.0758E-03  4.2370E-03  4.3176E-03
  1.7847E-07  1.7847E-07  1.0020E-06  5.7728E-06  3.2301E-05  1.6164E-04  6.5775E-04  1.9969E-03  4.1663E-03  5.5352E-03  4.8310E-03  3.7986E-03  3.6077E-03  3.7406E-03  3.8353E-03  3.8679E-03
  1.8045E-07  1.8045E-07  1.0122E-06  5.8251E-06  3.2541E-05  1.6221E-04  6.5676E-04  1.9771E-03  4.0687E-03  5.3033E-03  4.5410E-03  3.5440E-03  3.3418E-03  3.4097E-03  3.4394E-03  3.4281E-03
  1.8243E-07  1.8243E-07  1.0223E-06  5.8775E-06  3.2767E-05  1.6278E-04  6.5563E-04  1.9559E-03  3.9711E-03  5.0770E-03  4.2653E-03  3.3022E-03  3.0816E-03  3.0858E-03  3.0533E-03  3.0010E-03
  1.8427E-07  1.8427E-07  1.0324E-06  5.9284E-06  3.2979E-05  1.6334E-04  6.5422E-04  1.9346E-03  3.8749E-03  4.8564E-03  4.0036E-03  3.0703E-03  2.8284E-03  2.7690E-03  2.6799E-03  2.5894E-03
  1.8611E-07  1.8611E-07  1.0423E-06  5.9793E-06  3.3206E-05  1.6391E-04  6.5266E-04  1.9134E-03  3.7774E-03  4.6429E-03  3.7547E-03  2.8496E-03  2.5838E-03  2.4621E-03  2.3207E-03  2.1963E-03
  1.8809E-07  1.8809E-07  1.0523E-06  6.0302E-06  3.3418E-05  1.6433E-04  6.5096E-04  1.8908E-03  3.6812E-03  4.4350E-03  3.5171E-03  2.6403E-03  2.3462E-03  2.1666E-03  1.9785E-03  1.8243E-03
  1.8993E-07  1.8993E-07  1.0622E-06  6.0797E-06  3.3616E-05  1.6490E-04  6.4912E-04  1.8682E-03  3.5850E-03  4.2342E-03  3.2923E-03  2.4395E-03  2.1171E-03  1.8837E-03  1.6546E-03  1.4764E-03
  1.9191E-07  1.9191E-07  1.0721E-06  6.1292E-06  3.3828E-05  1.6532E-04  6.4700E-04  1.8455E-03  3.4903E-03  4.0390E-03  3.0787E-03  2.2500E-03  1.8979E-03  1.6164E-03  1.3500E-03  1.1512E-03
  1.9375E-07  1.9375E-07  1.0820E-06  6.1787E-06  3.4026E-05  1.6560E-04  6.4474E-04  1.8215E-03  3.3955E-03  3.8495E-03  2.8765E-03  2.0690E-03  1.6900E-03  1.3632E-03  1.0667E-03  8.5136E-04
  1.9559E-07  1.9559E-07  1.0919E-06  6.2268E-06  3.4224E-05  1.6603E-04  6.4234E-04  1.7975E-03  3.3008E-03  3.6656E-03  2.6856E-03  1.8965E-03  1.4906E-03  1.1264E-03  8.0539E-04  5.7742E-04
  1.9757E-07  1.9757E-07  1.1017E-06  6.2749E-06  3.4408E-05  1.6631E-04  6.3979E-04  1.7734E-03  3.2074E-03  3.4889E-03  2.5032E-03  1.7338E-03  1.3028E-03  9.0623E-04  5.6639E-04  3.2965E-04
  1.9940E-07  1.9940E-07  1.1114E-06  6.3229E-06  3.4606E-05  1.6659E-04  6.3710E-04  1.7494E-03  3.1155E-03  3.3177E-03  2.3320E-03  1.5783E-03  1.1261E-03  7.0329E-04  3.4974E-04  1.0800E-04
