 -6.1476E-12 -6.4234E-11 -6.8123E-10 -6.5577E-09 -5.1520E-08 -3.1537E-07 -1.5486E-06 -6.4191E-06 -2.2656E-05 -6.4290E-05
 -3.1353E-10 -3.2753E-09 -3.4747E-08 -3.3446E-07 -2.6276E-06 -1.6080E-05 -7.8984E-05 -3.2725E-04 -1.1543E-03 -3.2739E-03
 -6.2084E-10 -6.4870E-09 -6.8801E-08 -6.6228E-07 -5.2029E-06 -3.1834E-05 -1.5627E-04 -6.4700E-04 -2.2797E-03 -6.4545E-03
 -9.2815E-10 -9.6987E-09 -1.0286E-07 -9.8995E-07 -7.7753E-06 -4.7560E-05 -2.3335E-04 -9.6492E-04 -3.3927E-03 -9.5756E-03
 -1.2355E-09 -1.2909E-08 -1.3690E-07 -1.3173E-06 -1.0345E-05 -6.3258E-05 -3.1014E-04 -1.2801E-03 -4.4873E-03 -1.2611E-02
 -1.5429E-09 -1.6122E-08 -1.7098E-07 -1.6447E-06 -1.2910E-05 -7.8899E-05 -3.8636E-04 -1.5910E-03 -5.5579E-03 -1.5528E-02
 -1.8498E-09 -1.9332E-08 -2.0492E-07 -1.9714E-06 -1.5471E-05 -9.4469E-05 -4.6202E-04 -1.8979E-03 -6.5987E-03 -1.8314E-02
 -2.1567E-09 -2.2543E-08 -2.3886E-07 -2.2981E-06 -1.8017E-05 -1.0998E-04 -5.3712E-04 -2.2005E-03 -7.6056E-03 -2.0945E-02
 -2.4650E-09 -2.5739E-08 -2.7280E-07 -2.6234E-06 -2.0563E-05 -1.2540E-04 -6.1122E-04 -2.4947E-03 -8.5715E-03 -2.3391E-02
 -2.7719E-09 -2.8949E-08 -3.0674E-07 -2.9486E-06 -2.3108E-05 -1.4071E-04 -6.8462E-04 -2.7832E-03 -9.4936E-03 -2.5640E-02
 -3.0787E-09 -3.2159E-08 -3.4068E-07 -3.2739E-06 -2.5640E-05 -1.5599E-04 -7.5689E-04 -3.0632E-03 -1.0366E-02 -2.7690E-02
 -3.3856E-09 -3.5355E-08 -3.7448E-07 -3.5978E-06 -2.8157E-05 -1.7098E-04 -8.2802E-04 -3.3347E-03 -1.1188E-02 -2.9500E-02
 -3.6925E-09 -3.8551E-08 -4.0828E-07 -3.9202E-06 -3.0660E-05 -1.8597E-04 -8.9788E-04 -3.5978E-03 -1.1953E-02 -3.1084E-02
 -3.9994E-09 -4.1762E-08 -4.4208E-07 -4.2426E-06 -3.3149E-05 -2.0082E-04 -9.6661E-04 -3.8495E-03 -1.2660E-02 -3.2442E-02
 -4.3063E-09 -4.4958E-08 -4.7588E-07 -4.5637E-06 -3.5624E-05 -2.1538E-04 -1.0338E-03 -4.0913E-03 -1.3306E-02 -3.3545E-02
 -4.6118E-09 -4.8140E-08 -5.0954E-07 -4.8847E-06 -3.8085E-05 -2.2995E-04 -1.0994E-03 -4.3233E-03 -1.3890E-02 -3.4422E-02
 -4.9186E-09 -5.1336E-08 -5.4320E-07 -5.2043E-06 -4.0546E-05 -2.4423E-04 -1.1636E-03 -4.5425E-03 -1.4411E-02 -3.5072E-02
 -5.2255E-09 -5.4532E-08 -5.7672E-07 -5.5225E-06 -4.2964E-05 -2.5838E-04 -1.2260E-03 -4.7503E-03 -1.4863E-02 -3.5497E-02
 -5.5310E-09 -5.7714E-08 -6.1023E-07 -5.8393E-06 -4.5382E-05 -2.7224E-04 -1.2867E-03 -4.9455E-03 -1.5259E-02 -3.5695E-02
 -5.8379E-09 -6.0896E-08 -6.4361E-07 -6.1547E-06 -4.7772E-05 -2.8595E-04 -1.3456E-03 -5.1279E-03 -1.5585E-02 -3.5681E-02
 -6.1433E-09 -6.4078E-08 -6.7698E-07 -6.4700E-06 -5.0148E-05 -2.9953E-04 -1.4025E-03 -5.2976E-03 -1.5853E-02 -3.5483E-02
 -6.4502E-09 -6.7260E-08 -7.1036E-07 -6.7826E-06 -5.2510E-05 -3.1268E-04 -1.4581E-03 -5.4532E-03 -1.6051E-02 -3.5115E-02
 -6.7557E-09 -7.0428E-08 -7.4345E-07 -7.0937E-06 -5.4843E-05 -3.2583E-04 -1.5104E-03 -5.5960E-03 -1.6193E-02 -3.4563E-02
 -7.0598E-09 -7.3596E-08 -7.7669E-07 -7.4034E-06 -5.7148E-05 -3.3856E-04 -1.5613E-03 -5.7262E-03 -1.6278E-02 -3.3885E-02
 -7.3666E-09 -7.6764E-08 -8.0964E-07 -7.7117E-06 -5.9439E-05 -3.5115E-04 -1.6108E-03 -5.8421E-03 -1.6306E-02 -3.3064E-02
 -7.6721E-09 -7.9931E-08 -8.4259E-07 -8.0186E-06 -6.1702E-05 -3.6331E-04 -1.6575E-03 -5.9454E-03 -1.6278E-02 -3.2145E-02
 -7.9776E-09 -8.3085E-08 -8.7554E-07 -8.3241E-06 -6.3937E-05 -3.7533E-04 -1.7013E-03 -6.0344E-03 -1.6193E-02 -3.1113E-02
 -8.2816E-09 -8.6239E-08 -9.0835E-07 -8.6267E-06 -6.6143E-05 -3.8707E-04 -1.7437E-03 -6.1108E-03 -1.6065E-02 -3.0010E-02
 -8.5857E-09 -8.9392E-08 -9.4102E-07 -8.9279E-06 -6.8335E-05 -3.9853E-04 -1.7833E-03 -6.1745E-03 -1.5896E-02 -2.8850E-02
 -8.8912E-09 -9.2532E-08 -9.7354E-07 -9.2277E-06 -7.0484E-05 -4.0956E-04 -1.8201E-03 -6.2240E-03 -1.5684E-02 -2.7634E-02
 -9.1952E-09 -9.5672E-08 -1.0059E-06 -9.5247E-06 -7.2620E-05 -4.2045E-04 -1.8554E-03 -6.2621E-03 -1.5429E-02 -2.6403E-02
 -9.4993E-09 -9.8811E-08 -1.0383E-06 -9.8203E-06 -7.4713E-05 -4.3091E-04 -1.8880E-03 -6.2876E-03 -1.5146E-02 -2.5145E-02
 -9.8019E-09 -1.0194E-07 -1.0706E-06 -1.0114E-05 -7.6778E-05 -4.4123E-04 -1.9191E-03 -6.3003E-03 -1.4821E-02 -2.3872E-02
 -1.0106E-08 -1.0506E-07 -1.1028E-06 -1.0406E-05 -7.8828E-05 -4.5113E-04 -1.9474E-03 -6.3017E-03 -1.4482E-02 -2.2613E-02
 -1.0409E-08 -1.0819E-07 -1.1348E-06 -1.0694E-05 -8.0822E-05 -4.6061E-04 -1.9728E-03 -6.2933E-03 -1.4115E-02 -2.1369E-02
 -1.0713E-08 -1.1130E-07 -1.1666E-06 -1.0980E-05 -8.2802E-05 -4.6994E-04 -1.9969E-03 -6.2720E-03 -1.3728E-02 -2.0153E-02
 -1.1017E-08 -1.1441E-07 -1.1984E-06 -1.1266E-05 -8.4740E-05 -4.7885E-04 -2.0167E-03 -6.2409E-03 -1.3323E-02 -1.8965E-02
 -1.1318E-08 -1.1751E-07 -1.2301E-06 -1.1547E-05 -8.6649E-05 -4.8734E-04 -2.0365E-03 -6.2013E-03 -1.2905E-02 -1.7819E-02
 -1.1621E-08 -1.2060E-07 -1.2616E-06 -1.1826E-05 -8.8530E-05 -4.9568E-04 -2.0520E-03 -6.1504E-03 -1.2476E-02 -1.6716E-02
 -1.1922E-08 -1.2370E-07 -1.2930E-06 -1.2103E-05 -9.0368E-05 -5.0346E-04 -2.0662E-03 -6.0910E-03 -1.2039E-02 -1.5655E-02
 -1.2224E-08 -1.2678E-07 -1.3241E-06 -1.2377E-05 -9.2164E-05 -5.1110E-04 -2.0775E-03 -6.0245E-03 -1.1598E-02 -1.4651E-02
 -1.2526E-08 -1.2987E-07 -1.3552E-06 -1.2649E-05 -9.3932E-05 -5.1831E-04 -2.0874E-03 -5.9482E-03 -1.1155E-02 -1.3692E-02
 -1.2827E-08 -1.3294E-07 -1.3862E-06 -1.2919E-05 -9.5657E-05 -5.2510E-04 -2.0945E-03 -5.8662E-03 -1.0711E-02 -1.2787E-02
 -1.3130E-08 -1.3600E-07 -1.4170E-06 -1.3185E-05 -9.7354E-05 -5.3160E-04 -2.1001E-03 -5.7771E-03 -1.0270E-02 -1.1935E-02
 -1.3428E-08 -1.3905E-07 -1.4482E-06 -1.3448E-05 -9.9009E-05 -5.3768E-04 -2.1029E-03 -5.6809E-03 -9.8330E-03 -1.1134E-02
 -1.3728E-08 -1.4213E-07 -1.4779E-06 -1.3709E-05 -1.0062E-04 -5.4348E-04 -2.1043E-03 -5.5805E-03 -9.4017E-03 -1.0385E-02
 -1.4029E-08 -1.4510E-07 -1.5090E-06 -1.3967E-05 -1.0221E-04 -5.4900E-04 -2.1029E-03 -5.4730E-03 -8.9774E-03 -9.6845E-03
 -1.4326E-08 -1.4821E-07 -1.5387E-06 -1.4227E-05 -1.0375E-04 -5.5409E-04 -2.0987E-03 -5.3627E-03 -8.5631E-03 -9.0326E-03
 -1.4623E-08 -1.5118E-07 -1.5684E-06 -1.4467E-05 -1.0525E-04 -5.5876E-04 -2.0945E-03 -5.2481E-03 -8.1572E-03 -8.4259E-03
 -1.4934E-08 -1.5429E-07 -1.5981E-06 -1.4722E-05 -1.0670E-04 -5.6314E-04 -2.0874E-03 -5.1294E-03 -7.7626E-03 -7.8630E-03
 -1.5231E-08 -1.5726E-07 -1.6278E-06 -1.4962E-05 -1.0812E-04 -5.6710E-04 -2.0775E-03 -5.0063E-03 -7.3794E-03 -7.3412E-03
 -1.5528E-08 -1.6023E-07 -1.6575E-06 -1.5217E-05 -1.0950E-04 -5.7078E-04 -2.0676E-03 -4.8819E-03 -7.0103E-03 -6.8575E-03
 -1.5825E-08 -1.6320E-07 -1.6872E-06 -1.5457E-05 -1.1085E-04 -5.7403E-04 -2.0549E-03 -4.7560E-03 -6.6525E-03 -6.4092E-03
 -1.6122E-08 -1.6617E-07 -1.7154E-06 -1.5684E-05 -1.1213E-04 -5.7700E-04 -2.0407E-03 -4.6273E-03 -6.3074E-03 -5.9934E-03
 -1.6419E-08 -1.6928E-07 -1.7451E-06 -1.5924E-05 -1.1339E-04 -5.7969E-04 -2.0252E-03 -4.4986E-03 -5.9779E-03 -5.6102E-03
 -1.6716E-08 -1.7225E-07 -1.7734E-06 -1.6150E-05 -1.1461E-04 -5.8195E-04 -2.0082E-03 -4.3671E-03 -5.6597E-03 -5.2538E-03
 -1.7013E-08 -1.7522E-07 -1.8031E-06 -1.6377E-05 -1.1577E-04 -5.8379E-04 -1.9898E-03 -4.2370E-03 -5.3556E-03 -4.9243E-03
 -1.7310E-08 -1.7805E-07 -1.8314E-06 -1.6603E-05 -1.1690E-04 -5.8534E-04 -1.9686E-03 -4.1055E-03 -5.0657E-03 -4.6188E-03
 -1.7607E-08 -1.8102E-07 -1.8597E-06 -1.6815E-05 -1.1799E-04 -5.8662E-04 -1.9474E-03 -3.9739E-03 -4.7899E-03 -4.3346E-03
 -1.7904E-08 -1.8399E-07 -1.8866E-06 -1.7041E-05 -1.1903E-04 -5.8746E-04 -1.9247E-03 -3.8438E-03 -4.5255E-03 -4.0715E-03
 -1.8187E-08 -1.8696E-07 -1.9148E-06 -1.7253E-05 -1.2004E-04 -5.8817E-04 -1.9007E-03 -3.7151E-03 -4.2752E-03 -3.8254E-03
 -1.8484E-08 -1.8979E-07 -1.9431E-06 -1.7466E-05 -1.2100E-04 -5.8831E-04 -1.8767E-03 -3.5864E-03 -4.0362E-03 -3.5963E-03
 -1.8781E-08 -1.9276E-07 -1.9700E-06 -1.7664E-05 -1.2191E-04 -5.8831E-04 -1.8498E-03 -3.4592E-03 -3.8099E-03 -3.3828E-03
 -1.9078E-08 -1.9559E-07 -1.9969E-06 -1.7862E-05 -1.2278E-04 -5.8789E-04 -1.8229E-03 -3.3347E-03 -3.5949E-03 -3.1834E-03
 -1.9361E-08 -1.9856E-07 -2.0237E-06 -1.8074E-05 -1.2360E-04 -5.8732E-04 -1.7961E-03 -3.2103E-03 -3.3913E-03 -2.9967E-03
 -1.9658E-08 -2.0138E-07 -2.0506E-06 -1.8257E-05 -1.2439E-04 -5.8633E-04 -1.7664E-03 -3.0901E-03 -3.1990E-03 -2.8214E-03
 -1.9955E-08 -2.0421E-07 -2.0775E-06 -1.8455E-05 -1.2514E-04 -5.8492E-04 -1.7367E-03 -2.9698E-03 -3.0165E-03 -2.6559E-03
 -2.0237E-08 -2.0718E-07 -2.1043E-06 -1.8639E-05 -1.2584E-04 -5.8336E-04 -1.7070E-03 -2.8539E-03 -2.8440E-03 -2.5017E-03
 -2.0534E-08 -2.1001E-07 -2.1298E-06 -1.8823E-05 -1.2650E-04 -5.8152E-04 -1.6758E-03 -2.7393E-03 -2.6813E-03 -2.3547E-03
 -2.0831E-08 -2.1284E-07 -2.1567E-06 -1.9007E-05 -1.2711E-04 -5.7940E-04 -1.6447E-03 -2.6276E-03 -2.5272E-03 -2.2175E-03
 -2.1114E-08 -2.1567E-07 -2.1821E-06 -1.9177E-05 -1.2769E-04 -5.7700E-04 -1.6136E-03 -2.5173E-03 -2.3815E-03 -2.0874E-03
 -2.1411E-08 -2.1850E-07 -2.2076E-06 -1.9361E-05 -1.2821E-04 -5.7431E-04 -1.5811E-03 -2.4112E-03 -2.2429E-03 -1.9658E-03
 -2.1694E-08 -2.2132E-07 -2.2330E-06 -1.9530E-05 -1.2869E-04 -5.7134E-04 -1.5471E-03 -2.3080E-03 -2.1142E-03 -1.8498E-03
 -2.1991E-08 -2.2401E-07 -2.2571E-06 -1.9686E-05 -1.2915E-04 -5.6809E-04 -1.5146E-03 -2.2076E-03 -1.9912E-03 -1.7395E-03
 -2.2274E-08 -2.2684E-07 -2.2825E-06 -1.9856E-05 -1.2954E-04 -5.6470E-04 -1.4807E-03 -2.1100E-03 -1.8752E-03 -1.6362E-03
 -2.2557E-08 -2.2953E-07 -2.3066E-06 -2.0011E-05 -1.2991E-04 -5.6102E-04 -1.4482E-03 -2.0153E-03 -1.7664E-03 -1.5387E-03
 -2.2854E-08 -2.3236E-07 -2.3306E-06 -2.0167E-05 -1.3022E-04 -5.5706E-04 -1.4141E-03 -1.9233E-03 -1.6631E-03 -1.4453E-03
 -2.3137E-08 -2.3518E-07 -2.3547E-06 -2.0308E-05 -1.3050E-04 -5.5296E-04 -1.3801E-03 -1.8342E-03 -1.5655E-03 -1.3581E-03
 -2.3419E-08 -2.3787E-07 -2.3787E-06 -2.0464E-05 -1.3073E-04 -5.4857E-04 -1.3462E-03 -1.7494E-03 -1.4736E-03 -1.2752E-03
 -2.3702E-08 -2.4056E-07 -2.4027E-06 -2.0605E-05 -1.3093E-04 -5.4405E-04 -1.3124E-03 -1.6659E-03 -1.3868E-03 -1.1967E-03
 -2.3999E-08 -2.4324E-07 -2.4268E-06 -2.0747E-05 -1.3108E-04 -5.3924E-04 -1.2784E-03 -1.5867E-03 -1.3046E-03 -1.1225E-03
 -2.4282E-08 -2.4593E-07 -2.4494E-06 -2.0874E-05 -1.3120E-04 -5.3429E-04 -1.2446E-03 -1.5090E-03 -1.2271E-03 -1.0522E-03
 -2.4565E-08 -2.4862E-07 -2.4720E-06 -2.1001E-05 -1.3127E-04 -5.2906E-04 -1.2110E-03 -1.4354E-03 -1.1539E-03 -9.8585E-04
 -2.4848E-08 -2.5131E-07 -2.4947E-06 -2.1128E-05 -1.3131E-04 -5.2368E-04 -1.1775E-03 -1.3643E-03 -1.0847E-03 -9.2306E-04
 -2.5131E-08 -2.5399E-07 -2.5173E-06 -2.1256E-05 -1.3130E-04 -5.1817E-04 -1.1441E-03 -1.2958E-03 -1.0192E-03 -8.6394E-04
 -2.5413E-08 -2.5668E-07 -2.5385E-06 -2.1369E-05 -1.3125E-04 -5.1251E-04 -1.1111E-03 -1.2299E-03 -9.5756E-04 -8.0808E-04
 -2.5696E-08 -2.5937E-07 -2.5611E-06 -2.1482E-05 -1.3118E-04 -5.0671E-04 -1.0783E-03 -1.1667E-03 -8.9916E-04 -7.5533E-04
 -2.5979E-08 -2.6191E-07 -2.5824E-06 -2.1595E-05 -1.3106E-04 -5.0077E-04 -1.0458E-03 -1.1062E-03 -8.4400E-04 -7.0569E-04
 -2.6262E-08 -2.6460E-07 -2.6036E-06 -2.1708E-05 -1.3090E-04 -4.9455E-04 -1.0137E-03 -1.0481E-03 -7.9182E-04 -6.5888E-04
 -2.6531E-08 -2.6714E-07 -2.6248E-06 -2.1807E-05 -1.3070E-04 -4.8833E-04 -9.8189E-04 -9.9250E-04 -7.4260E-04 -6.1476E-04
 -2.6813E-08 -2.6969E-07 -2.6460E-06 -2.1906E-05 -1.3048E-04 -4.8196E-04 -9.5049E-04 -9.3918E-04 -6.9593E-04 -5.7332E-04
 -2.7096E-08 -2.7238E-07 -2.6658E-06 -2.2005E-05 -1.3021E-04 -4.7546E-04 -9.1952E-04 -8.8827E-04 -6.5195E-04 -5.3429E-04
 -2.7379E-08 -2.7492E-07 -2.6870E-06 -2.2090E-05 -1.2991E-04 -4.6881E-04 -8.8897E-04 -8.3948E-04 -6.1037E-04 -4.9752E-04
 -2.7648E-08 -2.7747E-07 -2.7068E-06 -2.2175E-05 -1.2957E-04 -4.6202E-04 -8.5899E-04 -7.9295E-04 -5.7106E-04 -4.6301E-04
 -2.7931E-08 -2.8001E-07 -2.7266E-06 -2.2260E-05 -1.2920E-04 -4.5524E-04 -8.2944E-04 -7.4840E-04 -5.3387E-04 -4.3063E-04
 -2.8199E-08 -2.8242E-07 -2.7464E-06 -2.2345E-05 -1.2879E-04 -4.4831E-04 -8.0030E-04 -7.0583E-04 -4.9865E-04 -4.0008E-04
 -2.8482E-08 -2.8496E-07 -2.7648E-06 -2.2415E-05 -1.2835E-04 -4.4138E-04 -7.7174E-04 -6.6525E-04 -4.6542E-04 -3.7151E-04
 -2.8751E-08 -2.8751E-07 -2.7846E-06 -2.2486E-05 -1.2787E-04 -4.3430E-04 -7.4373E-04 -6.2664E-04 -4.3402E-04 -3.4464E-04
 -2.9020E-08 -2.8991E-07 -2.8030E-06 -2.2557E-05 -1.2736E-04 -4.2709E-04 -7.1616E-04 -5.8959E-04 -4.0432E-04 -3.1933E-04
 -2.9303E-08 -2.9246E-07 -2.8214E-06 -2.2613E-05 -1.2684E-04 -4.1988E-04 -6.8929E-04 -5.5451E-04 -3.7632E-04 -2.9557E-04
