  5.4000E-11  5.4000E-11  3.0120E-10  1.7240E-09  9.7080E-09  5.1140E-08  2.4160E-07  1.0030E-06  3.6790E-06  1.2120E-05  3.6230E-05  9.7630E-05  2.2940E-04
  2.7540E-09  2.7540E-09  1.5360E-08  8.7930E-08  4.9510E-07  2.6080E-06  1.2320E-05  5.1140E-05  1.8760E-04  6.1770E-04  1.8470E-03  4.9760E-03  1.1690E-02
  5.4540E-09  5.4540E-09  3.0420E-08  1.7410E-07  9.8040E-07  5.1650E-06  2.4390E-05  1.0130E-04  3.7130E-04  1.2220E-03  3.6530E-03  9.8340E-03  2.3080E-02
  8.1530E-09  8.1530E-09  4.5470E-08  2.6030E-07  1.4660E-06  7.7200E-06  3.6460E-05  1.5130E-04  5.5470E-04  1.8250E-03  5.4500E-03  1.4650E-02  3.4330E-02
  1.0850E-08  1.0850E-08  6.0530E-08  3.4650E-07  1.9510E-06  1.0270E-05  4.8510E-05  2.0130E-04  7.3760E-04  2.4250E-03  7.2340E-03  1.9420E-02  4.5390E-02
  1.3550E-08  1.3550E-08  7.5580E-08  4.3260E-07  2.4350E-06  1.2830E-05  6.0550E-05  2.5110E-04  9.1980E-04  3.0220E-03  8.9990E-03  2.4100E-02  5.6190E-02
  1.6250E-08  1.6250E-08  9.0630E-08  5.1870E-07  2.9200E-06  1.5370E-05  7.2560E-05  3.0080E-04  1.1010E-03  3.6130E-03  1.0740E-02  2.8700E-02  6.6660E-02
  1.8950E-08  1.8950E-08  1.0570E-07  6.0480E-07  3.4040E-06  1.7920E-05  8.4550E-05  3.5040E-04  1.2810E-03  4.2000E-03  1.2460E-02  3.3180E-02  7.6760E-02
  2.1650E-08  2.1650E-08  1.2070E-07  6.9080E-07  3.8870E-06  2.0460E-05  9.6510E-05  3.9970E-04  1.4600E-03  4.7790E-03  1.4150E-02  3.7530E-02  8.6430E-02
  2.4340E-08  2.4340E-08  1.3570E-07  7.7680E-07  4.3710E-06  2.3000E-05  1.0840E-04  4.4880E-04  1.6380E-03  5.3520E-03  1.5800E-02  4.1740E-02  9.5620E-02
  2.7040E-08  2.7040E-08  1.5080E-07  8.6270E-07  4.8530E-06  2.5530E-05  1.2030E-04  4.9760E-04  1.8140E-03  5.9170E-03  1.7410E-02  4.5800E-02  1.0430E-01
  2.9740E-08  2.9740E-08  1.6580E-07  9.4860E-07  5.3350E-06  2.8060E-05  1.3220E-04  5.4620E-04  1.9890E-03  6.4720E-03  1.8980E-02  4.9680E-02  1.1240E-01
  3.2430E-08  3.2430E-08  1.8080E-07  1.0340E-06  5.8160E-06  3.0580E-05  1.4400E-04  5.9450E-04  2.1620E-03  7.0180E-03  2.0510E-02  5.3380E-02  1.1990E-01
  3.5130E-08  3.5130E-08  1.9580E-07  1.1200E-06  6.2970E-06  3.3090E-05  1.5570E-04  6.4240E-04  2.3320E-03  7.5540E-03  2.1990E-02  5.6880E-02  1.2680E-01
  3.7820E-08  3.7820E-08  2.1080E-07  1.2060E-06  6.7770E-06  3.5600E-05  1.6740E-04  6.8990E-04  2.5010E-03  8.0780E-03  2.3410E-02  6.0180E-02  1.3300E-01
  4.0520E-08  4.0520E-08  2.2580E-07  1.2910E-06  7.2550E-06  3.8100E-05  1.7900E-04  7.3710E-04  2.6670E-03  8.5910E-03  2.4780E-02  6.3260E-02  1.3860E-01
  4.3210E-08  4.3210E-08  2.4080E-07  1.3770E-06  7.7330E-06  4.0590E-05  1.9060E-04  7.8380E-04  2.8310E-03  9.0910E-03  2.6090E-02  6.6130E-02  1.4350E-01
  4.5900E-08  4.5900E-08  2.5580E-07  1.4620E-06  8.2100E-06  4.3070E-05  2.0210E-04  8.3010E-04  2.9920E-03  9.5770E-03  2.7350E-02  6.8760E-02  1.4770E-01
  4.8590E-08  4.8590E-08  2.7070E-07  1.5470E-06  8.6860E-06  4.5550E-05  2.1350E-04  8.7590E-04  3.1510E-03  1.0050E-02  2.8540E-02  7.1160E-02  1.5120E-01
  5.1280E-08  5.1280E-08  2.8570E-07  1.6320E-06  9.1610E-06  4.8010E-05  2.2490E-04  9.2120E-04  3.3070E-03  1.0510E-02  2.9660E-02  7.3330E-02  1.5400E-01
  5.3970E-08  5.3970E-08  3.0060E-07  1.7170E-06  9.6350E-06  5.0460E-05  2.3620E-04  9.6610E-04  3.4590E-03  1.0950E-02  3.0720E-02  7.5250E-02  1.5620E-01
  5.6650E-08  5.6650E-08  3.1560E-07  1.8020E-06  1.0110E-05  5.2910E-05  2.4740E-04  1.0100E-03  3.6090E-03  1.1380E-02  3.1720E-02  7.6940E-02  1.5770E-01
  5.9340E-08  5.9340E-08  3.3050E-07  1.8870E-06  1.0580E-05  5.5340E-05  2.5850E-04  1.0540E-03  3.7550E-03  1.1790E-02  3.2640E-02  7.8390E-02  1.5860E-01
  6.2020E-08  6.2020E-08  3.4540E-07  1.9720E-06  1.1050E-05  5.7750E-05  2.6950E-04  1.0970E-03  3.8980E-03  1.2190E-02  3.3500E-02  7.9600E-02  1.5890E-01
  6.4710E-08  6.4710E-08  3.6030E-07  2.0560E-06  1.1520E-05  6.0160E-05  2.8040E-04  1.1400E-03  4.0380E-03  1.2560E-02  3.4280E-02  8.0580E-02  1.5850E-01
  6.7390E-08  6.7390E-08  3.7510E-07  2.1400E-06  1.1980E-05  6.2560E-05  2.9130E-04  1.1810E-03  4.1740E-03  1.2930E-02  3.5000E-02  8.1320E-02  1.5770E-01
  7.0070E-08  7.0070E-08  3.9000E-07  2.2240E-06  1.2450E-05  6.4940E-05  3.0200E-04  1.2230E-03  4.3060E-03  1.3270E-02  3.5640E-02  8.1840E-02  1.5630E-01
  7.2750E-08  7.2750E-08  4.0480E-07  2.3080E-06  1.2910E-05  6.7300E-05  3.1260E-04  1.2630E-03  4.4350E-03  1.3590E-02  3.6220E-02  8.2150E-02  1.5440E-01
  7.5420E-08  7.5420E-08  4.1960E-07  2.3920E-06  1.3370E-05  6.9660E-05  3.2310E-04  1.3030E-03  4.5600E-03  1.3900E-02  3.6720E-02  8.2240E-02  1.5210E-01
  7.8100E-08  7.8100E-08  4.3440E-07  2.4760E-06  1.3830E-05  7.1990E-05  3.3350E-04  1.3420E-03  4.6810E-03  1.4190E-02  3.7150E-02  8.2130E-02  1.4930E-01
  8.0770E-08  8.0770E-08  4.4920E-07  2.5590E-06  1.4290E-05  7.4320E-05  3.4380E-04  1.3810E-03  4.7980E-03  1.4460E-02  3.7520E-02  8.1820E-02  1.4620E-01
  8.3440E-08  8.3440E-08  4.6400E-07  2.6430E-06  1.4750E-05  7.6620E-05  3.5400E-04  1.4180E-03  4.9110E-03  1.4710E-02  3.7810E-02  8.1330E-02  1.4270E-01
  8.6110E-08  8.6110E-08  4.7880E-07  2.7260E-06  1.5210E-05  7.8910E-05  3.6400E-04  1.4550E-03  5.0190E-03  1.4950E-02  3.8040E-02  8.0660E-02  1.3900E-01
  8.8780E-08  8.8780E-08  4.9350E-07  2.8090E-06  1.5660E-05  8.1190E-05  3.7400E-04  1.4910E-03  5.1240E-03  1.5160E-02  3.8200E-02  7.9820E-02  1.3500E-01
  9.1450E-08  9.1450E-08  5.0820E-07  2.8910E-06  1.6110E-05  8.3440E-05  3.8370E-04  1.5260E-03  5.2240E-03  1.5360E-02  3.8300E-02  7.8830E-02  1.3080E-01
  9.4110E-08  9.4110E-08  5.2290E-07  2.9740E-06  1.6560E-05  8.5680E-05  3.9340E-04  1.5610E-03  5.3200E-03  1.5540E-02  3.8330E-02  7.7700E-02  1.2640E-01
  9.6770E-08  9.6770E-08  5.3760E-07  3.0560E-06  1.7010E-05  8.7900E-05  4.0290E-04  1.5950E-03  5.4110E-03  1.5690E-02  3.8310E-02  7.6430E-02  1.2190E-01
  9.9430E-08  9.9430E-08  5.5220E-07  3.1380E-06  1.7450E-05  9.0110E-05  4.1230E-04  1.6270E-03  5.4980E-03  1.5830E-02  3.8220E-02  7.5040E-02  1.1730E-01
  1.0210E-07  1.0210E-07  5.6680E-07  3.2200E-06  1.7890E-05  9.2290E-05  4.2160E-04  1.6590E-03  5.5810E-03  1.5960E-02  3.8080E-02  7.3550E-02  1.1260E-01
  1.0470E-07  1.0470E-07  5.8140E-07  3.3010E-06  1.8330E-05  9.4460E-05  4.3070E-04  1.6900E-03  5.6600E-03  1.6060E-02  3.7890E-02  7.1950E-02  1.0790E-01
  1.0740E-07  1.0740E-07  5.9600E-07  3.3830E-06  1.8770E-05  9.6600E-05  4.3970E-04  1.7210E-03  5.7330E-03  1.6150E-02  3.7640E-02  7.0270E-02  1.0310E-01
  1.1000E-07  1.1000E-07  6.1050E-07  3.4640E-06  1.9210E-05  9.8720E-05  4.4850E-04  1.7500E-03  5.8030E-03  1.6210E-02  3.7340E-02  6.8510E-02  9.8410E-02
  1.1270E-07  1.1270E-07  6.2510E-07  3.5440E-06  1.9640E-05  1.0080E-04  4.5720E-04  1.7780E-03  5.8680E-03  1.6270E-02  3.6990E-02  6.6680E-02  9.3730E-02
  1.1530E-07  1.1530E-07  6.3960E-07  3.6250E-06  2.0070E-05  1.0290E-04  4.6570E-04  1.8060E-03  5.9280E-03  1.6300E-02  3.6600E-02  6.4810E-02  8.9120E-02
  1.1800E-07  1.1800E-07  6.5400E-07  3.7050E-06  2.0500E-05  1.0500E-04  4.7410E-04  1.8320E-03  5.9840E-03  1.6320E-02  3.6170E-02  6.2880E-02  8.4590E-02
  1.2060E-07  1.2060E-07  6.6850E-07  3.7850E-06  2.0920E-05  1.0700E-04  4.8230E-04  1.8580E-03  6.0350E-03  1.6320E-02  3.5700E-02  6.0920E-02  8.0170E-02
  1.2330E-07  1.2330E-07  6.8290E-07  3.8650E-06  2.1350E-05  1.0900E-04  4.9030E-04  1.8820E-03  6.0820E-03  1.6300E-02  3.5190E-02  5.8940E-02  7.5860E-02
  1.2590E-07  1.2590E-07  6.9730E-07  3.9440E-06  2.1770E-05  1.1100E-04  4.9820E-04  1.9060E-03  6.1240E-03  1.6270E-02  3.4640E-02  5.6940E-02  7.1680E-02
  1.2850E-07  1.2850E-07  7.1170E-07  4.0240E-06  2.2190E-05  1.1300E-04  5.0600E-04  1.9290E-03  6.1620E-03  1.6220E-02  3.4070E-02  5.4940E-02  6.7640E-02
  1.3110E-07  1.3110E-07  7.2600E-07  4.1030E-06  2.2600E-05  1.1490E-04  5.1350E-04  1.9510E-03  6.1960E-03  1.6160E-02  3.3460E-02  5.2930E-02  6.3760E-02
  1.3380E-07  1.3380E-07  7.4030E-07  4.1810E-06  2.3010E-05  1.1690E-04  5.2090E-04  1.9710E-03  6.2250E-03  1.6080E-02  3.2830E-02  5.0930E-02  6.0020E-02
  1.3640E-07  1.3640E-07  7.5460E-07  4.2590E-06  2.3420E-05  1.1880E-04  5.2810E-04  1.9910E-03  6.2500E-03  1.5990E-02  3.2180E-02  4.8940E-02  5.6450E-02
  1.3900E-07  1.3900E-07  7.6880E-07  4.3370E-06  2.3830E-05  1.2070E-04  5.3520E-04  2.0100E-03  6.2710E-03  1.5890E-02  3.1500E-02  4.6980E-02  5.3030E-02
  1.4160E-07  1.4160E-07  7.8300E-07  4.4150E-06  2.4230E-05  1.2250E-04  5.4210E-04  2.0280E-03  6.2870E-03  1.5770E-02  3.0800E-02  4.5040E-02  4.9790E-02
  1.4420E-07  1.4420E-07  7.9720E-07  4.4920E-06  2.4630E-05  1.2430E-04  5.4880E-04  2.0450E-03  6.2990E-03  1.5640E-02  3.0090E-02  4.3130E-02  4.6700E-02
  1.4680E-07  1.4680E-07  8.1140E-07  4.5690E-06  2.5030E-05  1.2610E-04  5.5530E-04  2.0610E-03  6.3070E-03  1.5500E-02  2.9370E-02  4.1260E-02  4.3780E-02
  1.4950E-07  1.4950E-07  8.2550E-07  4.6460E-06  2.5420E-05  1.2790E-04  5.6170E-04  2.0760E-03  6.3110E-03  1.5350E-02  2.8630E-02  3.9430E-02  4.1020E-02
  1.5210E-07  1.5210E-07  8.3960E-07  4.7220E-06  2.5820E-05  1.2970E-04  5.6790E-04  2.0900E-03  6.3110E-03  1.5190E-02  2.7890E-02  3.7640E-02  3.8410E-02
  1.5470E-07  1.5470E-07  8.5360E-07  4.7980E-06  2.6200E-05  1.3140E-04  5.7390E-04  2.1030E-03  6.3070E-03  1.5020E-02  2.7130E-02  3.5890E-02  3.5960E-02
  1.5730E-07  1.5730E-07  8.6760E-07  4.8740E-06  2.6590E-05  1.3310E-04  5.7970E-04  2.1150E-03  6.2990E-03  1.4830E-02  2.6380E-02  3.4200E-02  3.3650E-02
  1.5980E-07  1.5980E-07  8.8160E-07  4.9490E-06  2.6970E-05  1.3480E-04  5.8530E-04  2.1260E-03  6.2880E-03  1.4640E-02  2.5620E-02  3.2550E-02  3.1490E-02
  1.6240E-07  1.6240E-07  8.9550E-07  5.0240E-06  2.7350E-05  1.3640E-04  5.9080E-04  2.1370E-03  6.2720E-03  1.4440E-02  2.4850E-02  3.0960E-02  2.9460E-02
  1.6500E-07  1.6500E-07  9.0940E-07  5.0990E-06  2.7720E-05  1.3800E-04  5.9610E-04  2.1460E-03  6.2530E-03  1.4230E-02  2.4090E-02  2.9420E-02  2.7560E-02
  1.6760E-07  1.6760E-07  9.2330E-07  5.1730E-06  2.8090E-05  1.3960E-04  6.0120E-04  2.1540E-03  6.2310E-03  1.4020E-02  2.3330E-02  2.7940E-02  2.5790E-02
  1.7020E-07  1.7020E-07  9.3710E-07  5.2470E-06  2.8460E-05  1.4120E-04  6.0610E-04  2.1610E-03  6.2040E-03  1.3800E-02  2.2580E-02  2.6510E-02  2.4130E-02
  1.7280E-07  1.7280E-07  9.5090E-07  5.3200E-06  2.8830E-05  1.4270E-04  6.1080E-04  2.1680E-03  6.1750E-03  1.3570E-02  2.1830E-02  2.5140E-02  2.2590E-02
  1.7530E-07  1.7530E-07  9.6470E-07  5.3940E-06  2.9190E-05  1.4420E-04  6.1540E-04  2.1730E-03  6.1420E-03  1.3330E-02  2.1090E-02  2.3820E-02  2.1150E-02
  1.7790E-07  1.7790E-07  9.7840E-07  5.4660E-06  2.9550E-05  1.4570E-04  6.1970E-04  2.1780E-03  6.1060E-03  1.3090E-02  2.0350E-02  2.2550E-02  1.9800E-02
  1.8050E-07  1.8050E-07  9.9210E-07  5.5390E-06  2.9900E-05  1.4710E-04  6.2390E-04  2.1810E-03  6.0670E-03  1.2850E-02  1.9630E-02  2.1340E-02  1.8550E-02
  1.8300E-07  1.8300E-07  1.0060E-06  5.6110E-06  3.0250E-05  1.4860E-04  6.2790E-04  2.1840E-03  6.0250E-03  1.2600E-02  1.8910E-02  2.0190E-02  1.7380E-02
  1.8560E-07  1.8560E-07  1.0190E-06  5.6820E-06  3.0600E-05  1.5000E-04  6.3170E-04  2.1860E-03  5.9800E-03  1.2350E-02  1.8210E-02  1.9080E-02  1.6300E-02
  1.8810E-07  1.8810E-07  1.0330E-06  5.7530E-06  3.0940E-05  1.5130E-04  6.3530E-04  2.1870E-03  5.9330E-03  1.2090E-02  1.7520E-02  1.8030E-02  1.5280E-02
  1.9070E-07  1.9070E-07  1.0460E-06  5.8240E-06  3.1280E-05  1.5270E-04  6.3870E-04  2.1870E-03  5.8820E-03  1.1830E-02  1.6840E-02  1.7020E-02  1.4330E-02
  1.9320E-07  1.9320E-07  1.0600E-06  5.8940E-06  3.1610E-05  1.5400E-04  6.4200E-04  2.1860E-03  5.8290E-03  1.1570E-02  1.6170E-02  1.6070E-02  1.3450E-02
  1.9570E-07  1.9570E-07  1.0730E-06  5.9640E-06  3.1950E-05  1.5520E-04  6.4500E-04  2.1840E-03  5.7740E-03  1.1310E-02  1.5520E-02  1.5160E-02  1.2630E-02
  1.9830E-07  1.9830E-07  1.0870E-06  6.0340E-06  3.2270E-05  1.5650E-04  6.4790E-04  2.1820E-03  5.7160E-03  1.1040E-02  1.4890E-02  1.4300E-02  1.1850E-02
  2.0080E-07  2.0080E-07  1.1000E-06  6.1030E-06  3.2600E-05  1.5770E-04  6.5060E-04  2.1780E-03  5.6560E-03  1.0780E-02  1.4270E-02  1.3480E-02  1.1130E-02
  2.0330E-07  2.0330E-07  1.1130E-06  6.1710E-06  3.2920E-05  1.5890E-04  6.5310E-04  2.1740E-03  5.5930E-03  1.0510E-02  1.3660E-02  1.2700E-02  1.0460E-02
  2.0580E-07  2.0580E-07  1.1260E-06  6.2390E-06  3.3230E-05  1.6000E-04  6.5540E-04  2.1690E-03  5.5290E-03  1.0250E-02  1.3080E-02  1.1960E-02  9.8250E-03
  2.0840E-07  2.0840E-07  1.1400E-06  6.3070E-06  3.3550E-05  1.6120E-04  6.5760E-04  2.1630E-03  5.4630E-03  9.9790E-03  1.2500E-02  1.1260E-02  9.2300E-03
  2.1090E-07  2.1090E-07  1.1530E-06  6.3740E-06  3.3850E-05  1.6220E-04  6.5960E-04  2.1570E-03  5.3940E-03  9.7140E-03  1.1950E-02  1.0600E-02  8.6720E-03
  2.1340E-07  2.1340E-07  1.1660E-06  6.4410E-06  3.4160E-05  1.6330E-04  6.6130E-04  2.1490E-03  5.3240E-03  9.4500E-03  1.1410E-02  9.9720E-03  8.1460E-03
  2.1590E-07  2.1590E-07  1.1790E-06  6.5070E-06  3.4460E-05  1.6430E-04  6.6290E-04  2.1410E-03  5.2530E-03  9.1870E-03  1.0890E-02  9.3790E-03  7.6510E-03
  2.1840E-07  2.1840E-07  1.1920E-06  6.5730E-06  3.4760E-05  1.6540E-04  6.6430E-04  2.1320E-03  5.1800E-03  8.9250E-03  1.0380E-02  8.8180E-03  7.1850E-03
  2.2090E-07  2.2090E-07  1.2050E-06  6.6390E-06  3.5050E-05  1.6630E-04  6.6560E-04  2.1230E-03  5.1050E-03  8.6660E-03  9.8910E-03  8.2860E-03  6.7440E-03
  2.2330E-07  2.2330E-07  1.2180E-06  6.7040E-06  3.5340E-05  1.6730E-04  6.6670E-04  2.1130E-03  5.0290E-03  8.4080E-03  9.4190E-03  7.7840E-03  6.3280E-03
  2.2580E-07  2.2580E-07  1.2310E-06  6.7680E-06  3.5620E-05  1.6820E-04  6.6750E-04  2.1020E-03  4.9520E-03  8.1530E-03  8.9620E-03  7.3090E-03  5.9340E-03
  2.2830E-07  2.2830E-07  1.2440E-06  6.8320E-06  3.5900E-05  1.6910E-04  6.6820E-04  2.0900E-03  4.8730E-03  7.9010E-03  8.5220E-03  6.8600E-03  5.5620E-03
  2.3080E-07  2.3080E-07  1.2560E-06  6.8960E-06  3.6170E-05  1.6990E-04  6.6880E-04  2.0780E-03  4.7940E-03  7.6520E-03  8.0970E-03  6.4350E-03  5.2090E-03
  2.3320E-07  2.3320E-07  1.2690E-06  6.9590E-06  3.6450E-05  1.7070E-04  6.6920E-04  2.0650E-03  4.7140E-03  7.4060E-03  7.6890E-03  6.0340E-03  4.8750E-03
  2.3570E-07  2.3570E-07  1.2820E-06  7.0220E-06  3.6710E-05  1.7150E-04  6.6930E-04  2.0510E-03  4.6320E-03  7.1630E-03  7.2960E-03  5.6540E-03  4.5570E-03
  2.3820E-07  2.3820E-07  1.2940E-06  7.0840E-06  3.6980E-05  1.7230E-04  6.6940E-04  2.0370E-03  4.5510E-03  6.9240E-03  6.9180E-03  5.2960E-03  4.2560E-03
  2.4060E-07  2.4060E-07  1.3070E-06  7.1450E-06  3.7240E-05  1.7300E-04  6.6920E-04  2.0220E-03  4.4680E-03  6.6880E-03  6.5550E-03  4.9570E-03  3.9700E-03
  2.4300E-07  2.4300E-07  1.3190E-06  7.2070E-06  3.7490E-05  1.7370E-04  6.6890E-04  2.0070E-03  4.3850E-03  6.4560E-03  6.2060E-03  4.6360E-03  3.6990E-03
  2.4550E-07  2.4550E-07  1.3320E-06  7.2670E-06  3.7740E-05  1.7440E-04  6.6850E-04  1.9910E-03  4.3010E-03  6.2280E-03  5.8720E-03  4.3330E-03  3.4420E-03
  2.4790E-07  2.4790E-07  1.3440E-06  7.3270E-06  3.7990E-05  1.7500E-04  6.6780E-04  1.9750E-03  4.2170E-03  6.0050E-03  5.5510E-03  4.0470E-03  3.1970E-03
  2.5030E-07  2.5030E-07  1.3570E-06  7.3870E-06  3.8230E-05  1.7560E-04  6.6700E-04  1.9580E-03  4.1330E-03  5.7860E-03  5.2440E-03  3.7760E-03  2.9650E-03
  2.5280E-07  2.5280E-07  1.3690E-06  7.4460E-06  3.8460E-05  1.7620E-04  6.6610E-04  1.9410E-03  4.0480E-03  5.5700E-03  4.9500E-03  3.5190E-03  2.7440E-03
  2.5520E-07  2.5520E-07  1.3810E-06  7.5050E-06  3.8700E-05  1.7670E-04  6.6500E-04  1.9230E-03  3.9640E-03  5.3600E-03  4.6690E-03  3.2770E-03  2.5350E-03
  2.5760E-07  2.5760E-07  1.3930E-06  7.5630E-06  3.8930E-05  1.7720E-04  6.6370E-04  1.9050E-03  3.8790E-03  5.1540E-03  4.4000E-03  3.0480E-03  2.3370E-03
