         0.0005 -1.6750e-09  -7.5790e-09  -2.4130e-08  -1.2740e-07  -6.5510e-07  -1.3210e-06  -5.3080e-06  -2.6670e-05  -7.2790e-05  -1.1630e-04  -2.5170e-04  -5.2940e-04  -1.0460e-03  -1.7310e-03  -2.8000e-03  -4.7560e-03  -8.9280e-03  -2.4030e-02  -4.8300e-02  -6.2280e-02  -8.9640e-02  -1.3400e-01  -2.0640e-01  -2.7070e-01  -4.1240e-01  -4.8010e-01  -5.1880e-01  -6.1820e-01  -6.5910e-01  -6.9360e-01 
         0.0512 -1.6750e-09  -7.5790e-09  -2.4130e-08  -1.2740e-07  -6.5510e-07  -1.3210e-06  -5.3080e-06  -2.6670e-05  -7.2780e-05  -1.1630e-04  -2.5160e-04  -5.2930e-04  -1.0450e-03  -1.7310e-03  -2.7990e-03  -4.7530e-03  -8.9200e-03  -2.3990e-02  -4.8200e-02  -6.2130e-02  -8.9370e-02  -1.3350e-01  -2.0540e-01  -2.6920e-01  -4.0960e-01  -4.7660e-01  -5.1480e-01  -6.1310e-01  -6.5350e-01  -6.8760e-01 
         0.1019 -1.6750e-09  -7.5790e-09  -2.4130e-08  -1.2740e-07  -6.5510e-07  -1.3210e-06  -5.3070e-06  -2.6660e-05  -7.2760e-05  -1.1630e-04  -2.5150e-04  -5.2890e-04  -1.0440e-03  -1.7290e-03  -2.7950e-03  -4.7440e-03  -8.8980e-03  -2.3890e-02  -4.7900e-02  -6.1690e-02  -8.8580e-02  -1.3200e-01  -2.0250e-01  -2.6480e-01  -4.0140e-01  -4.6630e-01  -5.0330e-01  -5.9820e-01  -6.3720e-01  -6.7010e-01 
         0.1525 -1.6750e-09  -7.5790e-09  -2.4130e-08  -1.2740e-07  -6.5500e-07  -1.3210e-06  -5.3060e-06  -2.6650e-05  -7.2720e-05  -1.1620e-04  -2.5130e-04  -5.2830e-04  -1.0430e-03  -1.7250e-03  -2.7880e-03  -4.7300e-03  -8.8610e-03  -2.3720e-02  -4.7400e-02  -6.0950e-02  -8.7280e-02  -1.2960e-01  -1.9780e-01  -2.5770e-01  -3.8810e-01  -4.4970e-01  -4.8470e-01  -5.7430e-01  -6.1100e-01  -6.4190e-01 
         0.2032 -1.6750e-09  -7.5790e-09  -2.4130e-08  -1.2740e-07  -6.5490e-07  -1.3210e-06  -5.3050e-06  -2.6640e-05  -7.2670e-05  -1.1610e-04  -2.5100e-04  -5.2750e-04  -1.0410e-03  -1.7210e-03  -2.7790e-03  -4.7100e-03  -8.8100e-03  -2.3490e-02  -4.6720e-02  -5.9940e-02  -8.5500e-02  -1.2630e-01  -1.9140e-01  -2.4810e-01  -3.7030e-01  -4.2750e-01  -4.6000e-01  -5.4260e-01  -5.7630e-01  -6.0460e-01 
         0.2539 -1.6750e-09  -7.5780e-09  -2.4130e-08  -1.2740e-07  -6.5470e-07  -1.3200e-06  -5.3030e-06  -2.6620e-05  -7.2600e-05  -1.1600e-04  -2.5060e-04  -5.2650e-04  -1.0380e-03  -1.7150e-03  -2.7680e-03  -4.6850e-03  -8.7450e-03  -2.3200e-02  -4.5860e-02  -5.8660e-02  -8.3270e-02  -1.2220e-01  -1.8350e-01  -2.3630e-01  -3.4870e-01  -4.0070e-01  -4.3010e-01  -5.0450e-01  -5.3460e-01  -5.6000e-01 
         0.3046 -1.6750e-09  -7.5780e-09  -2.4130e-08  -1.2730e-07  -6.5460e-07  -1.3200e-06  -5.3000e-06  -2.6600e-05  -7.2520e-05  -1.1580e-04  -2.5020e-04  -5.2520e-04  -1.0340e-03  -1.7080e-03  -2.7540e-03  -4.6540e-03  -8.6660e-03  -2.2850e-02  -4.4830e-02  -5.7150e-02  -8.0630e-02  -1.1730e-01  -1.7430e-01  -2.2280e-01  -3.2410e-01  -3.7040e-01  -3.9640e-01  -4.6170e-01  -4.8800e-01  -5.1000e-01 
         0.3552 -1.6750e-09  -7.5770e-09  -2.4130e-08  -1.2730e-07  -6.5440e-07  -1.3190e-06  -5.2970e-06  -2.6580e-05  -7.2430e-05  -1.1560e-04  -2.4970e-04  -5.2370e-04  -1.0310e-03  -1.7000e-03  -2.7370e-03  -4.6180e-03  -8.5740e-03  -2.2440e-02  -4.3660e-02  -5.5420e-02  -7.7640e-02  -1.1190e-01  -1.6420e-01  -2.0780e-01  -2.9740e-01  -3.3770e-01  -3.6010e-01  -4.1600e-01  -4.3830e-01  -4.5700e-01 
         0.4059 -1.6750e-09  -7.5770e-09  -2.4120e-08  -1.2730e-07  -6.5420e-07  -1.3190e-06  -5.2940e-06  -2.6550e-05  -7.2320e-05  -1.1540e-04  -2.4910e-04  -5.2200e-04  -1.0260e-03  -1.6910e-03  -2.7180e-03  -4.5770e-03  -8.4690e-03  -2.1970e-02  -4.2340e-02  -5.3490e-02  -7.4340e-02  -1.0600e-01  -1.5320e-01  -1.9200e-01  -2.6960e-01  -3.0380e-01  -3.2260e-01  -3.6920e-01  -3.8760e-01  -4.0290e-01 
         0.4566 -1.6750e-09  -7.5760e-09  -2.4120e-08  -1.2730e-07  -6.5390e-07  -1.3180e-06  -5.2900e-06  -2.6520e-05  -7.2190e-05  -1.1520e-04  -2.4840e-04  -5.2000e-04  -1.0210e-03  -1.6800e-03  -2.6970e-03  -4.5300e-03  -8.3510e-03  -2.1460e-02  -4.0900e-02  -5.1400e-02  -7.0800e-02  -9.9690e-02  -1.4180e-01  -1.7560e-01  -2.4140e-01  -2.6970e-01  -2.8520e-01  -3.2290e-01  -3.3760e-01  -3.4970e-01 
