  6.0040E-08  3.0640E-06  6.0380E-05  3.1140E-04  6.6740E-09  1.1210E-06  5.9230E-05  7.2940E-04
  3.0620E-06  1.5620E-04  3.0780E-03  1.5870E-02  3.4030E-07  5.7140E-05  3.0190E-03  3.7150E-02
  6.0630E-06  3.0920E-04  6.0880E-03  3.1350E-02  6.7390E-07  1.1310E-04  5.9670E-03  7.3300E-02
  9.0620E-06  4.6200E-04  9.0810E-03  4.6690E-02  1.0070E-06  1.6890E-04  8.8930E-03  1.0890E-01
  1.2060E-05  6.1440E-04  1.2050E-02  6.1810E-02  1.3400E-06  2.2460E-04  1.1790E-02  1.4370E-01
  1.5060E-05  7.6640E-04  1.4990E-02  7.6650E-02  1.6730E-06  2.8000E-04  1.4640E-02  1.7740E-01
  1.8050E-05  9.1760E-04  1.7890E-02  9.1140E-02  2.0050E-06  3.3520E-04  1.7430E-02  2.0980E-01
  2.1040E-05  1.0680E-03  2.0740E-02  1.0520E-01  2.3370E-06  3.9000E-04  2.0160E-02  2.4060E-01
  2.4020E-05  1.2180E-03  2.3540E-02  1.1880E-01  2.6680E-06  4.4440E-04  2.2820E-02  2.6970E-01
  2.7000E-05  1.3670E-03  2.6280E-02  1.3190E-01  2.9980E-06  4.9830E-04  2.5390E-02  2.9690E-01
  2.9970E-05  1.5140E-03  2.8950E-02  1.4430E-01  3.3270E-06  5.5170E-04  2.7880E-02  3.2190E-01
  3.2940E-05  1.6610E-03  3.1550E-02  1.5620E-01  3.6560E-06  6.0460E-04  3.0260E-02  3.4460E-01
  3.5900E-05  1.8060E-03  3.4070E-02  1.6730E-01  3.9830E-06  6.5680E-04  3.2540E-02  3.6500E-01
  3.8850E-05  1.9490E-03  3.6500E-02  1.7780E-01  4.3090E-06  7.0840E-04  3.4700E-02  3.8280E-01
  4.1790E-05  2.0910E-03  3.8840E-02  1.8740E-01  4.6340E-06  7.5920E-04  3.6730E-02  3.9800E-01
  4.4720E-05  2.2320E-03  4.1090E-02  1.9630E-01  4.9570E-06  8.0930E-04  3.8650E-02  4.1070E-01
  4.7650E-05  2.3710E-03  4.3240E-02  2.0440E-01  5.2790E-06  8.5850E-04  4.0430E-02  4.2060E-01
  5.0560E-05  2.5070E-03  4.5280E-02  2.1160E-01  5.6000E-06  9.0690E-04  4.2070E-02  4.2790E-01
  5.3470E-05  2.6420E-03  4.7210E-02  2.1790E-01  5.9180E-06  9.5430E-04  4.3570E-02  4.3250E-01
  5.6360E-05  2.7750E-03  4.9030E-02  2.2350E-01  6.2360E-06  1.0010E-03  4.4940E-02  4.3460E-01
  5.9240E-05  2.9060E-03  5.0730E-02  2.2810E-01  6.5510E-06  1.0460E-03  4.6150E-02  4.3410E-01
  6.2110E-05  3.0340E-03  5.2320E-02  2.3190E-01  6.8640E-06  1.0910E-03  4.7220E-02  4.3120E-01
  6.4960E-05  3.1600E-03  5.3780E-02  2.3480E-01  7.1760E-06  1.1340E-03  4.8140E-02  4.2600E-01
  6.7800E-05  3.2830E-03  5.5130E-02  2.3690E-01  7.4850E-06  1.1760E-03  4.8920E-02  4.1860E-01
  7.0630E-05  3.4040E-03  5.6350E-02  2.3810E-01  7.7920E-06  1.2170E-03  4.9550E-02  4.0920E-01
  7.3440E-05  3.5230E-03  5.7450E-02  2.3850E-01  8.0970E-06  1.2570E-03  5.0030E-02  3.9790E-01
  7.6240E-05  3.6380E-03  5.8430E-02  2.3820E-01  8.4000E-06  1.2960E-03  5.0380E-02  3.8490E-01
  7.9020E-05  3.7510E-03  5.9280E-02  2.3700E-01  8.7000E-06  1.3330E-03  5.0580E-02  3.7040E-01
  8.1780E-05  3.8610E-03  6.0010E-02  2.3520E-01  8.9970E-06  1.3690E-03  5.0640E-02  3.5460E-01
  8.4530E-05  3.9680E-03  6.0620E-02  2.3260E-01  9.2930E-06  1.4040E-03  5.0580E-02  3.3760E-01
  8.7260E-05  4.0720E-03  6.1110E-02  2.2950E-01  9.5850E-06  1.4380E-03  5.0380E-02  3.1970E-01
  8.9970E-05  4.1740E-03  6.1480E-02  2.2570E-01  9.8750E-06  1.4700E-03  5.0070E-02  3.0100E-01
  9.2660E-05  4.2720E-03  6.1730E-02  2.2130E-01  1.0160E-05  1.5000E-03  4.9630E-02  2.8180E-01
  9.5330E-05  4.3660E-03  6.1870E-02  2.1640E-01  1.0450E-05  1.5300E-03  4.9080E-02  2.6220E-01
  9.7980E-05  4.4580E-03  6.1900E-02  2.1100E-01  1.0730E-05  1.5580E-03  4.8430E-02  2.4240E-01
  1.0060E-04  4.5470E-03  6.1820E-02  2.0520E-01  1.1000E-05  1.5840E-03  4.7680E-02  2.2270E-01
  1.0320E-04  4.6320E-03  6.1630E-02  1.9910E-01  1.1280E-05  1.6090E-03  4.6830E-02  2.0300E-01
  1.0580E-04  4.7130E-03  6.1350E-02  1.9260E-01  1.1550E-05  1.6320E-03  4.5900E-02  1.8370E-01
  1.0840E-04  4.7920E-03  6.0970E-02  1.8580E-01  1.1820E-05  1.6550E-03  4.4880E-02  1.6490E-01
  1.1090E-04  4.8670E-03  6.0490E-02  1.7870E-01  1.2080E-05  1.6750E-03  4.3800E-02  1.4660E-01
  1.1340E-04  4.9380E-03  5.9930E-02  1.7150E-01  1.2340E-05  1.6940E-03  4.2650E-02  1.2900E-01
  1.1590E-04  5.0070E-03  5.9280E-02  1.6410E-01  1.2600E-05  1.7120E-03  4.1440E-02  1.1230E-01
  1.1840E-04  5.0710E-03  5.8560E-02  1.5660E-01  1.2860E-05  1.7280E-03  4.0180E-02  9.6360E-02
  1.2090E-04  5.1320E-03  5.7760E-02  1.4910E-01  1.3110E-05  1.7420E-03  3.8880E-02  8.1410E-02
  1.2330E-04  5.1900E-03  5.6890E-02  1.4150E-01  1.3360E-05  1.7550E-03  3.7540E-02  6.7480E-02
  1.2570E-04  5.2440E-03  5.5950E-02  1.3400E-01  1.3600E-05  1.7670E-03  3.6180E-02  5.4590E-02
  1.2810E-04  5.2950E-03  5.4960E-02  1.2650E-01  1.3840E-05  1.7770E-03  3.4780E-02  4.2770E-02
  1.3040E-04  5.3420E-03  5.3910E-02  1.1910E-01  1.4070E-05  1.7860E-03  3.3370E-02  3.2050E-02
  1.3270E-04  5.3850E-03  5.2810E-02  1.1190E-01  1.4310E-05  1.7930E-03  3.1950E-02  2.2410E-02
  1.3500E-04  5.4250E-03  5.1670E-02  1.0470E-01  1.4530E-05  1.7990E-03  3.0530E-02  1.3850E-02
  1.3730E-04  5.4620E-03  5.0490E-02  9.7780E-02  1.4760E-05  1.8030E-03  2.9100E-02  6.3420E-03
  1.3950E-04  5.4950E-03  4.9270E-02  9.1030E-02  1.4980E-05  1.8060E-03  2.7680E-02 -1.4050E-04
  1.4170E-04  5.5250E-03  4.8030E-02  8.4500E-02  1.5190E-05  1.8070E-03  2.6270E-02 -5.6420E-03
  1.4390E-04  5.5510E-03  4.6750E-02  7.8210E-02  1.5400E-05  1.8080E-03  2.4880E-02 -1.0210E-02
  1.4610E-04  5.5740E-03  4.5460E-02  7.2170E-02  1.5610E-05  1.8060E-03  2.3510E-02 -1.3900E-02
  1.4820E-04  5.5930E-03  4.4150E-02  6.6390E-02  1.5810E-05  1.8040E-03  2.2160E-02 -1.6770E-02
  1.5030E-04  5.6090E-03  4.2830E-02  6.0890E-02  1.6010E-05  1.8000E-03  2.0830E-02 -1.8900E-02
  1.5230E-04  5.6220E-03  4.1500E-02  5.5670E-02  1.6210E-05  1.7950E-03  1.9540E-02 -2.0330E-02
  1.5440E-04  5.6310E-03  4.0160E-02  5.0740E-02  1.6400E-05  1.7880E-03  1.8280E-02 -2.1150E-02
  1.5640E-04  5.6370E-03  3.8830E-02  4.6100E-02  1.6580E-05  1.7800E-03  1.7060E-02 -2.1430E-02
  1.5840E-04  5.6400E-03  3.7490E-02  4.1750E-02  1.6760E-05  1.7720E-03  1.5870E-02 -2.1230E-02
  1.6030E-04  5.6390E-03  3.6170E-02  3.7690E-02  1.6940E-05  1.7610E-03  1.4720E-02 -2.0620E-02
  1.6220E-04  5.6360E-03  3.4850E-02  3.3910E-02  1.7110E-05  1.7500E-03  1.3620E-02 -1.9680E-02
  1.6410E-04  5.6290E-03  3.3550E-02  3.0420E-02  1.7280E-05  1.7380E-03  1.2560E-02 -1.8460E-02
  1.6590E-04  5.6200E-03  3.2260E-02  2.7200E-02  1.7440E-05  1.7240E-03  1.1540E-02 -1.7020E-02
  1.6770E-04  5.6070E-03  3.0990E-02  2.4250E-02  1.7600E-05  1.7100E-03  1.0560E-02 -1.5430E-02
  1.6950E-04  5.5920E-03  2.9740E-02  2.1560E-02  1.7750E-05  1.6940E-03  9.6290E-03 -1.3740E-02
  1.7130E-04  5.5730E-03  2.8520E-02  1.9120E-02  1.7900E-05  1.6780E-03  8.7420E-03 -1.1990E-02
  1.7300E-04  5.5520E-03  2.7310E-02  1.6910E-02  1.8050E-05  1.6600E-03  7.8990E-03 -1.0240E-02
  1.7470E-04  5.5290E-03  2.6140E-02  1.4940E-02  1.8190E-05  1.6420E-03  7.1000E-03 -8.5070E-03
  1.7630E-04  5.5020E-03  2.4990E-02  1.3170E-02  1.8320E-05  1.6220E-03  6.3450E-03 -6.8410E-03
  1.7790E-04  5.4730E-03  2.3870E-02  1.1610E-02  1.8450E-05  1.6020E-03  5.6330E-03 -5.2660E-03
  1.7950E-04  5.4410E-03  2.2780E-02  1.0230E-02  1.8580E-05  1.5810E-03  4.9630E-03 -3.8060E-03
  1.8100E-04  5.4070E-03  2.1720E-02  9.0350E-03  1.8700E-05  1.5600E-03  4.3330E-03 -2.4800E-03
  1.8250E-04  5.3700E-03  2.0690E-02  7.9990E-03  1.8810E-05  1.5370E-03  3.7440E-03 -1.3010E-03
  1.8400E-04  5.3320E-03  1.9690E-02  7.1120E-03  1.8920E-05  1.5140E-03  3.1930E-03 -2.8070E-04
  1.8550E-04  5.2900E-03  1.8730E-02  6.3610E-03  1.9030E-05  1.4900E-03  2.6800E-03  5.7620E-04
  1.8690E-04  5.2470E-03  1.7800E-02  5.7340E-03  1.9130E-05  1.4660E-03  2.2030E-03  1.2670E-03
  1.8820E-04  5.2020E-03  1.6900E-02  5.2180E-03  1.9230E-05  1.4410E-03  1.7600E-03  1.7940E-03
  1.8960E-04  5.1540E-03  1.6040E-02  4.8010E-03  1.9320E-05  1.4150E-03  1.3510E-03  2.1610E-03
  1.9090E-04  5.1050E-03  1.5200E-02  4.4720E-03  1.9400E-05  1.3890E-03  9.7390E-04  2.3750E-03
  1.9210E-04  5.0540E-03  1.4410E-02  4.2200E-03  1.9490E-05  1.3630E-03  6.2690E-04  2.4460E-03
  1.9340E-04  5.0010E-03  1.3640E-02  4.0340E-03  1.9560E-05  1.3360E-03  3.0880E-04  2.3830E-03
  1.9460E-04  4.9460E-03  1.2900E-02  3.9050E-03  1.9630E-05  1.3080E-03  1.7920E-05  2.2020E-03
  1.9570E-04  4.8890E-03  1.2200E-02  3.8220E-03  1.9700E-05  1.2810E-03 -2.4690E-04  1.9140E-03
  1.9680E-04  4.8310E-03  1.1530E-02  3.7790E-03  1.9760E-05  1.2530E-03 -4.8730E-04  1.5340E-03
  1.9790E-04  4.7720E-03  1.0880E-02  3.7660E-03  1.9820E-05  1.2240E-03 -7.0450E-04  1.0780E-03
  1.9900E-04  4.7110E-03  1.0270E-02  3.7770E-03  1.9880E-05  1.1960E-03 -9.0010E-04  5.6020E-04
  2.0000E-04  4.6490E-03  9.6850E-03  3.8050E-03  1.9920E-05  1.1670E-03 -1.0750E-03 -3.9300E-06
  2.0100E-04  4.5850E-03  9.1260E-03  3.8440E-03  1.9970E-05  1.1380E-03 -1.2310E-03 -6.0000E-04
  2.0190E-04  4.5210E-03  8.5950E-03  3.8890E-03  2.0010E-05  1.1090E-03 -1.3690E-03 -1.2140E-03
  2.0280E-04  4.4550E-03  8.0890E-03  3.9350E-03  2.0040E-05  1.0800E-03 -1.4910E-03 -1.8330E-03
  2.0370E-04  4.3880E-03  7.6070E-03  3.9790E-03  2.0070E-05  1.0510E-03 -1.5960E-03 -2.4440E-03
  2.0460E-04  4.3200E-03  7.1490E-03  4.0150E-03  2.0090E-05  1.0210E-03 -1.6880E-03 -3.0370E-03
  2.0540E-04  4.2520E-03  6.7140E-03  4.0430E-03  2.0110E-05  9.9210E-04 -1.7650E-03 -3.6010E-03
  2.0610E-04  4.1820E-03  6.3010E-03  4.0590E-03  2.0130E-05  9.6290E-04 -1.8300E-03 -4.1280E-03
  2.0690E-04  4.1120E-03  5.9080E-03  4.0610E-03  2.0140E-05  9.3360E-04 -1.8840E-03 -4.6100E-03
  2.0760E-04  4.0410E-03  5.5360E-03  4.0480E-03  2.0150E-05  9.0450E-04 -1.9270E-03 -5.0400E-03
  2.0820E-04  3.9700E-03  5.1820E-03  4.0190E-03  2.0150E-05  8.7550E-04 -1.9590E-03 -5.4150E-03
  2.0880E-04  3.8980E-03  4.8460E-03  3.9730E-03  2.0140E-05  8.4660E-04 -1.9830E-03 -5.7300E-03
