 -4.0830E-06 -1.1670E-05 -3.1560E-05 -8.0520E-05 -1.9450E-04 -4.4680E-04 -9.8160E-04 -2.0700E-03 -4.2020E-03 -8.2080E-03 -1.5330E-02 -2.7010E-02 -4.6050E-07 -1.8040E-06 -6.5430E-06 -2.2070E-05 -6.9570E-05 -2.0510E-04 -5.6510E-04 -1.4510E-03 -3.4490E-03 -7.4570E-03 -1.4400E-02 -2.4580E-02
 -2.0820E-04 -5.9530E-04 -1.6090E-03 -4.1060E-03 -9.9180E-03 -2.2780E-02 -5.0050E-02 -1.0550E-01 -2.1420E-01 -4.1830E-01 -7.8110E-01 -1.3760E+00 -2.3480E-05 -9.2000E-05 -3.3360E-04 -1.1250E-03 -3.5480E-03 -1.0460E-02 -2.8810E-02 -7.3990E-02 -1.7580E-01 -3.8000E-01 -7.3350E-01 -1.2520E+00
 -4.1230E-04 -1.1790E-03 -3.1860E-03 -8.1300E-03 -1.9630E-02 -4.5100E-02 -9.9040E-02 -2.0880E-01 -4.2350E-01 -8.2670E-01 -1.5420E+00 -2.7140E+00 -4.6500E-05 -1.8220E-04 -6.6060E-04 -2.2280E-03 -7.0220E-03 -2.0700E-02 -5.7000E-02 -1.4630E-01 -3.4750E-01 -7.5080E-01 -1.4480E+00 -2.4720E+00
 -6.1630E-04 -1.7620E-03 -4.7620E-03 -1.2150E-02 -2.9330E-02 -6.7360E-02 -1.4790E-01 -3.1160E-01 -6.3160E-01 -1.2320E+00 -2.2950E+00 -4.0330E+00 -6.9510E-05 -2.7220E-04 -9.8710E-04 -3.3280E-03 -1.0490E-02 -3.0910E-02 -8.5070E-02 -2.1830E-01 -5.1790E-01 -1.1180E+00 -2.1550E+00 -3.6750E+00
 -8.2020E-04 -2.3440E-03 -6.3360E-03 -1.6160E-02 -3.9010E-02 -8.9550E-02 -1.9650E-01 -4.1380E-01 -8.3790E-01 -1.6320E+00 -3.0350E+00 -5.3230E+00 -9.2490E-05 -3.6220E-04 -1.3130E-03 -4.4270E-03 -1.3940E-02 -4.1070E-02 -1.1300E-01 -2.8960E-01 -6.8660E-01 -1.4810E+00 -2.8500E+00 -4.8550E+00
 -1.0240E-03 -2.9260E-03 -7.9070E-03 -2.0160E-02 -4.8650E-02 -1.1160E-01 -2.4480E-01 -5.1500E-01 -1.0420E+00 -2.0250E+00 -3.7590E+00 -6.5740E+00 -1.1540E-04 -4.5210E-04 -1.6380E-03 -5.5220E-03 -1.7390E-02 -5.1180E-02 -1.4070E-01 -3.6020E-01 -8.5280E-01 -1.8360E+00 -3.5300E+00 -6.0040E+00
 -1.2270E-03 -3.5070E-03 -9.4750E-03 -2.4150E-02 -5.8260E-02 -1.3360E-01 -2.9270E-01 -6.1520E-01 -1.2420E+00 -2.4100E+00 -4.4620E+00 -7.7790E+00 -1.3840E-04 -5.4170E-04 -1.9630E-03 -6.6120E-03 -2.0810E-02 -6.1210E-02 -1.6810E-01 -4.2990E-01 -1.0160E+00 -2.1840E+00 -4.1900E+00 -7.1140E+00
 -1.4310E-03 -4.0870E-03 -1.1040E-02 -2.8130E-02 -6.7820E-02 -1.5540E-01 -3.4020E-01 -7.1400E-01 -1.4390E+00 -2.7850E+00 -5.1400E+00 -8.9290E+00 -1.6130E-04 -6.3120E-04 -2.2860E-03 -7.6980E-03 -2.4210E-02 -7.1160E-02 -1.9520E-01 -4.9840E-01 -1.1760E+00 -2.5210E+00 -4.8270E+00 -8.1790E+00
 -1.6340E-03 -4.6660E-03 -1.2600E-02 -3.2090E-02 -7.7330E-02 -1.7710E-01 -3.8720E-01 -8.1140E-01 -1.6320E+00 -3.1500E+00 -5.7910E+00 -1.0020E+01 -1.8410E-04 -7.2040E-04 -2.6080E-03 -8.7780E-03 -2.7590E-02 -8.1010E-02 -2.2190E-01 -5.6560E-01 -1.3310E+00 -2.8480E+00 -5.4380E+00 -9.1920E+00
 -1.8360E-03 -5.2430E-03 -1.4150E-02 -3.6030E-02 -8.6770E-02 -1.9850E-01 -4.3360E-01 -9.0700E-01 -1.8200E+00 -3.5010E+00 -6.4110E+00 -1.1040E+01 -2.0690E-04 -8.0930E-04 -2.9290E-03 -9.8520E-03 -3.0940E-02 -9.0740E-02 -2.4820E-01 -6.3130E-01 -1.4820E+00 -3.1610E+00 -6.0190E+00 -1.0150E+01
 -2.0380E-03 -5.8190E-03 -1.5700E-02 -3.9950E-02 -9.6150E-02 -2.1980E-01 -4.7930E-01 -1.0010E+00 -2.0030E+00 -3.8390E+00 -6.9980E+00 -1.1980E+01 -2.2960E-04 -8.9790E-04 -3.2480E-03 -1.0920E-02 -3.4250E-02 -1.0030E-01 -2.7390E-01 -6.9530E-01 -1.6280E+00 -3.4610E+00 -6.5690E+00 -1.1040E+01
 -2.2400E-03 -6.3930E-03 -1.7240E-02 -4.3850E-02 -1.0550E-01 -2.4080E-01 -5.2430E-01 -1.0920E+00 -2.1800E+00 -4.1620E+00 -7.5480E+00 -1.2850E+01 -2.5230E-04 -9.8620E-04 -3.5660E-03 -1.1980E-02 -3.7540E-02 -1.0980E-01 -2.9920E-01 -7.5760E-01 -1.7680E+00 -3.7460E+00 -7.0840E+00 -1.1870E+01
 -2.4410E-03 -6.9650E-03 -1.8780E-02 -4.7730E-02 -1.1470E-01 -2.6150E-01 -5.6850E-01 -1.1820E+00 -2.3510E+00 -4.4690E+00 -8.0600E+00 -1.3630E+01 -2.7490E-04 -1.0740E-03 -3.8810E-03 -1.3030E-02 -4.0780E-02 -1.1910E-01 -3.2390E-01 -8.1790E-01 -1.9020E+00 -4.0150E+00 -7.5620E+00 -1.2620E+01
 -2.6420E-03 -7.5350E-03 -2.0300E-02 -5.1570E-02 -1.2380E-01 -2.8190E-01 -6.1190E-01 -1.2690E+00 -2.5150E+00 -4.7590E+00 -8.5310E+00 -1.4320E+01 -2.9740E-04 -1.1620E-03 -4.1950E-03 -1.4060E-02 -4.3980E-02 -1.2820E-01 -3.4800E-01 -8.7610E-01 -2.0300E+00 -4.2670E+00 -8.0010E+00 -1.3300E+01
 -2.8420E-03 -8.1020E-03 -2.1820E-02 -5.5390E-02 -1.3280E-01 -3.0210E-01 -6.5430E-01 -1.3530E+00 -2.6720E+00 -5.0310E+00 -8.9610E+00 -1.4930E+01 -3.1980E-04 -1.2490E-03 -4.5060E-03 -1.5090E-02 -4.7140E-02 -1.3720E-01 -3.7140E-01 -9.3200E-01 -2.1510E+00 -4.5000E+00 -8.3990E+00 -1.3900E+01
 -3.0420E-03 -8.6680E-03 -2.3330E-02 -5.9170E-02 -1.4170E-01 -3.2190E-01 -6.9580E-01 -1.4350E+00 -2.8220E+00 -5.2840E+00 -9.3480E+00 -1.5450E+01 -3.4220E-04 -1.3350E-03 -4.8140E-03 -1.6110E-02 -5.0240E-02 -1.4600E-01 -3.9410E-01 -9.8560E-01 -2.2650E+00 -4.7150E+00 -8.7560E+00 -1.4420E+01
 -3.2400E-03 -9.2300E-03 -2.4830E-02 -6.2930E-02 -1.5060E-01 -3.4140E-01 -7.3620E-01 -1.5130E+00 -2.9640E+00 -5.5190E+00 -9.6900E+00 -1.5880E+01 -3.6440E-04 -1.4210E-03 -5.1210E-03 -1.7120E-02 -5.3300E-02 -1.5450E-01 -4.1610E-01 -1.0370E+00 -2.3710E+00 -4.9110E+00 -9.0690E+00 -1.4860E+01
 -3.4390E-03 -9.7900E-03 -2.6320E-02 -6.6640E-02 -1.5930E-01 -3.6050E-01 -7.7560E-01 -1.5890E+00 -3.0980E+00 -5.7330E+00 -9.9890E+00 -1.6220E+01 -3.8660E-04 -1.5070E-03 -5.4240E-03 -1.8110E-02 -5.6300E-02 -1.6290E-01 -4.3730E-01 -1.0850E+00 -2.4700E+00 -5.0860E+00 -9.3390E+00 -1.5220E+01
 -3.6360E-03 -1.0350E-02 -2.7800E-02 -7.0320E-02 -1.6780E-01 -3.7920E-01 -8.1380E-01 -1.6620E+00 -3.2240E+00 -5.9280E+00 -1.0240E+01 -1.6470E+01 -4.0860E-04 -1.5910E-03 -5.7240E-03 -1.9090E-02 -5.9250E-02 -1.7100E-01 -4.5760E-01 -1.1310E+00 -2.5610E+00 -5.2420E+00 -9.5650E+00 -1.5500E+01
 -3.8330E-03 -1.0900E-02 -2.9260E-02 -7.3960E-02 -1.7630E-01 -3.9750E-01 -8.5090E-01 -1.7310E+00 -3.3420E+00 -6.1020E+00 -1.0450E+01 -1.6630E+01 -4.3050E-04 -1.6760E-03 -6.0220E-03 -2.0060E-02 -6.2140E-02 -1.7890E-01 -4.7720E-01 -1.1740E+00 -2.6440E+00 -5.3770E+00 -9.7470E+00 -1.5690E+01
 -4.0290E-03 -1.1450E-02 -3.0720E-02 -7.7550E-02 -1.8460E-01 -4.1540E-01 -8.8670E-01 -1.7970E+00 -3.4510E+00 -6.2560E+00 -1.0620E+01 -1.6720E+01 -4.5240E-04 -1.7590E-03 -6.3160E-03 -2.1010E-02 -6.4960E-02 -1.8650E-01 -4.9580E-01 -1.2140E+00 -2.7190E+00 -5.4910E+00 -9.8840E+00 -1.5810E+01
 -4.2240E-03 -1.2000E-02 -3.2160E-02 -8.1110E-02 -1.9270E-01 -4.3290E-01 -9.2130E-01 -1.8590E+00 -3.5510E+00 -6.3890E+00 -1.0740E+01 -1.6720E+01 -4.7400E-04 -1.8420E-03 -6.6070E-03 -2.1940E-02 -6.7720E-02 -1.9390E-01 -5.1360E-01 -1.2520E+00 -2.7850E+00 -5.5850E+00 -9.9790E+00 -1.5850E+01
 -4.4180E-03 -1.2540E-02 -3.3590E-02 -8.4620E-02 -2.0080E-01 -4.4990E-01 -9.5460E-01 -1.9180E+00 -3.6420E+00 -6.5020E+00 -1.0820E+01 -1.6650E+01 -4.9560E-04 -1.9240E-03 -6.8940E-03 -2.2860E-02 -7.0410E-02 -2.0110E-01 -5.3040E-01 -1.2860E+00 -2.8430E+00 -5.6590E+00 -1.0030E+01 -1.5810E+01
 -4.6110E-03 -1.3080E-02 -3.5010E-02 -8.8080E-02 -2.0860E-01 -4.6650E-01 -9.8650E-01 -1.9740E+00 -3.7240E+00 -6.5950E+00 -1.0870E+01 -1.6510E+01 -5.1700E-04 -2.0060E-03 -7.1780E-03 -2.3770E-02 -7.3030E-02 -2.0790E-01 -5.4630E-01 -1.3180E+00 -2.8920E+00 -5.7120E+00 -1.0040E+01 -1.5700E+01
 -4.8030E-03 -1.3620E-02 -3.6410E-02 -9.1490E-02 -2.1630E-01 -4.8250E-01 -1.0170E+00 -2.0250E+00 -3.7980E+00 -6.6690E+00 -1.0870E+01 -1.6310E+01 -5.3820E-04 -2.0870E-03 -7.4580E-03 -2.4650E-02 -7.5580E-02 -2.1450E-01 -5.6120E-01 -1.3460E+00 -2.9340E+00 -5.7450E+00 -1.0010E+01 -1.5520E+01
 -4.9940E-03 -1.4150E-02 -3.7790E-02 -9.4850E-02 -2.2390E-01 -4.9810E-01 -1.0460E+00 -2.0730E+00 -3.8620E+00 -6.7230E+00 -1.0840E+01 -1.6040E+01 -5.5940E-04 -2.1660E-03 -7.7340E-03 -2.5520E-02 -7.8060E-02 -2.2080E-01 -5.7520E-01 -1.3710E+00 -2.9670E+00 -5.7590E+00 -9.9440E+00 -1.5280E+01
 -5.1840E-03 -1.4680E-02 -3.9160E-02 -9.8150E-02 -2.3120E-01 -5.1310E-01 -1.0740E+00 -2.1180E+00 -3.9180E+00 -6.7580E+00 -1.0770E+01 -1.5730E+01 -5.8030E-04 -2.2460E-03 -8.0060E-03 -2.6370E-02 -8.0460E-02 -2.2680E-01 -5.8810E-01 -1.3940E+00 -2.9910E+00 -5.7550E+00 -9.8390E+00 -1.4980E+01
 -5.3730E-03 -1.5200E-02 -4.0520E-02 -1.0140E-01 -2.3840E-01 -5.2770E-01 -1.1000E+00 -2.1580E+00 -3.9650E+00 -6.7750E+00 -1.0670E+01 -1.5360E+01 -6.0110E-04 -2.3240E-03 -8.2740E-03 -2.7200E-02 -8.2780E-02 -2.3260E-01 -6.0000E-01 -1.4130E+00 -3.0080E+00 -5.7320E+00 -9.7010E+00 -1.4620E+01
 -5.5610E-03 -1.5720E-02 -4.1860E-02 -1.0460E-01 -2.4550E-01 -5.4170E-01 -1.1250E+00 -2.1950E+00 -4.0030E+00 -6.7740E+00 -1.0540E+01 -1.4960E+01 -6.2170E-04 -2.4010E-03 -8.5370E-03 -2.8010E-02 -8.5020E-02 -2.3800E-01 -6.1100E-01 -1.4290E+00 -3.0170E+00 -5.6910E+00 -9.5300E+00 -1.4210E+01
 -5.7470E-03 -1.6230E-02 -4.3180E-02 -1.0770E-01 -2.5230E-01 -5.5520E-01 -1.1480E+00 -2.2280E+00 -4.0330E+00 -6.7560E+00 -1.0380E+01 -1.4520E+01 -6.4220E-04 -2.4780E-03 -8.7960E-03 -2.8810E-02 -8.7180E-02 -2.4310E-01 -6.2090E-01 -1.4420E+00 -3.0180E+00 -5.6340E+00 -9.3290E+00 -1.3760E+01
 -5.9330E-03 -1.6740E-02 -4.4480E-02 -1.1080E-01 -2.5890E-01 -5.6810E-01 -1.1700E+00 -2.2570E+00 -4.0540E+00 -6.7220E+00 -1.0190E+01 -1.4050E+01 -6.6250E-04 -2.5530E-03 -9.0510E-03 -2.9580E-02 -8.9250E-02 -2.4790E-01 -6.2970E-01 -1.4520E+00 -3.0110E+00 -5.5610E+00 -9.1000E+00 -1.3270E+01
 -6.1170E-03 -1.7250E-02 -4.5770E-02 -1.1380E-01 -2.6540E-01 -5.8040E-01 -1.1900E+00 -2.2830E+00 -4.0670E+00 -6.6740E+00 -9.9860E+00 -1.3550E+01 -6.8260E-04 -2.6270E-03 -9.3000E-03 -3.0330E-02 -9.1240E-02 -2.5240E-01 -6.3760E-01 -1.4590E+00 -2.9970E+00 -5.4740E+00 -8.8470E+00 -1.2740E+01
 -6.3000E-03 -1.7750E-02 -4.7040E-02 -1.1680E-01 -2.7170E-01 -5.9220E-01 -1.2090E+00 -2.3050E+00 -4.0720E+00 -6.6100E+00 -9.7600E+00 -1.3040E+01 -7.0250E-04 -2.7010E-03 -9.5450E-03 -3.1060E-02 -9.3150E-02 -2.5660E-01 -6.4440E-01 -1.4640E+00 -2.9770E+00 -5.3720E+00 -8.5710E+00 -1.2180E+01
 -6.4810E-03 -1.8240E-02 -4.8290E-02 -1.1970E-01 -2.7770E-01 -6.0350E-01 -1.2270E+00 -2.3230E+00 -4.0700E+00 -6.5340E+00 -9.5150E+00 -1.2510E+01 -7.2220E-04 -2.7730E-03 -9.7850E-03 -3.1760E-02 -9.4960E-02 -2.6040E-01 -6.5020E-01 -1.4650E+00 -2.9490E+00 -5.2580E+00 -8.2760E+00 -1.1600E+01
 -6.6610E-03 -1.8730E-02 -4.9520E-02 -1.2250E-01 -2.8360E-01 -6.1410E-01 -1.2420E+00 -2.3380E+00 -4.0600E+00 -6.4450E+00 -9.2550E+00 -1.1980E+01 -7.4170E-04 -2.8450E-03 -1.0020E-02 -3.2450E-02 -9.6690E-02 -2.6400E-01 -6.5500E-01 -1.4640E+00 -2.9160E+00 -5.1320E+00 -7.9640E+00 -1.1000E+01
 -6.8400E-03 -1.9220E-02 -5.0730E-02 -1.2530E-01 -2.8930E-01 -6.2420E-01 -1.2570E+00 -2.3490E+00 -4.0430E+00 -6.3440E+00 -8.9820E+00 -1.1440E+01 -7.6100E-04 -2.9150E-03 -1.0250E-02 -3.3110E-02 -9.8330E-02 -2.6720E-01 -6.5880E-01 -1.4600E+00 -2.8760E+00 -4.9950E+00 -7.6370E+00 -1.0390E+01
 -7.0170E-03 -1.9690E-02 -5.1920E-02 -1.2800E-01 -2.9470E-01 -6.3360E-01 -1.2690E+00 -2.3570E+00 -4.0200E+00 -6.2340E+00 -8.6990E+00 -1.0900E+01 -7.8010E-04 -2.9850E-03 -1.0470E-02 -3.3750E-02 -9.9880E-02 -2.7010E-01 -6.6160E-01 -1.4530E+00 -2.8310E+00 -4.8490E+00 -7.2990E+00 -9.7690E+00
 -7.1930E-03 -2.0170E-02 -5.3090E-02 -1.3060E-01 -3.0000E-01 -6.4250E-01 -1.2800E+00 -2.3610E+00 -3.9900E+00 -6.1130E+00 -8.4080E+00 -1.0360E+01 -7.9900E-04 -3.0530E-03 -1.0690E-02 -3.4370E-02 -1.0130E-01 -2.7270E-01 -6.6340E-01 -1.4440E+00 -2.7800E+00 -4.6940E+00 -6.9510E+00 -9.1440E+00
 -7.3680E-03 -2.0630E-02 -5.4240E-02 -1.3320E-01 -3.0500E-01 -6.5080E-01 -1.2900E+00 -2.3620E+00 -3.9540E+00 -5.9840E+00 -8.1100E+00 -9.8290E+00 -8.1770E-04 -3.1200E-03 -1.0910E-02 -3.4960E-02 -1.0270E-01 -2.7490E-01 -6.6430E-01 -1.4330E+00 -2.7250E+00 -4.5320E+00 -6.5980E+00 -8.5190E+00
 -7.5400E-03 -2.1090E-02 -5.5360E-02 -1.3570E-01 -3.0980E-01 -6.5850E-01 -1.2980E+00 -2.3590E+00 -3.9120E+00 -5.8480E+00 -7.8080E+00 -9.3090E+00 -8.3610E-04 -3.1860E-03 -1.1120E-02 -3.5530E-02 -1.0400E-01 -2.7690E-01 -6.6430E-01 -1.4190E+00 -2.6640E+00 -4.3640E+00 -6.2400E+00 -7.9000E+00
 -7.7120E-03 -2.1550E-02 -5.6470E-02 -1.3810E-01 -3.1440E-01 -6.6570E-01 -1.3050E+00 -2.3540E+00 -3.8640E+00 -5.7050E+00 -7.5040E+00 -8.8020E+00 -8.5440E-04 -3.2500E-03 -1.1320E-02 -3.6080E-02 -1.0520E-01 -2.7850E-01 -6.6330E-01 -1.4030E+00 -2.6000E+00 -4.1910E+00 -5.8800E+00 -7.2900E+00
 -7.8810E-03 -2.2000E-02 -5.7550E-02 -1.4040E-01 -3.1880E-01 -6.7220E-01 -1.3110E+00 -2.3460E+00 -3.8120E+00 -5.5560E+00 -7.1990E+00 -8.3090E+00 -8.7240E-04 -3.3140E-03 -1.1520E-02 -3.6600E-02 -1.0620E-01 -2.7980E-01 -6.6140E-01 -1.3840E+00 -2.5320E+00 -4.0140E+00 -5.5200E+00 -6.6920E+00
 -8.0490E-03 -2.2440E-02 -5.8610E-02 -1.4270E-01 -3.2300E-01 -6.7810E-01 -1.3150E+00 -2.3340E+00 -3.7550E+00 -5.4030E+00 -6.8960E+00 -7.8330E+00 -8.9010E-04 -3.3760E-03 -1.1710E-02 -3.7100E-02 -1.0720E-01 -2.8080E-01 -6.5860E-01 -1.3640E+00 -2.4610E+00 -3.8340E+00 -5.1630E+00 -6.1090E+00
 -8.2150E-03 -2.2870E-02 -5.9650E-02 -1.4490E-01 -3.2700E-01 -6.8350E-01 -1.3170E+00 -2.3200E+00 -3.6930E+00 -5.2450E+00 -6.5940E+00 -7.3740E+00 -9.0760E-04 -3.4370E-03 -1.1890E-02 -3.7570E-02 -1.0810E-01 -2.8160E-01 -6.5500E-01 -1.3420E+00 -2.3870E+00 -3.6520E+00 -4.8110E+00 -5.5460E+00
 -8.3800E-03 -2.3300E-02 -6.0670E-02 -1.4700E-01 -3.3070E-01 -6.8820E-01 -1.3180E+00 -2.3040E+00 -3.6280E+00 -5.0850E+00 -6.2970E+00 -6.9340E+00 -9.2490E-04 -3.4970E-03 -1.2070E-02 -3.8020E-02 -1.0900E-01 -2.8200E-01 -6.5060E-01 -1.3180E+00 -2.3100E+00 -3.4680E+00 -4.4640E+00 -5.0030E+00
 -8.5430E-03 -2.3720E-02 -6.1660E-02 -1.4910E-01 -3.3420E-01 -6.9240E-01 -1.3180E+00 -2.2840E+00 -3.5590E+00 -4.9220E+00 -6.0050E+00 -6.5140E+00 -9.4190E-04 -3.5550E-03 -1.2250E-02 -3.8440E-02 -1.0970E-01 -2.8210E-01 -6.4530E-01 -1.2930E+00 -2.2320E+00 -3.2850E+00 -4.1250E+00 -4.4840E+00
 -8.7040E-03 -2.4140E-02 -6.2630E-02 -1.5100E-01 -3.3750E-01 -6.9600E-01 -1.3170E+00 -2.2630E+00 -3.4860E+00 -4.7580E+00 -5.7180E+00 -6.1140E+00 -9.5870E-04 -3.6120E-03 -1.2410E-02 -3.8840E-02 -1.1030E-01 -2.8190E-01 -6.3940E-01 -1.2660E+00 -2.1510E+00 -3.1020E+00 -3.7960E+00 -3.9890E+00
 -8.8630E-03 -2.4550E-02 -6.3570E-02 -1.5290E-01 -3.4060E-01 -6.9910E-01 -1.3140E+00 -2.2390E+00 -3.4110E+00 -4.5930E+00 -5.4390E+00 -5.7350E+00 -9.7520E-04 -3.6680E-03 -1.2570E-02 -3.9210E-02 -1.1080E-01 -2.8140E-01 -6.3260E-01 -1.2370E+00 -2.0690E+00 -2.9210E+00 -3.4760E+00 -3.5220E+00
 -9.0200E-03 -2.4950E-02 -6.4490E-02 -1.5480E-01 -3.4340E-01 -7.0150E-01 -1.3100E+00 -2.2120E+00 -3.3330E+00 -4.4280E+00 -5.1670E+00 -5.3750E+00 -9.9140E-04 -3.7230E-03 -1.2730E-02 -3.9560E-02 -1.1130E-01 -2.8070E-01 -6.2520E-01 -1.2080E+00 -1.9860E+00 -2.7430E+00 -3.1690E+00 -3.0810E+00
 -9.1760E-03 -2.5350E-02 -6.5390E-02 -1.5650E-01 -3.4610E-01 -7.0350E-01 -1.3050E+00 -2.1840E+00 -3.2540E+00 -4.2630E+00 -4.9030E+00 -5.0360E+00 -1.0070E-03 -3.7760E-03 -1.2880E-02 -3.9880E-02 -1.1160E-01 -2.7970E-01 -6.1710E-01 -1.1770E+00 -1.9020E+00 -2.5670E+00 -2.8740E+00 -2.6690E+00
 -9.3300E-03 -2.5730E-02 -6.6260E-02 -1.5820E-01 -3.4850E-01 -7.0480E-01 -1.2990E+00 -2.1540E+00 -3.1720E+00 -4.1000E+00 -4.6480E+00 -4.7170E+00 -1.0230E-03 -3.8270E-03 -1.3020E-02 -4.0180E-02 -1.1190E-01 -2.7840E-01 -6.0840E-01 -1.1450E+00 -1.8180E+00 -2.3950E+00 -2.5920E+00 -2.2850E+00
 -9.4810E-03 -2.6110E-02 -6.7110E-02 -1.5980E-01 -3.5070E-01 -7.0570E-01 -1.2910E+00 -2.1220E+00 -3.0880E+00 -3.9380E+00 -4.4020E+00 -4.4170E+00 -1.0390E-03 -3.8780E-03 -1.3160E-02 -4.0450E-02 -1.1210E-01 -2.7680E-01 -5.9910E-01 -1.1130E+00 -1.7340E+00 -2.2270E+00 -2.3240E+00 -1.9310E+00
 -9.6310E-03 -2.6490E-02 -6.7930E-02 -1.6130E-01 -3.5270E-01 -7.0600E-01 -1.2830E+00 -2.0880E+00 -3.0040E+00 -3.7780E+00 -4.1650E+00 -4.1350E+00 -1.0540E-03 -3.9270E-03 -1.3290E-02 -4.0700E-02 -1.1220E-01 -2.7500E-01 -5.8920E-01 -1.0790E+00 -1.6500E+00 -2.0640E+00 -2.0700E+00 -1.6050E+00
 -9.7790E-03 -2.6850E-02 -6.8730E-02 -1.6270E-01 -3.5440E-01 -7.0580E-01 -1.2730E+00 -2.0530E+00 -2.9180E+00 -3.6200E+00 -3.9380E+00 -3.8710E+00 -1.0690E-03 -3.9750E-03 -1.3410E-02 -4.0930E-02 -1.1220E-01 -2.7300E-01 -5.7880E-01 -1.0450E+00 -1.5670E+00 -1.9060E+00 -1.8310E+00 -1.3070E+00
 -9.9250E-03 -2.7210E-02 -6.9500E-02 -1.6410E-01 -3.5600E-01 -7.0500E-01 -1.2620E+00 -2.0170E+00 -2.8320E+00 -3.4650E+00 -3.7200E+00 -3.6240E+00 -1.0830E-03 -4.0210E-03 -1.3530E-02 -4.1120E-02 -1.1210E-01 -2.7070E-01 -5.6790E-01 -1.0100E+00 -1.4840E+00 -1.7530E+00 -1.6070E+00 -1.0370E+00
 -1.0070E-02 -2.7560E-02 -7.0250E-02 -1.6530E-01 -3.5730E-01 -7.0380E-01 -1.2510E+00 -1.9790E+00 -2.7460E+00 -3.3140E+00 -3.5120E+00 -3.3930E+00 -1.0980E-03 -4.0650E-03 -1.3640E-02 -4.1300E-02 -1.1200E-01 -2.6820E-01 -5.5650E-01 -9.7520E-01 -1.4030E+00 -1.6060E+00 -1.3980E+00 -7.9380E-01
 -1.0210E-02 -2.7910E-02 -7.0970E-02 -1.6650E-01 -3.5840E-01 -7.0210E-01 -1.2380E+00 -1.9400E+00 -2.6590E+00 -3.1660E+00 -3.3140E+00 -3.1780E+00 -1.1120E-03 -4.1090E-03 -1.3750E-02 -4.1450E-02 -1.1170E-01 -2.6550E-01 -5.4470E-01 -9.3990E-01 -1.3230E+00 -1.4660E+00 -1.2040E+00 -5.7670E-01
 -1.0350E-02 -2.8240E-02 -7.1660E-02 -1.6770E-01 -3.5930E-01 -6.9990E-01 -1.2250E+00 -1.9000E+00 -2.5720E+00 -3.0210E+00 -3.1250E+00 -2.9760E+00 -1.1250E-03 -4.1510E-03 -1.3850E-02 -4.1570E-02 -1.1140E-01 -2.6250E-01 -5.3250E-01 -9.0430E-01 -1.2440E+00 -1.3320E+00 -1.0250E+00 -3.8430E-01
 -1.0490E-02 -2.8570E-02 -7.2330E-02 -1.6870E-01 -3.6010E-01 -6.9720E-01 -1.2110E+00 -1.8590E+00 -2.4860E+00 -2.8810E+00 -2.9450E+00 -2.7880E+00 -1.1390E-03 -4.1910E-03 -1.3940E-02 -4.1670E-02 -1.1100E-01 -2.5940E-01 -5.2000E-01 -8.6860E-01 -1.1670E+00 -1.2040E+00 -8.5970E-01 -2.1550E-01
 -1.0620E-02 -2.8890E-02 -7.2970E-02 -1.6970E-01 -3.6060E-01 -6.9410E-01 -1.1960E+00 -1.8180E+00 -2.4000E+00 -2.7440E+00 -2.7740E+00 -2.6120E+00 -1.1520E-03 -4.2300E-03 -1.4030E-02 -4.1750E-02 -1.1050E-01 -2.5600E-01 -5.0720E-01 -8.3290E-01 -1.0920E+00 -1.0830E+00 -7.0880E-01 -6.8920E-02
 -1.0760E-02 -2.9200E-02 -7.3590E-02 -1.7060E-01 -3.6090E-01 -6.9050E-01 -1.1800E+00 -1.7750E+00 -2.3150E+00 -2.6120E+00 -2.6120E+00 -2.4480E+00 -1.1650E-03 -4.2680E-03 -1.4110E-02 -4.1800E-02 -1.0990E-01 -2.5250E-01 -4.9410E-01 -7.9730E-01 -1.0190E+00 -9.6820E-01 -5.7150E-01  5.6890E-02
 -1.0890E-02 -2.9510E-02 -7.4180E-02 -1.7140E-01 -3.6100E-01 -6.8660E-01 -1.1640E+00 -1.7320E+00 -2.2310E+00 -2.4840E+00 -2.4580E+00 -2.2950E+00 -1.1770E-03 -4.3040E-03 -1.4180E-02 -4.1830E-02 -1.0930E-01 -2.4880E-01 -4.8070E-01 -7.6180E-01 -9.4760E-01 -8.6030E-01 -4.4730E-01  1.6340E-01
 -1.1020E-02 -2.9800E-02 -7.4740E-02 -1.7210E-01 -3.6090E-01 -6.8220E-01 -1.1470E+00 -1.6890E+00 -2.1480E+00 -2.3610E+00 -2.3130E+00 -2.1520E+00 -1.1900E-03 -4.3380E-03 -1.4250E-02 -4.1830E-02 -1.0860E-01 -2.4500E-01 -4.6710E-01 -7.2670E-01 -8.7890E-01 -7.5910E-01 -3.3570E-01  2.5210E-01
 -1.1140E-02 -3.0090E-02 -7.5280E-02 -1.7280E-01 -3.6060E-01 -6.7740E-01 -1.1300E+00 -1.6460E+00 -2.0660E+00 -2.2420E+00 -2.1750E+00 -2.0180E+00 -1.2010E-03 -4.3710E-03 -1.4310E-02 -4.1810E-02 -1.0790E-01 -2.4090E-01 -4.5340E-01 -6.9190E-01 -8.1250E-01 -6.6440E-01 -2.3600E-01  3.2450E-01
 -1.1270E-02 -3.0370E-02 -7.5790E-02 -1.7330E-01 -3.6010E-01 -6.7220E-01 -1.1120E+00 -1.6020E+00 -1.9850E+00 -2.1270E+00 -2.0450E+00 -1.8920E+00 -1.2130E-03 -4.4030E-03 -1.4360E-02 -4.1770E-02 -1.0700E-01 -2.3680E-01 -4.3950E-01 -6.5750E-01 -7.4860E-01 -5.7610E-01 -1.4750E-01  3.8220E-01
 -1.1390E-02 -3.0640E-02 -7.6280E-02 -1.7380E-01 -3.5940E-01 -6.6660E-01 -1.0930E+00 -1.5580E+00 -1.9060E+00 -2.0170E+00 -1.9220E+00 -1.7750E+00 -1.2240E-03 -4.4330E-03 -1.4410E-02 -4.1710E-02 -1.0610E-01 -2.3250E-01 -4.2550E-01 -6.2360E-01 -6.8720E-01 -4.9410E-01 -6.9720E-02  4.2660E-01
 -1.1510E-02 -3.0910E-02 -7.6740E-02 -1.7430E-01 -3.5860E-01 -6.6070E-01 -1.0740E+00 -1.5140E+00 -1.8290E+00 -1.9110E+00 -1.8060E+00 -1.6650E+00 -1.2350E-03 -4.4620E-03 -1.4450E-02 -4.1620E-02 -1.0510E-01 -2.2800E-01 -4.1140E-01 -5.9020E-01 -6.2840E-01 -4.1830E-01 -1.7970E-03  4.5920E-01
 -1.1630E-02 -3.1170E-02 -7.7170E-02 -1.7460E-01 -3.5760E-01 -6.5440E-01 -1.0540E+00 -1.4700E+00 -1.7530E+00 -1.8090E+00 -1.6970E+00 -1.5610E+00 -1.2460E-03 -4.4890E-03 -1.4490E-02 -4.1520E-02 -1.0410E-01 -2.2350E-01 -3.9720E-01 -5.5750E-01 -5.7220E-01 -3.4840E-01  5.6930E-02  4.8130E-01
 -1.1750E-02 -3.1410E-02 -7.7580E-02 -1.7490E-01 -3.5640E-01 -6.4780E-01 -1.0340E+00 -1.4260E+00 -1.6790E+00 -1.7120E+00 -1.5940E+00 -1.4640E+00 -1.2560E-03 -4.5150E-03 -1.4520E-02 -4.1390E-02 -1.0300E-01 -2.1890E-01 -3.8310E-01 -5.2540E-01 -5.1850E-01 -2.8420E-01  1.0720E-01  4.9440E-01
 -1.1860E-02 -3.1650E-02 -7.7960E-02 -1.7510E-01 -3.5500E-01 -6.4100E-01 -1.0140E+00 -1.3820E+00 -1.6070E+00 -1.6190E+00 -1.4970E+00 -1.3720E+00 -1.2670E-03 -4.5390E-03 -1.4540E-02 -4.1240E-02 -1.0190E-01 -2.1410E-01 -3.6890E-01 -4.9400E-01 -4.6750E-01 -2.2550E-01  1.4960E-01  4.9970E-01
 -1.1970E-02 -3.1880E-02 -7.8310E-02 -1.7530E-01 -3.5340E-01 -6.3380E-01 -9.9370E-01 -1.3390E+00 -1.5370E+00 -1.5310E+00 -1.4050E+00 -1.2860E+00 -1.2760E-03 -4.5610E-03 -1.4560E-02 -4.1070E-02 -1.0070E-01 -2.0930E-01 -3.5480E-01 -4.6350E-01 -4.1910E-01 -1.7200E-01  1.8500E-01  4.9840E-01
 -1.2080E-02 -3.2110E-02 -7.8640E-02 -1.7530E-01 -3.5170E-01 -6.2630E-01 -9.7290E-01 -1.2960E+00 -1.4680E+00 -1.4460E+00 -1.3180E+00 -1.2050E+00 -1.2860E-03 -4.5820E-03 -1.4570E-02 -4.0880E-02 -9.9450E-02 -2.0430E-01 -3.4080E-01 -4.3370E-01 -3.7330E-01 -1.2350E-01  2.1400E-01  4.9160E-01
 -1.2180E-02 -3.2320E-02 -7.8940E-02 -1.7530E-01 -3.4990E-01 -6.1850E-01 -9.5190E-01 -1.2530E+00 -1.4020E+00 -1.3650E+00 -1.2370E+00 -1.1280E+00 -1.2950E-03 -4.6020E-03 -1.4580E-02 -4.0670E-02 -9.8150E-02 -1.9940E-01 -3.2680E-01 -4.0470E-01 -3.3010E-01 -7.9810E-02  2.3720E-01  4.8040E-01
 -1.2290E-02 -3.2530E-02 -7.9220E-02 -1.7520E-01 -3.4790E-01 -6.1050E-01 -9.3070E-01 -1.2110E+00 -1.3370E+00 -1.2880E+00 -1.1600E+00 -1.0560E+00 -1.3040E-03 -4.6200E-03 -1.4580E-02 -4.0440E-02 -9.6800E-02 -1.9430E-01 -3.1290E-01 -3.7660E-01 -2.8930E-01 -4.0530E-02  2.5530E-01  4.6560E-01
 -1.2390E-02 -3.2730E-02 -7.9470E-02 -1.7510E-01 -3.4570E-01 -6.0230E-01 -9.0940E-01 -1.1690E+00 -1.2750E+00 -1.2150E+00 -1.0880E+00 -9.8810E-01 -1.3120E-03 -4.6370E-03 -1.4570E-02 -4.0190E-02 -9.5410E-02 -1.8920E-01 -2.9920E-01 -3.4950E-01 -2.5110E-01 -5.4380E-03  2.6890E-01  4.4820E-01
 -1.2490E-02 -3.2920E-02 -7.9700E-02 -1.7490E-01 -3.4340E-01 -5.9380E-01 -8.8800E-01 -1.1280E+00 -1.2150E+00 -1.1450E+00 -1.0200E+00 -9.2400E-01 -1.3200E-03 -4.6520E-03 -1.4560E-02 -3.9920E-02 -9.3980E-02 -1.8410E-01 -2.8560E-01 -3.2320E-01 -2.1520E-01  2.5750E-02  2.7850E-01  4.2880E-01
 -1.2590E-02 -3.3100E-02 -7.9900E-02 -1.7460E-01 -3.4090E-01 -5.8520E-01 -8.6650E-01 -1.0880E+00 -1.1560E+00 -1.0790E+00 -9.5540E-01 -8.6350E-01 -1.3280E-03 -4.6660E-03 -1.4540E-02 -3.9630E-02 -9.2500E-02 -1.7890E-01 -2.7220E-01 -2.9780E-01 -1.8180E-01  5.3290E-02  2.8470E-01  4.0820E-01
 -1.2680E-02 -3.3280E-02 -8.0070E-02 -1.7430E-01 -3.3830E-01 -5.7630E-01 -8.4490E-01 -1.0480E+00 -1.1000E+00 -1.0160E+00 -8.9490E-01 -8.0640E-01 -1.3350E-03 -4.6780E-03 -1.4520E-02 -3.9330E-02 -9.0990E-02 -1.7370E-01 -2.5900E-01 -2.7340E-01 -1.5060E-01  7.7450E-02  2.8800E-01  3.8700E-01
 -1.2770E-02 -3.3440E-02 -8.0220E-02 -1.7390E-01 -3.3560E-01 -5.6730E-01 -8.2340E-01 -1.0090E+00 -1.0460E+00 -9.5610E-01 -8.3800E-01 -7.5270E-01 -1.3430E-03 -4.6890E-03 -1.4490E-02 -3.9010E-02 -8.9440E-02 -1.6850E-01 -2.4600E-01 -2.5000E-01 -1.2160E-01  9.8500E-02  2.8870E-01  3.6560E-01
 -1.2860E-02 -3.3600E-02 -8.0350E-02 -1.7340E-01 -3.3270E-01 -5.5810E-01 -8.0180E-01 -9.7090E-01 -9.9360E-01 -8.9950E-01 -7.8440E-01 -7.0200E-01 -1.3490E-03 -4.6980E-03 -1.4460E-02 -3.8680E-02 -8.7860E-02 -1.6320E-01 -2.3330E-01 -2.2750E-01 -9.4730E-02  1.1670E-01  2.8740E-01  3.4450E-01
 -1.2950E-02 -3.3750E-02 -8.0440E-02 -1.7280E-01 -3.2980E-01 -5.4870E-01 -7.8040E-01 -9.3340E-01 -9.4330E-01 -8.4580E-01 -7.3390E-01 -6.5430E-01 -1.3560E-03 -4.7060E-03 -1.4420E-02 -3.8320E-02 -8.6250E-02 -1.5800E-01 -2.2080E-01 -2.0600E-01 -6.9930E-02  1.3230E-01  2.8440E-01  3.2400E-01
 -1.3040E-02 -3.3890E-02 -8.0520E-02 -1.7220E-01 -3.2670E-01 -5.3920E-01 -7.5900E-01 -8.9670E-01 -8.9490E-01 -7.9500E-01 -6.8650E-01 -6.0950E-01 -1.3620E-03 -4.7120E-03 -1.4370E-02 -3.7960E-02 -8.4610E-02 -1.5280E-01 -2.0850E-01 -1.8540E-01 -4.7090E-02  1.4540E-01  2.8010E-01  3.0450E-01
 -1.3120E-02 -3.4020E-02 -8.0570E-02 -1.7160E-01 -3.2340E-01 -5.2960E-01 -7.3770E-01 -8.6080E-01 -8.4850E-01 -7.4690E-01 -6.4180E-01 -5.6740E-01 -1.3680E-03 -4.7170E-03 -1.4320E-02 -3.7570E-02 -8.2950E-02 -1.4760E-01 -1.9650E-01 -1.6580E-01 -2.6130E-02  1.5650E-01  2.7470E-01  2.8610E-01
 -1.3200E-02 -3.4140E-02 -8.0600E-02 -1.7090E-01 -3.2010E-01 -5.1990E-01 -7.1660E-01 -8.2570E-01 -8.0400E-01 -7.0130E-01 -5.9970E-01 -5.2780E-01 -1.3740E-03 -4.7210E-03 -1.4260E-02 -3.7170E-02 -8.1260E-02 -1.4240E-01 -1.8480E-01 -1.4720E-01 -6.9660E-03  1.6560E-01  2.6860E-01  2.6900E-01
 -1.3280E-02 -3.4260E-02 -8.0600E-02 -1.7010E-01 -3.1670E-01 -5.1010E-01 -6.9560E-01 -7.9160E-01 -7.6120E-01 -6.5820E-01 -5.6020E-01 -4.9070E-01 -1.3790E-03 -4.7230E-03 -1.4200E-02 -3.6760E-02 -7.9550E-02 -1.3720E-01 -1.7330E-01 -1.2940E-01  1.0500E-02  1.7290E-01  2.6190E-01  2.5330E-01
 -1.3350E-02 -3.4370E-02 -8.0580E-02 -1.6930E-01 -3.1320E-01 -5.0020E-01 -6.7480E-01 -7.5830E-01 -7.2030E-01 -6.1750E-01 -5.2300E-01 -4.5590E-01 -1.3840E-03 -4.7240E-03 -1.4140E-02 -3.6340E-02 -7.7820E-02 -1.3210E-01 -1.6220E-01 -1.1260E-01  2.6350E-02  1.7860E-01  2.5490E-01  2.3910E-01
 -1.3420E-02 -3.4470E-02 -8.0540E-02 -1.6840E-01 -3.0960E-01 -4.9020E-01 -6.5410E-01 -7.2590E-01 -6.8110E-01 -5.7900E-01 -4.8810E-01 -4.2330E-01 -1.3880E-03 -4.7230E-03 -1.4070E-02 -3.5900E-02 -7.6070E-02 -1.2700E-01 -1.5140E-01 -9.6740E-02  4.0680E-02  1.8300E-01  2.4770E-01  2.2640E-01
 -1.3490E-02 -3.4560E-02 -8.0470E-02 -1.6740E-01 -3.0580E-01 -4.8020E-01 -6.3380E-01 -6.9430E-01 -6.4370E-01 -5.4260E-01 -4.5520E-01 -3.9290E-01 -1.3920E-03 -4.7210E-03 -1.3990E-02 -3.5450E-02 -7.4310E-02 -1.2190E-01 -1.4090E-01 -8.1740E-02  5.3560E-02  1.8620E-01  2.4040E-01  2.1520E-01
 -1.3560E-02 -3.4640E-02 -8.0380E-02 -1.6650E-01 -3.0210E-01 -4.7010E-01 -6.1360E-01 -6.6370E-01 -6.0790E-01 -5.0820E-01 -4.2440E-01 -3.6450E-01 -1.3960E-03 -4.7180E-03 -1.3910E-02 -3.4990E-02 -7.2530E-02 -1.1690E-01 -1.3070E-01 -6.7610E-02  6.5100E-02  1.8830E-01  2.3330E-01  2.0540E-01
 -1.3630E-02 -3.4720E-02 -8.0270E-02 -1.6540E-01 -2.9820E-01 -4.6000E-01 -5.9370E-01 -6.3400E-01 -5.7370E-01 -4.7580E-01 -3.9540E-01 -3.3790E-01 -1.4000E-03 -4.7130E-03 -1.3830E-02 -3.4520E-02 -7.0750E-02 -1.1200E-01 -1.2090E-01 -5.4320E-02  7.5360E-02  1.8940E-01  2.2640E-01  1.9710E-01
 -1.3690E-02 -3.4790E-02 -8.0130E-02 -1.6430E-01 -2.9420E-01 -4.4990E-01 -5.7410E-01 -6.0510E-01 -5.4100E-01 -4.4520E-01 -3.6820E-01 -3.1320E-01 -1.4030E-03 -4.7070E-03 -1.3740E-02 -3.4030E-02 -6.8960E-02 -1.0710E-01 -1.1130E-01 -4.1870E-02  8.4440E-02  1.8980E-01  2.1970E-01  1.9000E-01
 -1.3750E-02 -3.4850E-02 -7.9970E-02 -1.6320E-01 -2.9020E-01 -4.3970E-01 -5.5480E-01 -5.7720E-01 -5.0990E-01 -4.1620E-01 -3.4260E-01 -2.9020E-01 -1.4060E-03 -4.6990E-03 -1.3640E-02 -3.3540E-02 -6.7160E-02 -1.0230E-01 -1.0210E-01 -3.0230E-02  9.2420E-02  1.8940E-01  2.1330E-01  1.8420E-01
 -1.3810E-02 -3.4900E-02 -7.9800E-02 -1.6200E-01 -2.8610E-01 -4.2960E-01 -5.3580E-01 -5.5010E-01 -4.8020E-01 -3.8900E-01 -3.1870E-01 -2.6870E-01 -1.4090E-03 -4.6900E-03 -1.3540E-02 -3.3040E-02 -6.5360E-02 -9.7570E-02 -9.3270E-02 -1.9370E-02  9.9360E-02  1.8840E-01  2.0720E-01  1.7940E-01
 -1.3860E-02 -3.4940E-02 -7.9590E-02 -1.6080E-01 -2.8200E-01 -4.1950E-01 -5.1710E-01 -5.2400E-01 -4.5200E-01 -3.6330E-01 -2.9620E-01 -2.4880E-01 -1.4110E-03 -4.6800E-03 -1.3440E-02 -3.2530E-02 -6.3550E-02 -9.2910E-02 -8.4740E-02 -9.2610E-03  1.0530E-01  1.8700E-01  2.0160E-01  1.7560E-01
 -1.3920E-02 -3.4980E-02 -7.9370E-02 -1.5950E-01 -2.7780E-01 -4.0940E-01 -4.9870E-01 -4.9870E-01 -4.2500E-01 -3.3900E-01 -2.7510E-01 -2.3030E-01 -1.4130E-03 -4.6690E-03 -1.3340E-02 -3.2010E-02 -6.1750E-02 -8.8330E-02 -7.6540E-02  1.1390E-04  1.1050E-01  1.8510E-01  1.9620E-01  1.7270E-01
 -1.3970E-02 -3.5010E-02 -7.9130E-02 -1.5820E-01 -2.7350E-01 -3.9930E-01 -4.8070E-01 -4.7430E-01 -3.9940E-01 -3.1610E-01 -2.5540E-01 -2.1300E-01 -1.4150E-03 -4.6560E-03 -1.3220E-02 -3.1480E-02 -5.9950E-02 -8.3830E-02 -6.8680E-02  8.7840E-03  1.1470E-01  1.8290E-01  1.9130E-01  1.7050E-01
 -1.4010E-02 -3.5030E-02 -7.8870E-02 -1.5680E-01 -2.6920E-01 -3.8930E-01 -4.6300E-01 -4.5070E-01 -3.7510E-01 -2.9460E-01 -2.3690E-01 -1.9700E-01 -1.4160E-03 -4.6420E-03 -1.3110E-02 -3.0940E-02 -5.8150E-02 -7.9420E-02 -6.1150E-02  1.6780E-02  1.1830E-01  1.8030E-01  1.8660E-01  1.6890E-01
 -1.4060E-02 -3.5040E-02 -7.8590E-02 -1.5540E-01 -2.6490E-01 -3.7930E-01 -4.4560E-01 -4.2800E-01 -3.5190E-01 -2.7430E-01 -2.1950E-01 -1.8220E-01 -1.4170E-03 -4.6270E-03 -1.2990E-02 -3.0400E-02 -5.6360E-02 -7.5100E-02 -5.3950E-02  2.4120E-02  1.2110E-01  1.7760E-01  1.8240E-01  1.6770E-01
 -1.4100E-02 -3.5040E-02 -7.8290E-02 -1.5400E-01 -2.6050E-01 -3.6940E-01 -4.2870E-01 -4.0610E-01 -3.2990E-01 -2.5510E-01 -2.0320E-01 -1.6830E-01 -1.4180E-03 -4.6110E-03 -1.2870E-02 -2.9850E-02 -5.4570E-02 -7.0880E-02 -4.7070E-02  3.0840E-02  1.2330E-01  1.7460E-01  1.7830E-01  1.6700E-01
 -1.4140E-02 -3.5040E-02 -7.7960E-02 -1.5250E-01 -2.5610E-01 -3.5950E-01 -4.1210E-01 -3.8500E-01 -3.0900E-01 -2.3710E-01 -1.8800E-01 -1.5550E-01 -1.4180E-03 -4.5930E-03 -1.2750E-02 -2.9300E-02 -5.2790E-02 -6.6750E-02 -4.0520E-02  3.6960E-02  1.2500E-01  1.7150E-01  1.7460E-01  1.6650E-01
