 -7.2603E-09 -2.0917E-08 -5.7147E-08 -1.4711E-07 -3.5754E-07 -8.2523E-07 -1.8214E-06 -3.8653E-06 -7.9119E-06 -1.5640E-05 -2.9720E-05 -5.3864E-05 -9.2256E-05 -8.0033E-10 -3.2554E-09 -1.2074E-08 -4.0874E-08 -1.2786E-07 -3.7510E-07 -1.0335E-06 -2.6357E-06 -6.0951E-06 -1.2579E-05 -2.2953E-05 -3.7061E-05 -5.3570E-05
 -3.7028E-07 -1.0666E-06 -2.9149E-06 -7.5028E-06 -1.8226E-05 -4.2082E-05 -9.2885E-05 -1.9707E-04 -4.0335E-04 -7.9706E-04 -1.5139E-03 -2.7434E-03 -4.6973E-03 -4.0817E-08 -1.6597E-07 -6.1580E-07 -2.0844E-06 -6.5189E-06 -1.9129E-05 -5.2689E-05 -1.3435E-04 -3.1068E-04 -6.4119E-04 -1.1698E-03 -1.8884E-03 -2.7287E-03
 -7.3313E-07 -2.1116E-06 -5.7710E-06 -1.4855E-05 -3.6089E-05 -8.3283E-05 -1.8383E-04 -3.8988E-04 -7.9755E-04 -1.5750E-03 -2.9900E-03 -5.4109E-03 -9.2542E-03 -8.0817E-08 -3.2872E-07 -1.2191E-06 -4.1258E-06 -1.2907E-05 -3.7845E-05 -1.0425E-04 -2.6577E-04 -6.1417E-04 -1.2674E-03 -2.3109E-03 -3.7281E-03 -5.3872E-03
 -1.0959E-06 -3.1566E-06 -8.6247E-06 -2.2194E-05 -5.3913E-05 -1.2443E-04 -2.7442E-04 -5.8175E-04 -1.1893E-03 -2.3466E-03 -4.4483E-03 -8.0376E-03 -1.3717E-02 -1.2080E-07 -4.9120E-07 -1.8214E-06 -6.1645E-06 -1.9277E-05 -5.6510E-05 -1.5556E-04 -3.9633E-04 -9.1562E-04 -1.8874E-03 -3.4399E-03 -5.5473E-03 -8.0115E-03
 -1.4586E-06 -4.2001E-06 -1.1474E-05 -2.9525E-05 -7.1705E-05 -1.6535E-04 -3.6465E-04 -7.7257E-04 -1.5775E-03 -3.1084E-03 -5.8812E-03 -1.0602E-02 -1.8042E-02 -1.6070E-07 -6.5352E-07 -2.4237E-06 -8.1984E-06 -2.5622E-05 -7.5101E-05 -2.0662E-04 -5.2599E-04 -1.2140E-03 -2.5001E-03 -4.5520E-03 -7.3338E-03 -1.0584E-02
 -1.8210E-06 -5.2427E-06 -1.4318E-05 -3.6840E-05 -8.9431E-05 -2.0614E-04 -4.5430E-04 -9.6151E-04 -1.9609E-03 -3.8571E-03 -7.2815E-03 -1.3082E-02 -2.2192E-02 -2.0062E-07 -8.1568E-07 -3.0235E-06 -1.0227E-05 -3.1950E-05 -9.3579E-05 -2.5728E-04 -6.5426E-04 -1.5078E-03 -3.1027E-03 -5.6412E-03 -9.0794E-03 -1.3092E-02
 -2.1825E-06 -6.2838E-06 -1.7159E-05 -4.4132E-05 -1.0709E-04 -2.4675E-04 -5.4330E-04 -1.1485E-03 -2.3382E-03 -4.5895E-03 -8.6394E-03 -1.5469E-02 -2.6120E-02 -2.4052E-07 -9.7743E-07 -3.6228E-06 -1.2247E-05 -3.8245E-05 -1.1193E-04 -3.0741E-04 -7.8082E-04 -1.7978E-03 -3.6914E-03 -6.7034E-03 -1.0773E-02 -1.5516E-02
 -2.5434E-06 -7.3223E-06 -1.9989E-05 -5.1398E-05 -1.2467E-04 -2.8708E-04 -6.3132E-04 -1.3327E-03 -2.7091E-03 -5.3031E-03 -9.9498E-03 -1.7736E-02 -2.9802E-02 -2.8022E-07 -1.1388E-06 -4.2197E-06 -1.4257E-05 -4.4499E-05 -1.3008E-04 -3.5697E-04 -9.0533E-04 -2.0808E-03 -4.2654E-03 -7.7314E-03 -1.2406E-02 -1.7843E-02
 -2.9051E-06 -8.3593E-06 -2.2816E-05 -5.8633E-05 -1.4218E-04 -3.2701E-04 -7.1844E-04 -1.5149E-03 -3.0717E-03 -5.9955E-03 -1.1204E-02 -1.9878E-02 -3.3191E-02 -3.1990E-07 -1.2995E-06 -4.8132E-06 -1.6254E-05 -5.0704E-05 -1.4809E-04 -4.0580E-04 -1.0276E-03 -2.3566E-03 -4.8222E-03 -8.7218E-03 -1.3973E-02 -2.0060E-02
 -3.2652E-06 -9.3938E-06 -2.5630E-05 -6.5834E-05 -1.5947E-04 -3.6661E-04 -8.0449E-04 -1.6928E-03 -3.4252E-03 -6.6626E-03 -1.2395E-02 -2.1872E-02 -3.6277E-02 -3.5959E-07 -1.4600E-06 -5.4060E-06 -1.8248E-05 -5.6861E-05 -1.6594E-04 -4.5389E-04 -1.1470E-03 -2.6259E-03 -5.3587E-03 -9.6698E-03 -1.5455E-02 -2.2145E-02
 -3.6244E-06 -1.0425E-05 -2.8430E-05 -7.2995E-05 -1.7673E-04 -4.0580E-04 -8.8933E-04 -1.8678E-03 -3.7689E-03 -7.3044E-03 -1.3522E-02 -2.3710E-02 -3.9037E-02 -3.9902E-07 -1.6202E-06 -5.9939E-06 -2.0221E-05 -6.2952E-05 -1.8347E-04 -5.0108E-04 -1.2639E-03 -2.8855E-03 -5.8731E-03 -1.0570E-02 -1.6852E-02 -2.4104E-02
 -3.9829E-06 -1.1453E-05 -3.1223E-05 -8.0123E-05 -1.9377E-04 -4.4458E-04 -9.7277E-04 -2.0391E-03 -4.1013E-03 -7.9168E-03 -1.4575E-02 -2.5377E-02 -4.1454E-02 -4.3846E-07 -1.7794E-06 -6.5793E-06 -2.2180E-05 -6.8986E-05 -2.0074E-04 -5.4722E-04 -1.3767E-03 -3.1353E-03 -6.3638E-03 -1.1421E-02 -1.8162E-02 -2.5916E-02
 -4.3405E-06 -1.2479E-05 -3.3999E-05 -8.7202E-05 -2.1077E-04 -4.8279E-04 -1.0548E-03 -2.2057E-03 -4.4221E-03 -8.4973E-03 -1.5553E-02 -2.6879E-02 -4.3511E-02 -4.7765E-07 -1.9375E-06 -7.1623E-06 -2.4127E-05 -7.4954E-05 -2.1777E-04 -5.9245E-04 -1.4868E-03 -3.3754E-03 -6.8292E-03 -1.2217E-02 -1.9374E-02 -2.7581E-02
 -4.6981E-06 -1.3498E-05 -3.6767E-05 -9.4224E-05 -2.2754E-04 -5.2060E-04 -1.1352E-03 -2.3675E-03 -4.7300E-03 -9.0451E-03 -1.6449E-02 -2.8194E-02 -4.5209E-02 -5.1676E-07 -2.0955E-06 -7.7404E-06 -2.6046E-05 -8.0833E-05 -2.3452E-04 -6.3646E-04 -1.5932E-03 -3.6048E-03 -7.2676E-03 -1.2957E-02 -2.0478E-02 -2.9075E-02
 -5.0533E-06 -1.4514E-05 -3.9510E-05 -1.0119E-04 -2.4410E-04 -5.5775E-04 -1.2139E-03 -2.5246E-03 -5.0247E-03 -9.5579E-03 -1.7267E-02 -2.9337E-02 -4.6557E-02 -5.5579E-07 -2.2522E-06 -8.3136E-06 -2.7957E-05 -8.6638E-05 -2.5083E-04 -6.7924E-04 -1.6950E-03 -3.8220E-03 -7.6767E-03 -1.3632E-02 -2.1480E-02 -3.0398E-02
 -5.4085E-06 -1.5529E-05 -4.2246E-05 -1.0810E-04 -2.6054E-04 -5.9433E-04 -1.2909E-03 -2.6773E-03 -5.3056E-03 -1.0036E-02 -1.7992E-02 -3.0292E-02 -4.7545E-02 -5.9449E-07 -2.4079E-06 -8.8835E-06 -2.9843E-05 -9.2354E-05 -2.6691E-04 -7.2088E-04 -1.7929E-03 -4.0270E-03 -8.0564E-03 -1.4254E-02 -2.2364E-02 -3.1558E-02
 -5.7612E-06 -1.6535E-05 -4.4956E-05 -1.1495E-04 -2.7671E-04 -6.3025E-04 -1.3657E-03 -2.8234E-03 -5.5718E-03 -1.0476E-02 -1.8630E-02 -3.1060E-02 -4.8181E-02 -6.3319E-07 -2.5630E-06 -9.4477E-06 -3.1705E-05 -9.7980E-05 -2.8259E-04 -7.6106E-04 -1.8861E-03 -4.2205E-03 -8.4058E-03 -1.4806E-02 -2.3136E-02 -3.2537E-02
 -6.1139E-06 -1.7538E-05 -4.7651E-05 -1.2174E-04 -2.9271E-04 -6.6553E-04 -1.4389E-03 -2.9639E-03 -5.8224E-03 -1.0878E-02 -1.9191E-02 -3.1656E-02 -4.8500E-02 -6.7165E-07 -2.7165E-06 -1.0008E-05 -3.3550E-05 -1.0351E-04 -2.9786E-04 -7.9976E-04 -1.9745E-03 -4.3993E-03 -8.7226E-03 -1.5286E-02 -2.3797E-02 -3.3338E-02
 -6.4650E-06 -1.8532E-05 -5.0329E-05 -1.2847E-04 -3.0839E-04 -7.0006E-04 -1.5099E-03 -3.0986E-03 -6.0576E-03 -1.1242E-02 -1.9657E-02 -3.2072E-02 -4.8508E-02 -7.0986E-07 -2.8700E-06 -1.0562E-05 -3.5362E-05 -1.0893E-04 -3.1272E-04 -8.3699E-04 -2.0588E-03 -4.5658E-03 -9.0068E-03 -1.5713E-02 -2.4336E-02 -3.3966E-02
 -6.8145E-06 -1.9524E-05 -5.2982E-05 -1.3509E-04 -3.2390E-04 -7.3387E-04 -1.5785E-03 -3.2284E-03 -6.2764E-03 -1.1566E-02 -2.0037E-02 -3.2317E-02 -4.8222E-02 -7.4791E-07 -3.0219E-06 -1.1110E-05 -3.7151E-05 -1.1424E-04 -3.2717E-04 -8.7275E-04 -2.1382E-03 -4.7177E-03 -9.2583E-03 -1.6067E-02 -2.4764E-02 -3.4415E-02
 -7.1631E-06 -2.0514E-05 -5.5620E-05 -1.4169E-04 -3.3917E-04 -7.6694E-04 -1.6448E-03 -3.3509E-03 -6.4789E-03 -1.1851E-02 -2.0332E-02 -3.2407E-02 -4.7667E-02 -7.8580E-07 -3.1721E-06 -1.1652E-05 -3.8914E-05 -1.1944E-04 -3.4113E-04 -9.0688E-04 -2.2118E-03 -4.8557E-03 -9.4763E-03 -1.6350E-02 -2.5075E-02 -3.4693E-02
 -7.5093E-06 -2.1493E-05 -5.8224E-05 -1.4818E-04 -3.5420E-04 -7.9911E-04 -1.7085E-03 -3.4660E-03 -6.6651E-03 -1.2098E-02 -2.0550E-02 -3.2333E-02 -4.6867E-02 -8.2336E-07 -3.3215E-06 -1.2189E-05 -4.0645E-05 -1.2454E-04 -3.5469E-04 -9.3938E-04 -2.2804E-03 -4.9798E-03 -9.6600E-03 -1.6570E-02 -2.5279E-02 -3.4807E-02
 -7.8547E-06 -2.2463E-05 -6.0813E-05 -1.5455E-04 -3.6889E-04 -8.3046E-04 -1.7698E-03 -3.5763E-03 -6.8341E-03 -1.2307E-02 -2.0675E-02 -3.2113E-02 -4.5854E-02 -8.6075E-07 -3.4693E-06 -1.2714E-05 -4.2352E-05 -1.2946E-04 -3.6767E-04 -9.7016E-04 -2.3440E-03 -5.0892E-03 -9.8102E-03 -1.6719E-02 -2.5360E-02 -3.4742E-02
 -8.1984E-06 -2.3431E-05 -6.3368E-05 -1.6083E-04 -3.8335E-04 -8.6100E-04 -1.8287E-03 -3.6791E-03 -6.9868E-03 -1.2470E-02 -2.0734E-02 -3.1770E-02 -4.4646E-02 -8.9782E-07 -3.6163E-06 -1.3240E-05 -4.4025E-05 -1.3434E-04 -3.8024E-04 -9.9923E-04 -2.4016E-03 -5.1831E-03 -9.9278E-03 -1.6814E-02 -2.5336E-02 -3.4530E-02
 -8.5389E-06 -2.4395E-05 -6.5908E-05 -1.6706E-04 -3.9747E-04 -8.9063E-04 -1.8859E-03 -3.7747E-03 -7.1223E-03 -1.2603E-02 -2.0711E-02 -3.1296E-02 -4.3282E-02 -9.3473E-07 -3.7616E-06 -1.3755E-05 -4.5667E-05 -1.3901E-04 -3.9233E-04 -1.0265E-03 -2.4544E-03 -5.2640E-03 -1.0012E-02 -1.6839E-02 -2.5205E-02 -3.4170E-02
 -8.8794E-06 -2.5344E-05 -6.8414E-05 -1.7319E-04 -4.1127E-04 -9.1929E-04 -1.9398E-03 -3.8628E-03 -7.2407E-03 -1.2700E-02 -2.0624E-02 -3.0717E-02 -4.1780E-02 -9.7130E-07 -3.9053E-06 -1.4267E-05 -4.7275E-05 -1.4355E-04 -4.0384E-04 -1.0520E-03 -2.5009E-03 -5.3293E-03 -1.0064E-02 -1.6802E-02 -2.4985E-02 -3.3656E-02
 -9.2174E-06 -2.6291E-05 -7.0888E-05 -1.7929E-04 -4.2482E-04 -9.4697E-04 -1.9904E-03 -3.9453E-03 -7.3428E-03 -1.2751E-02 -2.0465E-02 -3.0031E-02 -4.0172E-02 -1.0076E-06 -4.0474E-06 -1.4769E-05 -4.8859E-05 -1.4796E-04 -4.1486E-04 -1.0757E-03 -2.5426E-03 -5.3799E-03 -1.0084E-02 -1.6705E-02 -2.4666E-02 -3.3019E-02
 -9.5530E-06 -2.7222E-05 -7.3338E-05 -1.8518E-04 -4.3805E-04 -9.7375E-04 -2.0392E-03 -4.0196E-03 -7.4277E-03 -1.2776E-02 -2.0246E-02 -2.9271E-02 -3.8481E-02 -1.0437E-06 -4.1878E-06 -1.5260E-05 -5.0394E-05 -1.5224E-04 -4.2531E-04 -1.0975E-03 -2.5777E-03 -5.4166E-03 -1.0073E-02 -1.6548E-02 -2.4252E-02 -3.2260E-02
 -9.8870E-06 -2.8153E-05 -7.5763E-05 -1.9104E-04 -4.5095E-04 -9.9956E-04 -2.0847E-03 -4.0882E-03 -7.4963E-03 -1.2763E-02 -1.9975E-02 -2.8430E-02 -3.6726E-02 -1.0794E-06 -4.3266E-06 -1.5749E-05 -5.1905E-05 -1.5640E-04 -4.3527E-04 -1.1175E-03 -2.6087E-03 -5.4403E-03 -1.0032E-02 -1.6349E-02 -2.3762E-02 -3.1378E-02
 -1.0218E-05 -2.9075E-05 -7.8147E-05 -1.9670E-04 -4.6344E-04 -1.0244E-03 -2.1284E-03 -4.1486E-03 -7.5493E-03 -1.2725E-02 -1.9646E-02 -2.7524E-02 -3.4938E-02 -1.1148E-06 -4.4646E-06 -1.6217E-05 -5.3374E-05 -1.6043E-04 -4.4458E-04 -1.1356E-03 -2.6332E-03 -5.4493E-03 -9.9621E-03 -1.6092E-02 -2.3196E-02 -3.0398E-02
 -1.0548E-05 -2.9982E-05 -8.0507E-05 -2.0234E-04 -4.7569E-04 -1.0481E-03 -2.1680E-03 -4.2025E-03 -7.5861E-03 -1.2652E-02 -1.9276E-02 -2.6569E-02 -3.3133E-02 -1.1500E-06 -4.6001E-06 -1.6692E-05 -5.4795E-05 -1.6423E-04 -4.5340E-04 -1.1518E-03 -2.6528E-03 -5.4452E-03 -9.8657E-03 -1.5787E-02 -2.2559E-02 -2.9337E-02
 -1.0876E-05 -3.0888E-05 -8.2834E-05 -2.0784E-04 -4.8745E-04 -1.0709E-03 -2.2057E-03 -4.2490E-03 -7.6081E-03 -1.2553E-02 -1.8859E-02 -2.5573E-02 -3.1329E-02 -1.1847E-06 -4.7332E-06 -1.7147E-05 -5.6191E-05 -1.6790E-04 -4.6165E-04 -1.1661E-03 -2.6667E-03 -5.4273E-03 -9.7424E-03 -1.5442E-02 -2.1860E-02 -2.8185E-02
 -1.1200E-05 -3.1786E-05 -8.5120E-05 -2.1323E-04 -4.9896E-04 -1.0926E-03 -2.2401E-03 -4.2891E-03 -7.6146E-03 -1.2420E-02 -1.8397E-02 -2.4544E-02 -2.9541E-02 -1.2191E-06 -4.8655E-06 -1.7600E-05 -5.7539E-05 -1.7145E-04 -4.6932E-04 -1.1785E-03 -2.6748E-03 -5.3979E-03 -9.5947E-03 -1.5051E-02 -2.1102E-02 -2.6969E-02
 -1.1522E-05 -3.2668E-05 -8.7373E-05 -2.1850E-04 -5.1007E-04 -1.1131E-03 -2.2719E-03 -4.3217E-03 -7.6065E-03 -1.2270E-02 -1.7917E-02 -2.3504E-02 -2.7794E-02 -1.2530E-06 -4.9953E-06 -1.8040E-05 -5.8861E-05 -1.7477E-04 -4.7643E-04 -1.1891E-03 -2.6789E-03 -5.3554E-03 -9.4232E-03 -1.4624E-02 -2.0294E-02 -2.5703E-02
 -1.1843E-05 -3.3542E-05 -8.9602E-05 -2.2365E-04 -5.2084E-04 -1.1327E-03 -2.3011E-03 -4.3478E-03 -7.5853E-03 -1.2091E-02 -1.7403E-02 -2.2451E-02 -2.6087E-02 -1.2871E-06 -5.1235E-06 -1.8470E-05 -6.0127E-05 -1.7796E-04 -4.8288E-04 -1.1979E-03 -2.6773E-03 -5.3023E-03 -9.2305E-03 -1.4169E-02 -1.9448E-02 -2.4386E-02
 -1.2161E-05 -3.4407E-05 -9.1782E-05 -2.2867E-04 -5.3121E-04 -1.1512E-03 -2.3269E-03 -4.3674E-03 -7.5501E-03 -1.1892E-02 -1.6865E-02 -2.1397E-02 -2.4434E-02 -1.3203E-06 -5.2493E-06 -1.8897E-05 -6.1360E-05 -1.8101E-04 -4.8875E-04 -1.2048E-03 -2.6708E-03 -5.2378E-03 -9.0182E-03 -1.3680E-02 -1.8566E-02 -2.3038E-02
 -1.2479E-05 -3.5264E-05 -9.3930E-05 -2.3358E-04 -5.4117E-04 -1.1686E-03 -2.3502E-03 -4.3813E-03 -7.5028E-03 -1.1674E-02 -1.6313E-02 -2.0345E-02 -2.2843E-02 -1.3533E-06 -5.3742E-06 -1.9304E-05 -6.2544E-05 -1.8385E-04 -4.9406E-04 -1.2099E-03 -2.6593E-03 -5.1627E-03 -8.7863E-03 -1.3167E-02 -1.7659E-02 -2.1667E-02
 -1.2787E-05 -3.6105E-05 -9.6044E-05 -2.3835E-04 -5.5081E-04 -1.1848E-03 -2.3709E-03 -4.3879E-03 -7.4432E-03 -1.1439E-02 -1.5740E-02 -1.9313E-02 -2.1324E-02 -1.3862E-06 -5.4958E-06 -1.9707E-05 -6.3687E-05 -1.8654E-04 -4.9888E-04 -1.2132E-03 -2.6430E-03 -5.0778E-03 -8.5389E-03 -1.2639E-02 -1.6729E-02 -2.0292E-02
 -1.3094E-05 -3.6938E-05 -9.8110E-05 -2.4301E-04 -5.5995E-04 -1.2001E-03 -2.3883E-03 -4.3887E-03 -7.3721E-03 -1.1188E-02 -1.5163E-02 -1.8287E-02 -1.9878E-02 -1.4183E-06 -5.6159E-06 -2.0100E-05 -6.4789E-05 -1.8911E-04 -5.0304E-04 -1.2148E-03 -2.6234E-03 -4.9839E-03 -8.2768E-03 -1.2085E-02 -1.5786E-02 -1.8908E-02
 -1.3409E-05 -3.7763E-05 -1.0015E-04 -2.4756E-04 -5.6877E-04 -1.2142E-03 -2.4030E-03 -4.3838E-03 -7.2905E-03 -1.0924E-02 -1.4576E-02 -1.7294E-02 -1.8505E-02 -1.4501E-06 -5.7343E-06 -2.0488E-05 -6.5850E-05 -1.9144E-04 -5.0664E-04 -1.2146E-03 -2.5989E-03 -4.8818E-03 -8.0025E-03 -1.1520E-02 -1.4832E-02 -1.7526E-02
 -1.3707E-05 -3.8579E-05 -1.0214E-04 -2.5197E-04 -5.7726E-04 -1.2272E-03 -2.4153E-03 -4.3723E-03 -7.1991E-03 -1.0647E-02 -1.3988E-02 -1.6326E-02 -1.7208E-02 -1.4818E-06 -5.8494E-06 -2.0857E-05 -6.6863E-05 -1.9365E-04 -5.0966E-04 -1.2127E-03 -2.5695E-03 -4.7708E-03 -7.7159E-03 -1.0945E-02 -1.3887E-02 -1.6167E-02
 -1.4011E-05 -3.9371E-05 -1.0410E-04 -2.5622E-04 -5.8526E-04 -1.2394E-03 -2.4250E-03 -4.3552E-03 -7.0978E-03 -1.0360E-02 -1.3400E-02 -1.5393E-02 -1.5994E-02 -1.5126E-06 -5.9629E-06 -2.1214E-05 -6.7826E-05 -1.9571E-04 -5.1211E-04 -1.2093E-03 -2.5369E-03 -4.6532E-03 -7.4195E-03 -1.0364E-02 -1.2934E-02 -1.4831E-02
 -1.4307E-05 -4.0163E-05 -1.0601E-04 -2.6038E-04 -5.9286E-04 -1.2503E-03 -2.4322E-03 -4.3331E-03 -6.9876E-03 -1.0065E-02 -1.2822E-02 -1.4488E-02 -1.4846E-02 -1.5432E-06 -6.0739E-06 -2.1568E-05 -6.8757E-05 -1.9756E-04 -5.1398E-04 -1.2042E-03 -2.5009E-03 -4.5291E-03 -7.1158E-03 -9.7784E-03 -1.2000E-02 -1.3521E-02
 -1.4601E-05 -4.0947E-05 -1.0788E-04 -2.6430E-04 -6.0012E-04 -1.2601E-03 -2.4361E-03 -4.3062E-03 -6.8700E-03 -9.7620E-03 -1.2244E-02 -1.3618E-02 -1.3780E-02 -1.5736E-06 -6.1825E-06 -2.1909E-05 -6.9631E-05 -1.9927E-04 -5.1537E-04 -1.1976E-03 -2.4601E-03 -4.3985E-03 -6.8063E-03 -9.1938E-03 -1.1077E-02 -1.2249E-02
 -1.4894E-05 -4.1707E-05 -1.0971E-04 -2.6822E-04 -6.0690E-04 -1.2687E-03 -2.4383E-03 -4.2744E-03 -6.7443E-03 -9.4550E-03 -1.1676E-02 -1.2787E-02 -1.2787E-02 -1.6031E-06 -6.2895E-06 -2.2240E-05 -7.0464E-05 -2.0075E-04 -5.1611E-04 -1.1894E-03 -2.4175E-03 -4.2629E-03 -6.4920E-03 -8.6124E-03 -1.0174E-02 -1.1028E-02
 -1.5187E-05 -4.2458E-05 -1.1149E-04 -2.7189E-04 -6.1335E-04 -1.2761E-03 -2.4373E-03 -4.2368E-03 -6.6128E-03 -9.1439E-03 -1.1118E-02 -1.1997E-02 -1.1865E-02 -1.6325E-06 -6.3932E-06 -2.2549E-05 -7.1256E-05 -2.0219E-04 -5.1635E-04 -1.1798E-03 -2.3710E-03 -4.1233E-03 -6.1752E-03 -8.0351E-03 -9.2950E-03 -9.8502E-03
 -1.5469E-05 -4.3209E-05 -1.1324E-04 -2.7557E-04 -6.1931E-04 -1.2823E-03 -2.4346E-03 -4.1960E-03 -6.4748E-03 -8.8304E-03 -1.0573E-02 -1.1244E-02 -1.1008E-02 -1.6609E-06 -6.4952E-06 -2.2855E-05 -7.1991E-05 -2.0332E-04 -5.1611E-04 -1.1687E-03 -2.3220E-03 -3.9796E-03 -5.8567E-03 -7.4677E-03 -8.4426E-03 -8.7259E-03
 -1.5752E-05 -4.3936E-05 -1.1494E-04 -2.7900E-04 -6.2486E-04 -1.2883E-03 -2.4288E-03 -4.1494E-03 -6.3319E-03 -8.5169E-03 -1.0042E-02 -1.0531E-02 -1.0214E-02 -1.6891E-06 -6.5948E-06 -2.3158E-05 -7.2685E-05 -2.0439E-04 -5.1529E-04 -1.1564E-03 -2.2695E-03 -3.8326E-03 -5.5383E-03 -6.9100E-03 -7.6204E-03 -7.6579E-03
 -1.6033E-05 -4.4654E-05 -1.1660E-04 -2.8226E-04 -6.3009E-04 -1.2922E-03 -2.4212E-03 -4.0996E-03 -6.1850E-03 -8.2033E-03 -9.5261E-03 -9.8567E-03 -9.4803E-03 -1.7172E-06 -6.6920E-06 -2.3440E-05 -7.3330E-05 -2.0516E-04 -5.1398E-04 -1.1427E-03 -2.2156E-03 -3.6832E-03 -5.2207E-03 -6.3662E-03 -6.8316E-03 -6.6495E-03
 -1.6313E-05 -4.5356E-05 -1.1820E-04 -2.8537E-04 -6.3491E-04 -1.2958E-03 -2.4114E-03 -4.0466E-03 -6.0331E-03 -7.8898E-03 -9.0280E-03 -9.2215E-03 -8.8018E-03 -1.7451E-06 -6.7859E-06 -2.3711E-05 -7.3926E-05 -2.0589E-04 -5.1219E-04 -1.1279E-03 -2.1592E-03 -3.5322E-03 -4.9063E-03 -5.8371E-03 -6.0780E-03 -5.7008E-03
 -1.6583E-05 -4.6050E-05 -1.1977E-04 -2.8839E-04 -6.3924E-04 -1.2981E-03 -2.3992E-03 -3.9894E-03 -5.8788E-03 -7.5812E-03 -8.5463E-03 -8.6230E-03 -8.1764E-03 -1.7720E-06 -6.8782E-06 -2.3969E-05 -7.4489E-05 -2.0639E-04 -5.0990E-04 -1.1118E-03 -2.1006E-03 -3.3795E-03 -4.5961E-03 -5.3252E-03 -5.3619E-03 -4.8157E-03
 -1.6852E-05 -4.6728E-05 -1.2129E-04 -2.9124E-04 -6.4324E-04 -1.2995E-03 -2.3847E-03 -3.9290E-03 -5.7204E-03 -7.2742E-03 -8.0833E-03 -8.0613E-03 -7.5983E-03 -1.7980E-06 -6.9672E-06 -2.4224E-05 -7.4995E-05 -2.0675E-04 -5.0713E-04 -1.0948E-03 -2.0406E-03 -3.2260E-03 -4.2915E-03 -4.8312E-03 -4.6851E-03 -3.9927E-03
 -1.7121E-05 -4.7389E-05 -1.2274E-04 -2.9402E-04 -6.4675E-04 -1.2996E-03 -2.3687E-03 -3.8653E-03 -5.5612E-03 -6.9721E-03 -7.6375E-03 -7.5338E-03 -7.0668E-03 -1.8238E-06 -7.0545E-06 -2.4457E-05 -7.5452E-05 -2.0698E-04 -5.0386E-04 -1.0766E-03 -1.9793E-03 -3.0725E-03 -3.9919E-03 -4.3576E-03 -4.0474E-03 -3.2333E-03
 -1.7380E-05 -4.8043E-05 -1.2419E-04 -2.9663E-04 -6.4993E-04 -1.2994E-03 -2.3504E-03 -3.7992E-03 -5.3995E-03 -6.6757E-03 -7.2113E-03 -7.0398E-03 -6.5752E-03 -1.8495E-06 -7.1378E-06 -2.4683E-05 -7.5869E-05 -2.0700E-04 -5.0019E-04 -1.0575E-03 -1.9166E-03 -2.9198E-03 -3.6995E-03 -3.9037E-03 -3.4513E-03 -2.5369E-03
 -1.7638E-05 -4.8680E-05 -1.2555E-04 -2.9908E-04 -6.5271E-04 -1.2981E-03 -2.3306E-03 -3.7306E-03 -5.2370E-03 -6.3842E-03 -6.8039E-03 -6.5793E-03 -6.1229E-03 -1.8749E-06 -7.2203E-06 -2.4895E-05 -7.6236E-05 -2.0697E-04 -4.9610E-04 -1.0375E-03 -1.8530E-03 -2.7671E-03 -3.4146E-03 -3.4717E-03 -2.8953E-03 -1.9021E-03
 -1.7894E-05 -4.9308E-05 -1.2689E-04 -3.0129E-04 -6.5508E-04 -1.2956E-03 -2.3086E-03 -3.6595E-03 -5.0745E-03 -6.1000E-03 -6.4152E-03 -6.1482E-03 -5.7049E-03 -1.8994E-06 -7.2995E-06 -2.5099E-05 -7.6563E-05 -2.0663E-04 -4.9161E-04 -1.0167E-03 -1.7881E-03 -2.6161E-03 -3.1394E-03 -3.0619E-03 -2.3796E-03 -1.3277E-03
 -1.8150E-05 -4.9921E-05 -1.2822E-04 -3.0349E-04 -6.5712E-04 -1.2921E-03 -2.2854E-03 -3.5861E-03 -4.9112E-03 -5.8224E-03 -6.0453E-03 -5.7457E-03 -5.3195E-03 -1.9229E-06 -7.3754E-06 -2.5287E-05 -7.6840E-05 -2.0625E-04 -4.8671E-04 -9.9506E-04 -1.7231E-03 -2.4666E-03 -2.8733E-03 -2.6748E-03 -1.9046E-03 -8.1217E-04
 -1.8396E-05 -5.0517E-05 -1.2946E-04 -3.0545E-04 -6.5867E-04 -1.2874E-03 -2.2607E-03 -3.5101E-03 -4.7496E-03 -5.5522E-03 -5.6926E-03 -5.3701E-03 -4.9635E-03 -1.9463E-06 -7.4489E-06 -2.5467E-05 -7.7069E-05 -2.0574E-04 -4.8132E-04 -9.7277E-04 -1.6571E-03 -2.3207E-03 -2.6161E-03 -2.3113E-03 -1.4697E-03 -3.5297E-04
 -1.8641E-05 -5.1096E-05 -1.3066E-04 -3.0741E-04 -6.5989E-04 -1.2825E-03 -2.2339E-03 -3.4342E-03 -4.5871E-03 -5.2893E-03 -5.3595E-03 -5.0215E-03 -4.6344E-03 -1.9694E-06 -7.5199E-06 -2.5630E-05 -7.7257E-05 -2.0501E-04 -4.7569E-04 -9.4983E-04 -1.5909E-03 -2.1764E-03 -2.3698E-03 -1.9708E-03 -1.0737E-03  5.2190E-05
 -1.8884E-05 -5.1668E-05 -1.3178E-04 -3.0913E-04 -6.6079E-04 -1.2772E-03 -2.2058E-03 -3.3558E-03 -4.4262E-03 -5.0353E-03 -5.0427E-03 -4.6957E-03 -4.3307E-03 -1.9916E-06 -7.5885E-06 -2.5793E-05 -7.7396E-05 -2.0416E-04 -4.6965E-04 -9.2640E-04 -1.5249E-03 -2.0354E-03 -2.1337E-03 -1.6535E-03 -7.1541E-04  4.0596E-04
 -1.9118E-05 -5.2223E-05 -1.3288E-04 -3.1068E-04 -6.6120E-04 -1.2701E-03 -2.1764E-03 -3.2766E-03 -4.2670E-03 -4.7888E-03 -4.7422E-03 -4.3928E-03 -4.0498E-03 -2.0136E-06 -7.6547E-06 -2.5932E-05 -7.7494E-05 -2.0319E-04 -4.6336E-04 -9.0231E-04 -1.4588E-03 -1.8973E-03 -1.9094E-03 -1.3594E-03 -3.9363E-04  7.1133E-04
 -1.9351E-05 -5.2762E-05 -1.3397E-04 -3.1206E-04 -6.6136E-04 -1.2626E-03 -2.1458E-03 -3.1966E-03 -4.1102E-03 -4.5512E-03 -4.4597E-03 -4.1102E-03 -3.7894E-03 -2.0354E-06 -7.7175E-06 -2.6063E-05 -7.7551E-05 -2.0207E-04 -4.5667E-04 -8.7790E-04 -1.3937E-03 -1.7636E-03 -1.6961E-03 -1.0875E-03 -1.0690E-04  9.7122E-04
 -1.9583E-05 -5.3293E-05 -1.3496E-04 -3.1345E-04 -6.6112E-04 -1.2542E-03 -2.1140E-03 -3.1158E-03 -3.9543E-03 -4.3217E-03 -4.1919E-03 -3.8481E-03 -3.5485E-03 -2.0562E-06 -7.7771E-06 -2.6185E-05 -7.7559E-05 -2.0084E-04 -4.4973E-04 -8.5308E-04 -1.3287E-03 -1.6336E-03 -1.4940E-03 -8.3789E-04  1.4649E-04  1.1888E-03
 -1.9804E-05 -5.3807E-05 -1.3593E-04 -3.1451E-04 -6.6046E-04 -1.2455E-03 -2.0810E-03 -3.0341E-03 -3.8016E-03 -4.1004E-03 -3.9396E-03 -3.6032E-03 -3.3248E-03 -2.0759E-06 -7.8351E-06 -2.6283E-05 -7.7526E-05 -1.9940E-04 -4.4238E-04 -8.2793E-04 -1.2639E-03 -1.5075E-03 -1.3031E-03 -6.0976E-04  3.6824E-04  1.3670E-03
 -2.0025E-05 -5.4305E-05 -1.3680E-04 -3.1558E-04 -6.5948E-04 -1.2357E-03 -2.0476E-03 -2.9516E-03 -3.6522E-03 -3.8890E-03 -3.7020E-03 -3.3754E-03 -3.1174E-03 -2.0956E-06 -7.8898E-06 -2.6381E-05 -7.7453E-05 -1.9793E-04 -4.3495E-04 -8.0253E-04 -1.2001E-03 -1.3853E-03 -1.1239E-03 -4.0270E-04  5.6020E-04  1.5100E-03
 -2.0245E-05 -5.4787E-05 -1.3767E-04 -3.1647E-04 -6.5818E-04 -1.2248E-03 -2.0123E-03 -2.8700E-03 -3.5044E-03 -3.6848E-03 -3.4783E-03 -3.1631E-03 -2.9239E-03 -2.1151E-06 -7.9421E-06 -2.6471E-05 -7.7330E-05 -1.9632E-04 -4.2719E-04 -7.7698E-04 -1.1372E-03 -1.2678E-03 -9.5612E-04 -2.1567E-04  7.2431E-04  1.6202E-03
 -2.0454E-05 -5.5260E-05 -1.3851E-04 -3.1721E-04 -6.5654E-04 -1.2140E-03 -1.9767E-03 -2.7875E-03 -3.3607E-03 -3.4897E-03 -3.2676E-03 -2.9655E-03 -2.7442E-03 -2.1335E-06 -7.9911E-06 -2.6544E-05 -7.7175E-05 -1.9460E-04 -4.1911E-04 -7.5126E-04 -1.0753E-03 -1.1555E-03 -7.9960E-04 -4.7994E-05  8.6238E-04  1.7001E-03
 -2.0663E-05 -5.5710E-05 -1.3925E-04 -3.1778E-04 -6.5459E-04 -1.2023E-03 -1.9402E-03 -2.7051E-03 -3.2186E-03 -3.3027E-03 -3.0692E-03 -2.7810E-03 -2.5769E-03 -2.1517E-06 -8.0376E-06 -2.6601E-05 -7.6971E-05 -1.9276E-04 -4.1094E-04 -7.2546E-04 -1.0147E-03 -1.0476E-03 -6.5418E-04  1.0124E-04  9.7645E-04  1.7540E-03
 -2.0870E-05 -5.6150E-05 -1.3998E-04 -3.1827E-04 -6.5230E-04 -1.1900E-03 -1.9033E-03 -2.6234E-03 -3.0815E-03 -3.1239E-03 -2.8822E-03 -2.6087E-03 -2.4212E-03 -2.1690E-06 -8.0817E-06 -2.6650E-05 -7.6734E-05 -1.9080E-04 -4.0253E-04 -6.9957E-04 -9.5522E-04 -9.4460E-04 -5.1962E-04  2.3295E-04  1.0685E-03  1.7846E-03
 -2.1076E-05 -5.6575E-05 -1.4062E-04 -3.1860E-04 -6.4969E-04 -1.1771E-03 -1.8654E-03 -2.5426E-03 -2.9476E-03 -2.9533E-03 -2.7067E-03 -2.4483E-03 -2.2756E-03 -2.1861E-06 -8.1225E-06 -2.6691E-05 -7.6457E-05 -1.8872E-04 -3.9396E-04 -6.7385E-04 -8.9717E-04 -8.4646E-04 -3.9567E-04  3.4815E-04  1.1402E-03  1.7953E-03
 -2.1272E-05 -5.6983E-05 -1.4123E-04 -3.1884E-04 -6.4675E-04 -1.1638E-03 -1.8273E-03 -2.4617E-03 -2.8169E-03 -2.7900E-03 -2.5409E-03 -2.2977E-03 -2.1395E-03 -2.2021E-06 -8.1617E-06 -2.6716E-05 -7.6138E-05 -1.8653E-04 -3.8522E-04 -6.4813E-04 -8.4042E-04 -7.5322E-04 -2.8202E-04  4.4777E-04  1.1937E-03  1.7869E-03
 -2.1459E-05 -5.7375E-05 -1.4183E-04 -3.1892E-04 -6.4356E-04 -1.1497E-03 -1.7883E-03 -2.3810E-03 -2.6904E-03 -2.6348E-03 -2.3859E-03 -2.1569E-03 -2.0122E-03 -2.2180E-06 -8.1968E-06 -2.6732E-05 -7.5787E-05 -1.8431E-04 -3.7632E-04 -6.2250E-04 -7.8531E-04 -6.6479E-04 -1.7834E-04  5.3301E-04  1.2309E-03  1.7636E-03
 -2.1653E-05 -5.7759E-05 -1.4233E-04 -3.1884E-04 -6.4005E-04 -1.1353E-03 -1.7491E-03 -2.3015E-03 -2.5671E-03 -2.4870E-03 -2.2401E-03 -2.0256E-03 -1.8923E-03 -2.2329E-06 -8.2295E-06 -2.6732E-05 -7.5395E-05 -1.8188E-04 -3.6726E-04 -5.9710E-04 -7.3174E-04 -5.8143E-04 -8.4311E-05  6.0453E-04  1.2530E-03  1.7271E-03
 -2.1837E-05 -5.8126E-05 -1.4282E-04 -3.1868E-04 -6.3621E-04 -1.1204E-03 -1.7098E-03 -2.2231E-03 -2.4481E-03 -2.3464E-03 -2.1029E-03 -1.9020E-03 -1.7807E-03 -2.2476E-06 -8.2597E-06 -2.6724E-05 -7.4963E-05 -1.7944E-04 -3.5812E-04 -5.7196E-04 -6.7982E-04 -5.0288E-04  5.5767E-07  6.6373E-04  1.2626E-03  1.6804E-03
 -2.2019E-05 -5.8477E-05 -1.4330E-04 -3.1835E-04 -6.3213E-04 -1.1050E-03 -1.6705E-03 -2.1458E-03 -2.3321E-03 -2.2120E-03 -1.9741E-03 -1.7867E-03 -1.6754E-03 -2.2620E-06 -8.2866E-06 -2.6708E-05 -7.4497E-05 -1.7697E-04 -3.4897E-04 -5.4697E-04 -6.2968E-04 -4.2915E-04  7.6628E-05  7.1133E-04  1.2603E-03  1.6251E-03
 -2.2192E-05 -5.8812E-05 -1.4366E-04 -3.1794E-04 -6.2780E-04 -1.0893E-03 -1.6302E-03 -2.0697E-03 -2.2205E-03 -2.0846E-03 -1.8529E-03 -1.6777E-03 -1.5762E-03 -2.2755E-06 -8.3119E-06 -2.6683E-05 -7.3999E-05 -1.7430E-04 -3.3966E-04 -5.2231E-04 -5.8118E-04 -3.6007E-04  1.4438E-04  7.4848E-04  1.2482E-03  1.5626E-03
 -2.2364E-05 -5.9131E-05 -1.4402E-04 -3.1737E-04 -6.2315E-04 -1.0731E-03 -1.5908E-03 -1.9949E-03 -2.1128E-03 -1.9634E-03 -1.7380E-03 -1.5750E-03 -1.4820E-03 -2.2880E-06 -8.3340E-06 -2.6642E-05 -7.3468E-05 -1.7169E-04 -3.3027E-04 -4.9798E-04 -5.3448E-04 -2.9574E-04  2.0416E-04  7.7600E-04  1.2283E-03  1.4943E-03
 -2.2534E-05 -5.9441E-05 -1.4428E-04 -3.1664E-04 -6.1833E-04 -1.0567E-03 -1.5505E-03 -1.9205E-03 -2.0087E-03 -1.8492E-03 -1.6312E-03 -1.4783E-03 -1.3938E-03 -2.3002E-06 -8.3528E-06 -2.6593E-05 -7.2905E-05 -1.6889E-04 -3.2088E-04 -4.7406E-04 -4.8965E-04 -2.3590E-04  2.5646E-04  7.9486E-04  1.2007E-03  1.4232E-03
 -2.2695E-05 -5.9735E-05 -1.4454E-04 -3.1582E-04 -6.1327E-04 -1.0398E-03 -1.5102E-03 -1.8481E-03 -1.9083E-03 -1.7403E-03 -1.5296E-03 -1.3876E-03 -1.3104E-03 -2.3123E-06 -8.3699E-06 -2.6528E-05 -7.2309E-05 -1.6608E-04 -3.1141E-04 -4.5046E-04 -4.4654E-04 -1.8054E-04  3.0178E-04  8.0596E-04  1.1672E-03  1.3496E-03
 -2.2854E-05 -6.0012E-05 -1.4476E-04 -3.1492E-04 -6.0796E-04 -1.0227E-03 -1.4708E-03 -1.7771E-03 -1.8116E-03 -1.6364E-03 -1.4341E-03 -1.3018E-03 -1.2309E-03 -2.3234E-06 -8.3838E-06 -2.6463E-05 -7.1680E-05 -1.6315E-04 -3.0194E-04 -4.2744E-04 -4.0539E-04 -1.2946E-04  3.4048E-04  8.1013E-04  1.1289E-03  1.2748E-03
 -2.3012E-05 -6.0266E-05 -1.4490E-04 -3.1394E-04 -6.0233E-04 -1.0054E-03 -1.4305E-03 -1.7074E-03 -1.7194E-03 -1.5384E-03 -1.3437E-03 -1.2206E-03 -1.1557E-03 -2.3343E-06 -8.3952E-06 -2.6381E-05 -7.1027E-05 -1.6021E-04 -2.9247E-04 -4.0474E-04 -3.6604E-04 -8.2523E-05  3.7306E-04  8.0825E-04  1.0868E-03  1.1993E-03
 -2.3160E-05 -6.0511E-05 -1.4502E-04 -3.1280E-04 -5.9653E-04 -9.8772E-04 -1.3911E-03 -1.6398E-03 -1.6301E-03 -1.4463E-03 -1.2591E-03 -1.1439E-03 -1.0841E-03 -2.3442E-06 -8.4042E-06 -2.6291E-05 -7.0333E-05 -1.5726E-04 -2.8300E-04 -3.8261E-04 -3.2848E-04 -3.9608E-05  3.9992E-04  8.0098E-04  1.0418E-03  1.1248E-03
 -2.3306E-05 -6.0747E-05 -1.4512E-04 -3.1158E-04 -5.9057E-04 -9.6983E-04 -1.3511E-03 -1.5727E-03 -1.5443E-03 -1.3582E-03 -1.1792E-03 -1.0712E-03 -1.0160E-03 -2.3539E-06 -8.4099E-06 -2.6185E-05 -6.9623E-05 -1.5420E-04 -2.7361E-04 -3.6089E-04 -2.9288E-04 -5.3374E-07  4.2156E-04  7.8898E-04  9.9482E-04  1.0518E-03
 -2.3443E-05 -6.0968E-05 -1.4513E-04 -3.1011E-04 -5.8445E-04 -9.5187E-04 -1.3119E-03 -1.5078E-03 -1.4622E-03 -1.2749E-03 -1.1037E-03 -1.0023E-03 -9.5106E-04 -2.3625E-06 -8.4132E-06 -2.6079E-05 -6.8880E-05 -1.5113E-04 -2.6422E-04 -3.3974E-04 -2.5899E-04  3.4840E-05  4.3838E-04  7.7306E-04  9.4648E-04  9.8069E-04
 -2.3587E-05 -6.1164E-05 -1.4512E-04 -3.0864E-04 -5.7800E-04 -9.3358E-04 -1.2736E-03 -1.4450E-03 -1.3829E-03 -1.1960E-03 -1.0323E-03 -9.3701E-04 -8.8908E-04 -2.3710E-06 -8.4140E-06 -2.5965E-05 -6.8112E-05 -1.4797E-04 -2.5483E-04 -3.1917E-04 -2.2695E-04  6.6700E-05  4.5079E-04  7.5387E-04  8.9749E-04  9.1195E-04
 -2.3722E-05 -6.1352E-05 -1.4503E-04 -3.0717E-04 -5.7147E-04 -9.1521E-04 -1.2345E-03 -1.3828E-03 -1.3079E-03 -1.1214E-03 -9.6485E-04 -8.7504E-04 -8.2989E-04 -2.3785E-06 -8.4124E-06 -2.5834E-05 -6.7312E-05 -1.4478E-04 -2.4552E-04 -2.9908E-04 -1.9670E-04  9.5195E-05  4.5928E-04  7.3174E-04  8.4826E-04  8.4605E-04
 -2.3846E-05 -6.1523E-05 -1.4499E-04 -3.0545E-04 -5.6469E-04 -8.9676E-04 -1.1963E-03 -1.3229E-03 -1.2357E-03 -1.0507E-03 -9.0117E-04 -8.1617E-04 -7.7330E-04 -2.3858E-06 -8.4083E-06 -2.5695E-05 -6.6504E-05 -1.4160E-04 -2.3636E-04 -2.7965E-04 -1.6817E-04  1.2051E-04  4.6402E-04  7.0741E-04  7.9935E-04  7.8327E-04
 -2.3969E-05 -6.1678E-05 -1.4478E-04 -3.0374E-04 -5.5783E-04 -8.7814E-04 -1.1586E-03 -1.2651E-03 -1.1664E-03 -9.8388E-04 -8.4091E-04 -7.6016E-04 -7.1909E-04 -2.3921E-06 -8.4017E-06 -2.5548E-05 -6.5654E-05 -1.3840E-04 -2.2718E-04 -2.6071E-04 -1.4144E-04  1.4281E-04  4.6557E-04  6.8128E-04  7.5118E-04  7.2366E-04
 -2.4091E-05 -6.1825E-05 -1.4463E-04 -3.0178E-04 -5.5081E-04 -8.5953E-04 -1.1213E-03 -1.2082E-03 -1.1004E-03 -9.2060E-04 -7.8384E-04 -7.0692E-04 -6.6740E-04 -2.3981E-06 -8.3920E-06 -2.5393E-05 -6.4797E-05 -1.3511E-04 -2.1813E-04 -2.4248E-04 -1.1628E-04  1.6228E-04  4.6418E-04  6.5377E-04  7.0407E-04  6.6749E-04
 -2.4203E-05 -6.1956E-05 -1.4440E-04 -2.9982E-04 -5.4354E-04 -8.4075E-04 -1.0845E-03 -1.1532E-03 -1.0374E-03 -8.6075E-04 -7.2995E-04 -6.5630E-04 -6.1784E-04 -2.4041E-06 -8.3797E-06 -2.5230E-05 -6.3907E-05 -1.3189E-04 -2.0919E-04 -2.2475E-04 -9.2795E-05  1.7907E-04  4.6026E-04  6.2527E-04  6.5834E-04  6.1458E-04
 -2.4322E-05 -6.2070E-05 -1.4414E-04 -2.9786E-04 -5.3619E-04 -8.2197E-04 -1.0482E-03 -1.1000E-03 -9.7718E-04 -8.0425E-04 -6.7900E-04 -6.0821E-04 -5.7040E-04 -2.4089E-06 -8.3658E-06 -2.5058E-05 -6.3001E-05 -1.2859E-04 -2.0036E-04 -2.0771E-04 -7.0905E-05  1.9340E-04  4.5397E-04  5.9621E-04  6.1409E-04  5.6510E-04
 -2.4422E-05 -6.2168E-05 -1.4379E-04 -2.9565E-04 -5.2876E-04 -8.0319E-04 -1.0125E-03 -1.0484E-03 -9.1987E-04 -7.5077E-04 -6.3066E-04 -5.6240E-04 -5.2501E-04 -2.4128E-06 -8.3495E-06 -2.4870E-05 -6.2086E-05 -1.2528E-04 -1.9166E-04 -1.9119E-04 -5.0557E-05  2.0539E-04  4.4581E-04  5.6673E-04  5.7155E-04  5.1897E-04
 -2.4528E-05 -6.2258E-05 -1.4343E-04 -2.9345E-04 -5.2117E-04 -7.8441E-04 -9.7735E-04 -9.9841E-04 -8.6516E-04 -7.0006E-04 -5.8494E-04 -5.1880E-04 -4.8165E-04 -2.4165E-06 -8.3307E-06 -2.4683E-05 -6.1139E-05 -1.2196E-04 -1.8299E-04 -1.7538E-04 -3.1705E-05  2.1520E-04  4.3593E-04  5.3717E-04  5.3089E-04  4.7594E-04
 -2.4626E-05 -6.2331E-05 -1.4307E-04 -2.9116E-04 -5.1341E-04 -7.6571E-04 -9.4273E-04 -9.5024E-04 -8.1315E-04 -6.5230E-04 -5.4175E-04 -4.7741E-04 -4.4025E-04 -2.4201E-06 -8.3087E-06 -2.4483E-05 -6.0184E-05 -1.1864E-04 -1.7454E-04 -1.6009E-04 -1.4294E-05  2.2304E-04  4.2458E-04  5.0778E-04  4.9210E-04  4.3609E-04
 -2.4715E-05 -6.2389E-05 -1.4267E-04 -2.8879E-04 -5.0566E-04 -7.4701E-04 -9.0876E-04 -9.0362E-04 -7.6359E-04 -6.0715E-04 -5.0084E-04 -4.3821E-04 -4.0074E-04 -2.4225E-06 -8.2850E-06 -2.4285E-05 -5.9204E-05 -1.1531E-04 -1.6621E-04 -1.4549E-04  1.7208E-06  2.2904E-04  4.1209E-04  4.7879E-04  4.5528E-04  3.9919E-04
 -2.4813E-05 -6.2429E-05 -1.4219E-04 -2.8635E-04 -4.9774E-04 -7.2831E-04 -8.7545E-04 -8.5855E-04 -7.1639E-04 -5.6444E-04 -4.6214E-04 -4.0090E-04 -3.6318E-04 -2.4249E-06 -8.2597E-06 -2.4067E-05 -5.8216E-05 -1.1199E-04 -1.5811E-04 -1.3143E-04  1.6401E-05  2.3342E-04  3.9853E-04  4.5030E-04  4.2033E-04  3.6497E-04
 -2.4887E-05 -6.2462E-05 -1.4170E-04 -2.8373E-04 -4.8982E-04 -7.0978E-04 -8.4279E-04 -8.1519E-04 -6.7157E-04 -5.2419E-04 -4.2548E-04 -3.6546E-04 -3.2742E-04 -2.4262E-06 -8.2311E-06 -2.3847E-05 -5.7212E-05 -1.0868E-04 -1.5004E-04 -1.1804E-04  2.9810E-05  2.3615E-04  3.8432E-04  4.2254E-04  3.8751E-04  3.3346E-04
 -2.4977E-05 -6.2478E-05 -1.4120E-04 -2.8120E-04 -4.8173E-04 -6.9125E-04 -8.1078E-04 -7.7330E-04 -6.2895E-04 -4.8606E-04 -3.9094E-04 -3.3199E-04 -2.9345E-04 -2.4274E-06 -8.2009E-06 -2.3625E-05 -5.6191E-05 -1.0537E-04 -1.4220E-04 -1.0522E-04  4.1992E-05  2.3758E-04  3.6946E-04  3.9551E-04  3.5648E-04  3.0431E-04
 -2.5050E-05 -6.2478E-05 -1.4060E-04 -2.7851E-04 -4.7357E-04 -6.7296E-04 -7.7943E-04 -7.3305E-04 -5.8845E-04 -4.5013E-04 -3.5836E-04 -3.0031E-04 -2.6128E-04 -2.4275E-06 -8.1674E-06 -2.3393E-05 -5.5163E-05 -1.0207E-04 -1.3449E-04 -9.2991E-05  5.3015E-05  2.3771E-04  3.5420E-04  3.6938E-04  3.2742E-04  2.7745E-04
 -2.5124E-05 -6.2462E-05 -1.3999E-04 -2.7573E-04 -4.6540E-04 -6.5475E-04 -7.4881E-04 -6.9435E-04 -5.4999E-04 -4.1617E-04 -3.2758E-04 -2.7042E-04 -2.3097E-04 -2.4275E-06 -8.1323E-06 -2.3149E-05 -5.4126E-05 -9.8788E-05 -1.2701E-04 -8.1348E-05  6.2927E-05  2.3664E-04  3.3860E-04  3.4423E-04  3.0006E-04  2.5262E-04
