  6.0037E-08  3.0635E-06  6.0380E-05  3.1133E-04
  3.0619E-06  1.5626E-04  3.0782E-03  1.5871E-02
  6.0625E-06  3.0929E-04  6.0870E-03  3.1353E-02
  9.0623E-06  4.6197E-04  9.0811E-03  4.6687E-02
  1.2060E-05  6.1441E-04  1.2051E-02  6.1809E-02
  1.5053E-05  7.6636E-04  1.4991E-02  7.6645E-02
  1.8051E-05  9.1766E-04  1.7892E-02  9.1137E-02
  2.1039E-05  1.0682E-03  2.0746E-02  1.0521E-01
  2.4018E-05  1.2179E-03  2.3540E-02  1.1881E-01
  2.6993E-05  1.3667E-03  2.6283E-02  1.3190E-01
  2.9974E-05  1.5139E-03  2.8953E-02  1.4438E-01
  3.2937E-05  1.6608E-03  3.1549E-02  1.5616E-01
  3.5893E-05  1.8054E-03  3.4072E-02  1.6731E-01
  3.8849E-05  1.9496E-03  3.6497E-02  1.7773E-01
  4.1788E-05  2.0917E-03  3.8849E-02  1.8740E-01
  4.4728E-05  2.2316E-03  4.1086E-02  1.9632E-01
  4.7651E-05  2.3709E-03  4.3233E-02  2.0439E-01
  5.0566E-05  2.5075E-03  4.5275E-02  2.1162E-01
  5.3472E-05  2.6422E-03  4.7202E-02  2.1799E-01
  5.6363E-05  2.7753E-03  4.9022E-02  2.2350E-01
  5.9237E-05  2.9051E-03  5.0729E-02  2.2806E-01
  6.2111E-05  3.0341E-03  5.2321E-02  2.3185E-01
  6.4960E-05  3.1598E-03  5.3783E-02  2.3478E-01
  6.7802E-05  3.2831E-03  5.5130E-02  2.3686E-01
  7.0627E-05  3.4048E-03  5.6355E-02  2.3809E-01
  7.3444E-05  3.5224E-03  5.7449E-02  2.3847E-01
  7.6236E-05  3.6383E-03  5.8420E-02  2.3811E-01
  7.9021E-05  3.7510E-03  5.9278E-02  2.3700E-01
  8.1780E-05  3.8612E-03  6.0012E-02  2.3516E-01
  8.4532E-05  3.9682E-03  6.0617E-02  2.3269E-01
  8.7251E-05  4.0727E-03  6.1107E-02  2.2950E-01
  8.9970E-05  4.1739E-03  6.1474E-02  2.2570E-01
  9.2656E-05  4.2719E-03  6.1727E-02  2.2130E-01
  9.5334E-05  4.3666E-03  6.1866E-02  2.1641E-01
  9.7980E-05  4.4581E-03  6.1899E-02  2.1103E-01
  1.0061E-04  4.5463E-03  6.1817E-02  2.0526E-01
  1.0322E-04  4.6320E-03  6.1629E-02  1.9904E-01
  1.0581E-04  4.7128E-03  6.1343E-02  1.9254E-01
  1.0837E-04  4.7920E-03  6.0968E-02  1.8578E-01
  1.1092E-04  4.8671E-03  6.0494E-02  1.7870E-01
  1.1344E-04  4.9382E-03  5.9931E-02  1.7147E-01
  1.1593E-04  5.0068E-03  5.9278E-02  1.6412E-01
  1.1841E-04  5.0713E-03  5.8559E-02  1.5664E-01
  1.2086E-04  5.1325E-03  5.7759E-02  1.4907E-01
  1.2332E-04  5.1905E-03  5.6885E-02  1.4156E-01
  1.2567E-04  5.2444E-03  5.5955E-02  1.3400E-01
  1.2809E-04  5.2950E-03  5.4967E-02  1.2652E-01
  1.3043E-04  5.3423E-03  5.3913E-02  1.1913E-01
  1.3275E-04  5.3856E-03  5.2811E-02  1.1185E-01
  1.3498E-04  5.4256E-03  5.1676E-02  1.0473E-01
  1.3729E-04  5.4624E-03  5.0484E-02  9.7784E-02
  1.3951E-04  5.4950E-03  4.9276E-02  9.1031E-02
  1.4171E-04  5.5244E-03  4.8026E-02  8.4507E-02
  1.4391E-04  5.5505E-03  4.6753E-02  7.8212E-02
  1.4610E-04  5.5734E-03  4.5463E-02  7.2170E-02
  1.4819E-04  5.5930E-03  4.4148E-02  6.6389E-02
  1.5028E-04  5.6093E-03  4.2825E-02  6.0894E-02
  1.5236E-04  5.6216E-03  4.1494E-02  5.5677E-02
  1.5442E-04  5.6314E-03  4.0163E-02  5.0737E-02
  1.5639E-04  5.6371E-03  3.8824E-02  4.6099E-02
  1.5836E-04  5.6395E-03  3.7494E-02  4.1747E-02
  1.6031E-04  5.6395E-03  3.6171E-02  3.7689E-02
  1.6217E-04  5.6363E-03  3.4856E-02  3.3909E-02
  1.6411E-04  5.6289E-03  3.3550E-02  3.0423E-02
  1.6594E-04  5.6199E-03  3.2260E-02  2.7206E-02
  1.6777E-04  5.6069E-03  3.0994E-02  2.4251E-02
  1.6950E-04  5.5922E-03  2.9745E-02  2.1557E-02
  1.7124E-04  5.5734E-03  2.8512E-02  1.9118E-02
  1.7295E-04  5.5522E-03  2.7312E-02  1.6914E-02
  1.7465E-04  5.5285E-03  2.6136E-02  1.4931E-02
  1.7626E-04  5.5016E-03  2.4985E-02  1.3168E-02
  1.7794E-04  5.4730E-03  2.3869E-02  1.1608E-02
  1.7953E-04  5.4411E-03  2.2779E-02  1.0234E-02
  1.8103E-04  5.4068E-03  2.1715E-02  9.0354E-03
  1.8250E-04  5.3701E-03  2.0687E-02  7.9992E-03
  1.8406E-04  5.3317E-03  1.9693E-02  7.1117E-03
  1.8543E-04  5.2909E-03  1.8727E-02  6.3613E-03
  1.8689E-04  5.2468E-03  1.7796E-02  5.7343E-03
  1.8824E-04  5.2019E-03  1.6901E-02  5.2174E-03
  1.8958E-04  5.1537E-03  1.6034E-02  4.8010E-03
  1.9083E-04  5.1047E-03  1.5201E-02  4.4728E-03
  1.9215E-04  5.0533E-03  1.4404E-02  4.2205E-03
  1.9338E-04  5.0002E-03  1.3642E-02  4.0343E-03
  1.9460E-04  4.9455E-03  1.2907E-02  3.9045E-03
  1.9571E-04  4.8892E-03  1.2201E-02  3.8220E-03
  1.9682E-04  4.8312E-03  1.1527E-02  3.7787E-03
  1.9793E-04  4.7716E-03  1.0885E-02  3.7665E-03
  1.9901E-04  4.7104E-03  1.0271E-02  3.7771E-03
  2.0000E-04  4.6491E-03  9.6845E-03  3.8049E-03
  2.0098E-04  4.5854E-03  9.1268E-03  3.8441E-03
  2.0195E-04  4.5209E-03  8.5944E-03  3.8898E-03
  2.0283E-04  4.4548E-03  8.0882E-03  3.9355E-03
  2.0369E-04  4.3879E-03  7.6073E-03  3.9780E-03
  2.0454E-04  4.3201E-03  7.1492E-03  4.0155E-03
  2.0538E-04  4.2515E-03  6.7141E-03  4.0433E-03
  2.0612E-04  4.1821E-03  6.3009E-03  4.0588E-03
  2.0686E-04  4.1119E-03  5.9082E-03  4.0613E-03
  2.0758E-04  4.0417E-03  5.5358E-03  4.0482E-03
  2.0821E-04  3.9698E-03  5.1815E-03  4.0196E-03
  2.0883E-04  3.8980E-03  4.8451E-03  3.9731E-03
