 -2.4763E-12 -8.5602E-12 -3.0052E-11 -1.0550E-10 -3.6444E-10 -1.2176E-09 -3.8693E-09 -1.1547E-08 -3.2145E-08 -8.3439E-08 -2.0336E-07 -4.6881E-07 -1.0266E-06 -2.1425E-06 -4.2681E-06 -8.1600E-06 -1.5175E-05 -2.7902E-05
 -1.2629E-10 -4.3657E-10 -1.5330E-09 -5.3811E-09 -1.8583E-08 -6.2098E-08 -1.9742E-07 -5.8888E-07 -1.6391E-06 -4.2554E-06 -1.0369E-05 -2.3900E-05 -5.2340E-05 -1.0922E-04 -2.1751E-04 -4.1578E-04 -7.7258E-04 -1.4199E-03
 -2.5003E-10 -8.6437E-10 -3.0363E-09 -1.0656E-08 -3.6812E-08 -1.2297E-07 -3.9075E-07 -1.1660E-06 -3.2456E-06 -8.4245E-06 -2.0520E-05 -4.7305E-05 -1.0355E-04 -2.1595E-04 -4.3006E-04 -8.2109E-04 -1.5245E-03 -2.7959E-03
 -3.7392E-10 -1.2926E-09 -4.5382E-09 -1.5924E-08 -5.5013E-08 -1.8385E-07 -5.8421E-07 -1.7423E-06 -4.8493E-06 -1.2587E-05 -3.0660E-05 -7.0640E-05 -1.5457E-04 -3.2230E-04 -6.4092E-04 -1.2222E-03 -2.2642E-03 -4.1408E-03
 -4.9766E-10 -1.7197E-09 -6.0401E-09 -2.1199E-08 -7.3228E-08 -2.4466E-07 -7.7739E-07 -2.3193E-06 -6.4516E-06 -1.6744E-05 -4.0772E-05 -9.3890E-05 -2.0534E-04 -4.2766E-04 -8.4938E-04 -1.6164E-03 -2.9868E-03 -5.4377E-03
 -6.2141E-10 -2.1482E-09 -7.5420E-09 -2.6474E-08 -9.1429E-08 -3.0533E-07 -9.7043E-07 -2.8935E-06 -8.0511E-06 -2.0888E-05 -5.0841E-05 -1.1700E-04 -2.5569E-04 -5.3189E-04 -1.0547E-03 -2.0025E-03 -3.6854E-03 -6.6737E-03
 -7.4529E-10 -2.5753E-09 -9.0439E-09 -3.1735E-08 -1.0962E-07 -3.6614E-07 -1.1630E-06 -3.4677E-06 -9.6464E-06 -2.5017E-05 -6.0868E-05 -1.3996E-04 -3.0547E-04 -6.3470E-04 -1.2561E-03 -2.3787E-03 -4.3586E-03 -7.8362E-03
 -8.6889E-10 -3.0038E-09 -1.0544E-08 -3.7010E-08 -1.2780E-07 -4.2681E-07 -1.3557E-06 -4.0418E-06 -1.1237E-05 -2.9133E-05 -7.0824E-05 -1.6278E-04 -3.5483E-04 -7.3582E-04 -1.4524E-03 -2.7422E-03 -4.9978E-03 -8.9152E-03
 -9.9292E-10 -3.4309E-09 -1.2046E-08 -4.2271E-08 -1.4595E-07 -4.8734E-07 -1.5471E-06 -4.6132E-06 -1.2821E-05 -3.3220E-05 -8.0723E-05 -1.8526E-04 -4.0333E-04 -8.3509E-04 -1.6447E-03 -3.0915E-03 -5.6017E-03 -9.9009E-03
 -1.1165E-09 -3.8594E-09 -1.3547E-08 -4.7546E-08 -1.6405E-07 -5.4787E-07 -1.7395E-06 -5.1831E-06 -1.4397E-05 -3.7293E-05 -9.0538E-05 -2.0761E-04 -4.5128E-04 -9.3211E-04 -1.8300E-03 -3.4252E-03 -6.1660E-03 -1.0785E-02
 -1.2403E-09 -4.2865E-09 -1.5047E-08 -5.2793E-08 -1.8229E-07 -6.0825E-07 -1.9304E-06 -5.7516E-06 -1.5966E-05 -4.1337E-05 -1.0028E-04 -2.2967E-04 -4.9837E-04 -1.0269E-03 -2.0096E-03 -3.7420E-03 -6.6878E-03 -1.1564E-02
 -1.3636E-09 -4.7136E-09 -1.6546E-08 -5.8039E-08 -2.0025E-07 -6.6850E-07 -2.1213E-06 -6.3187E-06 -1.7536E-05 -4.5354E-05 -1.0991E-04 -2.5145E-04 -5.4447E-04 -1.1189E-03 -2.1807E-03 -4.0404E-03 -7.1630E-03 -1.2233E-02
 -1.4878E-09 -5.1393E-09 -1.8045E-08 -6.3286E-08 -2.1835E-07 -7.2874E-07 -2.3122E-06 -6.8816E-06 -1.9092E-05 -4.9342E-05 -1.1946E-04 -2.7280E-04 -5.8959E-04 -1.2080E-03 -2.3448E-03 -4.3204E-03 -7.5901E-03 -1.2793E-02
 -1.6108E-09 -5.5663E-09 -1.9544E-08 -6.8533E-08 -2.3646E-07 -7.8885E-07 -2.5017E-06 -7.4444E-06 -2.0633E-05 -5.3288E-05 -1.2888E-04 -2.9387E-04 -6.3357E-04 -1.2941E-03 -2.5017E-03 -4.5792E-03 -7.9705E-03 -1.3243E-02
 -1.7352E-09 -5.9934E-09 -2.1029E-08 -7.3765E-08 -2.5456E-07 -8.4881E-07 -2.6912E-06 -8.0030E-06 -2.2175E-05 -5.7219E-05 -1.3818E-04 -3.1452E-04 -6.7642E-04 -1.3770E-03 -2.6488E-03 -4.8154E-03 -8.3000E-03 -1.3585E-02
 -1.8583E-09 -6.4177E-09 -2.2528E-08 -7.8998E-08 -2.7252E-07 -9.0863E-07 -2.8793E-06 -8.5602E-06 -2.3702E-05 -6.1094E-05 -1.4736E-04 -3.3474E-04 -7.1814E-04 -1.4566E-03 -2.7874E-03 -5.0318E-03 -8.5800E-03 -1.3824E-02
 -1.9813E-09 -6.8462E-09 -2.4013E-08 -8.4216E-08 -2.9048E-07 -9.6817E-07 -3.0674E-06 -9.1132E-06 -2.5215E-05 -6.4927E-05 -1.5641E-04 -3.5454E-04 -7.5858E-04 -1.5330E-03 -2.9161E-03 -5.2255E-03 -8.8120E-03 -1.3964E-02
 -2.1043E-09 -7.2719E-09 -2.5512E-08 -8.9435E-08 -3.0844E-07 -1.0276E-06 -3.2541E-06 -9.6633E-06 -2.6714E-05 -6.8731E-05 -1.6532E-04 -3.7392E-04 -7.9762E-04 -1.6051E-03 -3.0363E-03 -5.3952E-03 -8.9944E-03 -1.4013E-02
 -2.2288E-09 -7.6976E-09 -2.6997E-08 -9.4653E-08 -3.2626E-07 -1.0870E-06 -3.4408E-06 -1.0211E-05 -2.8214E-05 -7.2478E-05 -1.7409E-04 -3.9287E-04 -8.3523E-04 -1.6730E-03 -3.1466E-03 -5.5437E-03 -9.1302E-03 -1.3978E-02
 -2.3518E-09 -8.1218E-09 -2.8496E-08 -9.9843E-08 -3.4408E-07 -1.1461E-06 -3.6260E-06 -1.0755E-05 -2.9684E-05 -7.6184E-05 -1.8257E-04 -4.1125E-04 -8.7144E-04 -1.7367E-03 -3.2470E-03 -5.6696E-03 -9.2193E-03 -1.3866E-02
 -2.4749E-09 -8.5475E-09 -2.9981E-08 -1.0505E-07 -3.6190E-07 -1.2049E-06 -3.8113E-06 -1.1295E-05 -3.1155E-05 -7.9832E-05 -1.9106E-04 -4.2907E-04 -9.0609E-04 -1.7975E-03 -3.3361E-03 -5.7742E-03 -9.2673E-03 -1.3687E-02
 -2.5979E-09 -8.9718E-09 -3.1466E-08 -1.1024E-07 -3.7972E-07 -1.2636E-06 -3.9952E-06 -1.1831E-05 -3.2598E-05 -8.3439E-05 -1.9926E-04 -4.4647E-04 -9.3918E-04 -1.8540E-03 -3.4167E-03 -5.8548E-03 -9.2730E-03 -1.3446E-02
 -2.7209E-09 -9.3946E-09 -3.2951E-08 -1.1541E-07 -3.9739E-07 -1.3221E-06 -4.1776E-06 -1.2363E-05 -3.4026E-05 -8.6974E-05 -2.0732E-04 -4.6315E-04 -9.7072E-04 -1.9049E-03 -3.4875E-03 -5.9157E-03 -9.2405E-03 -1.3155E-02
 -2.8454E-09 -9.8203E-09 -3.4422E-08 -1.2058E-07 -4.1507E-07 -1.3804E-06 -4.3586E-06 -1.2892E-05 -3.5440E-05 -9.0467E-05 -2.1524E-04 -4.7942E-04 -1.0006E-03 -1.9530E-03 -3.5468E-03 -5.9553E-03 -9.1740E-03 -1.2820E-02
 -2.9684E-09 -1.0245E-08 -3.5907E-08 -1.2575E-07 -4.3275E-07 -1.4383E-06 -4.5396E-06 -1.3415E-05 -3.6840E-05 -9.3904E-05 -2.2288E-04 -4.9497E-04 -1.0287E-03 -1.9969E-03 -3.5978E-03 -5.9751E-03 -9.0736E-03 -1.2451E-02
 -3.0901E-09 -1.0669E-08 -3.7392E-08 -1.3090E-07 -4.5029E-07 -1.4962E-06 -4.7192E-06 -1.3934E-05 -3.8226E-05 -9.7270E-05 -2.3038E-04 -5.0997E-04 -1.0553E-03 -2.0351E-03 -3.6374E-03 -5.9765E-03 -8.9449E-03 -1.2052E-02
 -3.2131E-09 -1.1090E-08 -3.8863E-08 -1.3602E-07 -4.6782E-07 -1.5542E-06 -4.8974E-06 -1.4453E-05 -3.9584E-05 -1.0058E-04 -2.3773E-04 -5.2439E-04 -1.0802E-03 -2.0704E-03 -3.6685E-03 -5.9595E-03 -8.7893E-03 -1.1633E-02
 -3.3361E-09 -1.1515E-08 -4.0348E-08 -1.4115E-07 -4.8536E-07 -1.6108E-06 -5.0756E-06 -1.4962E-05 -4.0941E-05 -1.0382E-04 -2.4480E-04 -5.3825E-04 -1.1032E-03 -2.1015E-03 -3.6897E-03 -5.9256E-03 -8.6097E-03 -1.1199E-02
 -3.4592E-09 -1.1937E-08 -4.1804E-08 -1.4623E-07 -5.0275E-07 -1.6674E-06 -5.2510E-06 -1.5457E-05 -4.2257E-05 -1.0699E-04 -2.5159E-04 -5.5126E-04 -1.1246E-03 -2.1270E-03 -3.7024E-03 -5.8746E-03 -8.4103E-03 -1.0755E-02
 -3.5808E-09 -1.2357E-08 -4.3289E-08 -1.5132E-07 -5.2015E-07 -1.7253E-06 -5.4263E-06 -1.5966E-05 -4.3572E-05 -1.1010E-04 -2.5824E-04 -5.6385E-04 -1.1441E-03 -2.1496E-03 -3.7052E-03 -5.8096E-03 -8.1940E-03 -1.0305E-02
 -3.7038E-09 -1.2777E-08 -4.4746E-08 -1.5641E-07 -5.3740E-07 -1.7805E-06 -5.5989E-06 -1.6461E-05 -4.4859E-05 -1.1314E-04 -2.6460E-04 -5.7558E-04 -1.1621E-03 -2.1666E-03 -3.7010E-03 -5.7318E-03 -7.9620E-03 -9.8557E-03
 -3.8269E-09 -1.3199E-08 -4.6216E-08 -1.6150E-07 -5.5465E-07 -1.8371E-06 -5.7714E-06 -1.6942E-05 -4.6118E-05 -1.1609E-04 -2.7082E-04 -5.8676E-04 -1.1782E-03 -2.1807E-03 -3.6883E-03 -5.6399E-03 -7.7188E-03 -9.4102E-03
 -3.9485E-09 -1.3619E-08 -4.7687E-08 -1.6659E-07 -5.7177E-07 -1.8936E-06 -5.9411E-06 -1.7423E-05 -4.7362E-05 -1.1899E-04 -2.7676E-04 -5.9722E-04 -1.1925E-03 -2.1906E-03 -3.6685E-03 -5.5381E-03 -7.4656E-03 -8.9689E-03
 -4.0701E-09 -1.4040E-08 -4.9144E-08 -1.7169E-07 -5.8888E-07 -1.9488E-06 -6.1108E-06 -1.7904E-05 -4.8592E-05 -1.2181E-04 -2.8242E-04 -6.0698E-04 -1.2051E-03 -2.1963E-03 -3.6402E-03 -5.4249E-03 -7.2054E-03 -8.5348E-03
 -4.1931E-09 -1.4467E-08 -5.0601E-08 -1.7664E-07 -6.0599E-07 -2.0039E-06 -6.2791E-06 -1.8371E-05 -4.9794E-05 -1.2454E-04 -2.8793E-04 -6.1617E-04 -1.2161E-03 -2.1991E-03 -3.6048E-03 -5.3033E-03 -6.9410E-03 -8.1119E-03
 -4.3162E-09 -1.4878E-08 -5.2043E-08 -1.8173E-07 -6.2296E-07 -2.0591E-06 -6.4460E-06 -1.8837E-05 -5.0968E-05 -1.2721E-04 -2.9317E-04 -6.2466E-04 -1.2253E-03 -2.1977E-03 -3.5638E-03 -5.1732E-03 -6.6737E-03 -7.7004E-03
 -4.4378E-09 -1.5302E-08 -5.3500E-08 -1.8682E-07 -6.3979E-07 -2.1128E-06 -6.6100E-06 -1.9304E-05 -5.2128E-05 -1.2980E-04 -2.9812E-04 -6.3244E-04 -1.2328E-03 -2.1920E-03 -3.5171E-03 -5.0374E-03 -6.4036E-03 -7.3002E-03
 -4.5594E-09 -1.5712E-08 -5.4956E-08 -1.9177E-07 -6.5662E-07 -2.1666E-06 -6.7727E-06 -1.9742E-05 -5.3259E-05 -1.3230E-04 -3.0292E-04 -6.3951E-04 -1.2386E-03 -2.1835E-03 -3.4648E-03 -4.8960E-03 -6.1349E-03 -6.9141E-03
 -4.6810E-09 -1.6136E-08 -5.6399E-08 -1.9672E-07 -6.7331E-07 -2.2203E-06 -6.9353E-06 -2.0195E-05 -5.4362E-05 -1.3472E-04 -3.0745E-04 -6.4587E-04 -1.2428E-03 -2.1722E-03 -3.4068E-03 -4.7489E-03 -5.8676E-03 -6.5407E-03
 -4.8027E-09 -1.6546E-08 -5.7841E-08 -2.0167E-07 -6.8999E-07 -2.2741E-06 -7.0951E-06 -2.0633E-05 -5.5451E-05 -1.3707E-04 -3.1169E-04 -6.5167E-04 -1.2455E-03 -2.1567E-03 -3.3446E-03 -4.5990E-03 -5.6031E-03 -6.1815E-03
 -4.9243E-09 -1.6956E-08 -5.9284E-08 -2.0662E-07 -7.0654E-07 -2.3278E-06 -7.2535E-06 -2.1072E-05 -5.6498E-05 -1.3931E-04 -3.1565E-04 -6.5676E-04 -1.2466E-03 -2.1397E-03 -3.2781E-03 -4.4463E-03 -5.3429E-03 -5.8365E-03
 -5.0473E-09 -1.7381E-08 -6.0726E-08 -2.1157E-07 -7.2309E-07 -2.3801E-06 -7.4105E-06 -2.1496E-05 -5.7530E-05 -1.4156E-04 -3.1947E-04 -6.6114E-04 -1.2462E-03 -2.1185E-03 -3.2089E-03 -4.2907E-03 -5.0883E-03 -5.5041E-03
 -5.1675E-09 -1.7791E-08 -6.2155E-08 -2.1652E-07 -7.3949E-07 -2.4324E-06 -7.5646E-06 -2.1906E-05 -5.8534E-05 -1.4354E-04 -3.2301E-04 -6.6496E-04 -1.2442E-03 -2.0959E-03 -3.1353E-03 -4.1352E-03 -4.8380E-03 -5.1873E-03
 -5.2877E-09 -1.8215E-08 -6.3583E-08 -2.2147E-07 -7.5590E-07 -2.4848E-06 -7.7174E-06 -2.2316E-05 -5.9524E-05 -1.4552E-04 -3.2626E-04 -6.6807E-04 -1.2410E-03 -2.0690E-03 -3.0589E-03 -3.9782E-03 -4.5962E-03 -4.8833E-03
 -5.4094E-09 -1.8625E-08 -6.5026E-08 -2.2627E-07 -7.7202E-07 -2.5357E-06 -7.8687E-06 -2.2726E-05 -6.0472E-05 -1.4750E-04 -3.2923E-04 -6.7048E-04 -1.2362E-03 -2.0407E-03 -2.9797E-03 -3.8226E-03 -4.3600E-03 -4.5920E-03
 -5.5296E-09 -1.9035E-08 -6.6426E-08 -2.3108E-07 -7.8814E-07 -2.5866E-06 -8.0186E-06 -2.3122E-05 -6.1405E-05 -1.4934E-04 -3.3192E-04 -6.7232E-04 -1.2301E-03 -2.0110E-03 -2.8991E-03 -3.6685E-03 -4.1309E-03 -4.3148E-03
 -5.6526E-09 -1.9445E-08 -6.7854E-08 -2.3603E-07 -8.0426E-07 -2.6375E-06 -8.1657E-06 -2.3518E-05 -6.2310E-05 -1.5104E-04 -3.3446E-04 -6.7359E-04 -1.2227E-03 -1.9785E-03 -2.8171E-03 -3.5157E-03 -3.9103E-03 -4.0517E-03
 -5.7728E-09 -1.9856E-08 -6.9282E-08 -2.4084E-07 -8.2024E-07 -2.6870E-06 -8.3127E-06 -2.3886E-05 -6.3187E-05 -1.5274E-04 -3.3672E-04 -6.7416E-04 -1.2142E-03 -1.9445E-03 -2.7337E-03 -3.3644E-03 -3.6968E-03 -3.8000E-03
 -5.8916E-09 -2.0280E-08 -7.0697E-08 -2.4565E-07 -8.3622E-07 -2.7365E-06 -8.4556E-06 -2.4268E-05 -6.4036E-05 -1.5429E-04 -3.3870E-04 -6.7416E-04 -1.2043E-03 -1.9078E-03 -2.6488E-03 -3.2159E-03 -3.4931E-03 -3.5610E-03
 -6.0132E-09 -2.0676E-08 -7.2082E-08 -2.5046E-07 -8.5192E-07 -2.7860E-06 -8.5984E-06 -2.4636E-05 -6.4842E-05 -1.5585E-04 -3.4054E-04 -6.7359E-04 -1.1935E-03 -1.8710E-03 -2.5640E-03 -3.0703E-03 -3.2965E-03 -3.3347E-03
 -6.1334E-09 -2.1086E-08 -7.3497E-08 -2.5512E-07 -8.6762E-07 -2.8341E-06 -8.7370E-06 -2.4989E-05 -6.5648E-05 -1.5726E-04 -3.4210E-04 -6.7246E-04 -1.1814E-03 -1.8328E-03 -2.4777E-03 -2.9274E-03 -3.1084E-03 -3.1198E-03
 -6.2522E-09 -2.1496E-08 -7.4911E-08 -2.5993E-07 -8.8318E-07 -2.8836E-06 -8.8756E-06 -2.5343E-05 -6.6411E-05 -1.5853E-04 -3.4337E-04 -6.7062E-04 -1.1686E-03 -1.7918E-03 -2.3928E-03 -2.7888E-03 -2.9288E-03 -2.9175E-03
 -6.3724E-09 -2.1906E-08 -7.6311E-08 -2.6474E-07 -8.9859E-07 -2.9317E-06 -9.0114E-06 -2.5682E-05 -6.7147E-05 -1.5981E-04 -3.4436E-04 -6.6836E-04 -1.1546E-03 -1.7508E-03 -2.3080E-03 -2.6545E-03 -2.7577E-03 -2.7266E-03
 -6.4955E-09 -2.2316E-08 -7.7697E-08 -2.6941E-07 -9.1401E-07 -2.9783E-06 -9.1443E-06 -2.6022E-05 -6.7854E-05 -1.6094E-04 -3.4521E-04 -6.6567E-04 -1.1396E-03 -1.7098E-03 -2.2231E-03 -2.5244E-03 -2.5937E-03 -2.5456E-03
 -6.6129E-09 -2.2726E-08 -7.9069E-08 -2.7407E-07 -9.2928E-07 -3.0250E-06 -9.2758E-06 -2.6347E-05 -6.8533E-05 -1.6193E-04 -3.4578E-04 -6.6228E-04 -1.1239E-03 -1.6674E-03 -2.1383E-03 -2.3971E-03 -2.4395E-03 -2.3759E-03
 -6.7317E-09 -2.3122E-08 -8.0455E-08 -2.7874E-07 -9.4441E-07 -3.0717E-06 -9.4059E-06 -2.6672E-05 -6.9183E-05 -1.6292E-04 -3.4620E-04 -6.5860E-04 -1.1073E-03 -1.6235E-03 -2.0563E-03 -2.2755E-03 -2.2924E-03 -2.2161E-03
 -6.8519E-09 -2.3533E-08 -8.1869E-08 -2.8341E-07 -9.5954E-07 -3.1169E-06 -9.5332E-06 -2.6969E-05 -6.9806E-05 -1.6377E-04 -3.4620E-04 -6.5422E-04 -1.0901E-03 -1.5797E-03 -1.9742E-03 -2.1567E-03 -2.1524E-03 -2.0676E-03
 -6.9707E-09 -2.3928E-08 -8.3226E-08 -2.8793E-07 -9.7453E-07 -3.1622E-06 -9.6591E-06 -2.7280E-05 -7.0400E-05 -1.6461E-04 -3.4620E-04 -6.4955E-04 -1.0721E-03 -1.5358E-03 -1.8936E-03 -2.0435E-03 -2.0209E-03 -1.9276E-03
 -7.0909E-09 -2.4339E-08 -8.4598E-08 -2.9260E-07 -9.8938E-07 -3.2074E-06 -9.7807E-06 -2.7563E-05 -7.0965E-05 -1.6532E-04 -3.4592E-04 -6.4432E-04 -1.0536E-03 -1.4920E-03 -1.8159E-03 -1.9346E-03 -1.8950E-03 -1.7975E-03
 -7.2097E-09 -2.4749E-08 -8.5956E-08 -2.9713E-07 -1.0041E-06 -3.2527E-06 -9.9023E-06 -2.7860E-05 -7.1503E-05 -1.6589E-04 -3.4535E-04 -6.3866E-04 -1.0345E-03 -1.4467E-03 -1.7381E-03 -1.8314E-03 -1.7777E-03 -1.6758E-03
 -7.3270E-09 -2.5145E-08 -8.7328E-08 -3.0165E-07 -1.0187E-06 -3.2965E-06 -1.0021E-05 -2.8129E-05 -7.2012E-05 -1.6645E-04 -3.4464E-04 -6.3272E-04 -1.0148E-03 -1.4026E-03 -1.6631E-03 -1.7310E-03 -1.6674E-03 -1.5613E-03
 -7.4458E-09 -2.5541E-08 -8.8685E-08 -3.0618E-07 -1.0332E-06 -3.3390E-06 -1.0137E-05 -2.8397E-05 -7.2493E-05 -1.6688E-04 -3.4365E-04 -6.2636E-04 -9.9476E-04 -1.3584E-03 -1.5896E-03 -1.6362E-03 -1.5627E-03 -1.4566E-03
 -7.5646E-09 -2.5951E-08 -9.0029E-08 -3.1070E-07 -1.0476E-06 -3.3814E-06 -1.0250E-05 -2.8652E-05 -7.2931E-05 -1.6730E-04 -3.4252E-04 -6.1957E-04 -9.7425E-04 -1.3142E-03 -1.5175E-03 -1.5443E-03 -1.4651E-03 -1.3585E-03
 -7.6834E-09 -2.6333E-08 -9.1386E-08 -3.1523E-07 -1.0619E-06 -3.4238E-06 -1.0362E-05 -2.8907E-05 -7.3355E-05 -1.6758E-04 -3.4111E-04 -6.1235E-04 -9.5346E-04 -1.2705E-03 -1.4482E-03 -1.4581E-03 -1.3724E-03 -1.2677E-03
 -7.8022E-09 -2.6743E-08 -9.2730E-08 -3.1961E-07 -1.0759E-06 -3.4662E-06 -1.0472E-05 -2.9147E-05 -7.3751E-05 -1.6773E-04 -3.3969E-04 -6.0486E-04 -9.3225E-04 -1.2271E-03 -1.3813E-03 -1.3753E-03 -1.2859E-03 -1.1836E-03
 -7.9196E-09 -2.7139E-08 -9.4073E-08 -3.2414E-07 -1.0899E-06 -3.5072E-06 -1.0580E-05 -2.9387E-05 -7.4119E-05 -1.6787E-04 -3.3800E-04 -5.9708E-04 -9.1089E-04 -1.1841E-03 -1.3159E-03 -1.2968E-03 -1.2049E-03 -1.1056E-03
 -8.0356E-09 -2.7535E-08 -9.5417E-08 -3.2852E-07 -1.1038E-06 -3.5468E-06 -1.0684E-05 -2.9614E-05 -7.4444E-05 -1.6787E-04 -3.3602E-04 -5.8902E-04 -8.8926E-04 -1.1418E-03 -1.2529E-03 -1.2223E-03 -1.1291E-03 -1.0335E-03
 -8.1558E-09 -2.7931E-08 -9.6746E-08 -3.3291E-07 -1.1177E-06 -3.5879E-06 -1.0786E-05 -2.9826E-05 -7.4755E-05 -1.6787E-04 -3.3404E-04 -5.8068E-04 -8.6748E-04 -1.1000E-03 -1.1919E-03 -1.1516E-03 -1.0580E-03 -9.6661E-04
 -8.2717E-09 -2.8327E-08 -9.8062E-08 -3.3729E-07 -1.1314E-06 -3.6260E-06 -1.0887E-05 -3.0024E-05 -7.5038E-05 -1.6773E-04 -3.3177E-04 -5.7219E-04 -8.4556E-04 -1.0590E-03 -1.1331E-03 -1.0846E-03 -9.9151E-04 -9.0481E-04
 -8.3891E-09 -2.8709E-08 -9.9391E-08 -3.4153E-07 -1.1448E-06 -3.6656E-06 -1.0984E-05 -3.0236E-05 -7.5279E-05 -1.6758E-04 -3.2937E-04 -5.6328E-04 -8.2364E-04 -1.0185E-03 -1.0765E-03 -1.0211E-03 -9.2942E-04 -8.4768E-04
 -8.5079E-09 -2.9105E-08 -1.0069E-07 -3.4592E-07 -1.1581E-06 -3.7038E-06 -1.1080E-05 -3.0420E-05 -7.5519E-05 -1.6730E-04 -3.2682E-04 -5.5423E-04 -8.0172E-04 -9.7892E-04 -1.0221E-03 -9.6110E-04 -8.7130E-04 -7.9465E-04
 -8.6210E-09 -2.9500E-08 -1.0199E-07 -3.5016E-07 -1.1714E-06 -3.7420E-06 -1.1172E-05 -3.0604E-05 -7.5703E-05 -1.6702E-04 -3.2400E-04 -5.4490E-04 -7.7966E-04 -9.4017E-04 -9.6973E-04 -9.0425E-04 -8.1699E-04 -7.4543E-04
 -8.7398E-09 -2.9896E-08 -1.0329E-07 -3.5440E-07 -1.1845E-06 -3.7788E-06 -1.1263E-05 -3.0773E-05 -7.5873E-05 -1.6659E-04 -3.2117E-04 -5.3556E-04 -7.5774E-04 -9.0213E-04 -9.1952E-04 -8.5065E-04 -7.6622E-04 -6.9989E-04
 -8.8572E-09 -3.0278E-08 -1.0460E-07 -3.5864E-07 -1.1976E-06 -3.8155E-06 -1.1350E-05 -3.0929E-05 -7.6014E-05 -1.6603E-04 -3.1820E-04 -5.2595E-04 -7.3596E-04 -8.6507E-04 -8.7144E-04 -7.9988E-04 -7.1870E-04 -6.5747E-04
 -8.9704E-09 -3.0660E-08 -1.0590E-07 -3.6289E-07 -1.2104E-06 -3.8509E-06 -1.1437E-05 -3.1084E-05 -7.6127E-05 -1.6546E-04 -3.1509E-04 -5.1619E-04 -7.1418E-04 -8.2887E-04 -8.2534E-04 -7.5208E-04 -6.7416E-04 -6.1801E-04
 -9.0892E-09 -3.1042E-08 -1.0718E-07 -3.6699E-07 -1.2232E-06 -3.8863E-06 -1.1520E-05 -3.1240E-05 -7.6212E-05 -1.6490E-04 -3.1183E-04 -5.0615E-04 -6.9254E-04 -7.9366E-04 -7.8121E-04 -7.0697E-04 -6.3258E-04 -5.8124E-04
 -9.2023E-09 -3.1438E-08 -1.0847E-07 -3.7109E-07 -1.2357E-06 -3.9202E-06 -1.1601E-05 -3.1367E-05 -7.6269E-05 -1.6419E-04 -3.0844E-04 -4.9625E-04 -6.7119E-04 -7.5943E-04 -7.3907E-04 -6.6440E-04 -5.9369E-04 -5.4673E-04
 -9.3197E-09 -3.1820E-08 -1.0976E-07 -3.7519E-07 -1.2482E-06 -3.9541E-06 -1.1679E-05 -3.1495E-05 -7.6311E-05 -1.6348E-04 -3.0490E-04 -4.8607E-04 -6.4997E-04 -7.2606E-04 -6.9890E-04 -6.2423E-04 -5.5720E-04 -5.1449E-04
 -9.4342E-09 -3.2202E-08 -1.1102E-07 -3.7929E-07 -1.2606E-06 -3.9881E-06 -1.1755E-05 -3.1622E-05 -7.6311E-05 -1.6263E-04 -3.0123E-04 -4.7588E-04 -6.2904E-04 -6.9367E-04 -6.6044E-04 -5.8647E-04 -5.2298E-04 -4.8409E-04
 -9.5488E-09 -3.2583E-08 -1.1227E-07 -3.8339E-07 -1.2727E-06 -4.0220E-06 -1.1828E-05 -3.1735E-05 -7.6297E-05 -1.6179E-04 -2.9755E-04 -4.6556E-04 -6.0825E-04 -6.6242E-04 -6.2381E-04 -5.5069E-04 -4.9087E-04 -4.5566E-04
 -9.6676E-09 -3.2965E-08 -1.1355E-07 -3.8735E-07 -1.2848E-06 -4.0531E-06 -1.1899E-05 -3.1834E-05 -7.6254E-05 -1.6080E-04 -2.9373E-04 -4.5524E-04 -5.8775E-04 -6.3201E-04 -5.8902E-04 -5.1704E-04 -4.6061E-04 -4.2865E-04
 -9.7793E-09 -3.3347E-08 -1.1479E-07 -3.9131E-07 -1.2967E-06 -4.0857E-06 -1.1968E-05 -3.1919E-05 -7.6184E-05 -1.5981E-04 -2.8977E-04 -4.4491E-04 -5.6767E-04 -6.0260E-04 -5.5579E-04 -4.8536E-04 -4.3218E-04 -4.0319E-04
 -9.8924E-09 -3.3729E-08 -1.1604E-07 -3.9541E-07 -1.3084E-06 -4.1154E-06 -1.2034E-05 -3.2004E-05 -7.6085E-05 -1.5882E-04 -2.8581E-04 -4.3459E-04 -5.4787E-04 -5.7417E-04 -5.2411E-04 -4.5552E-04 -4.0560E-04 -3.7915E-04
 -1.0007E-08 -3.4111E-08 -1.1727E-07 -3.9923E-07 -1.3202E-06 -4.1465E-06 -1.2097E-05 -3.2089E-05 -7.5972E-05 -1.5768E-04 -2.8171E-04 -4.2412E-04 -5.2835E-04 -5.4673E-04 -4.9413E-04 -4.2738E-04 -3.8042E-04 -3.5624E-04
 -1.0120E-08 -3.4479E-08 -1.1853E-07 -4.0319E-07 -1.3315E-06 -4.1762E-06 -1.2158E-05 -3.2159E-05 -7.5830E-05 -1.5655E-04 -2.7761E-04 -4.1380E-04 -5.0912E-04 -5.2029E-04 -4.6556E-04 -4.0079E-04 -3.5666E-04 -3.3446E-04
 -1.0235E-08 -3.4860E-08 -1.1974E-07 -4.0701E-07 -1.3429E-06 -4.2045E-06 -1.2217E-05 -3.2216E-05 -7.5660E-05 -1.5528E-04 -2.7337E-04 -4.0333E-04 -4.9045E-04 -4.9483E-04 -4.3841E-04 -3.7576E-04 -3.3418E-04 -3.1367E-04
 -1.0349E-08 -3.5242E-08 -1.2097E-07 -4.1083E-07 -1.3540E-06 -4.2342E-06 -1.2273E-05 -3.2258E-05 -7.5462E-05 -1.5401E-04 -2.6898E-04 -3.9301E-04 -4.7192E-04 -4.7023E-04 -4.1267E-04 -3.5214E-04 -3.1297E-04 -2.9387E-04
 -1.0460E-08 -3.5610E-08 -1.2217E-07 -4.1465E-07 -1.3651E-06 -4.2610E-06 -1.2326E-05 -3.2301E-05 -7.5250E-05 -1.5274E-04 -2.6460E-04 -3.8269E-04 -4.5396E-04 -4.4661E-04 -3.8820E-04 -3.2979E-04 -2.9303E-04 -2.7506E-04
 -1.0577E-08 -3.5978E-08 -1.2339E-07 -4.1847E-07 -1.3760E-06 -4.2879E-06 -1.2377E-05 -3.2343E-05 -7.5010E-05 -1.5132E-04 -2.6022E-04 -3.7250E-04 -4.3628E-04 -4.2384E-04 -3.6501E-04 -3.0886E-04 -2.7407E-04 -2.5710E-04
 -1.0687E-08 -3.6345E-08 -1.2459E-07 -4.2228E-07 -1.3866E-06 -4.3148E-06 -1.2427E-05 -3.2371E-05 -7.4755E-05 -1.4991E-04 -2.5569E-04 -3.6232E-04 -4.1903E-04 -4.0192E-04 -3.4309E-04 -2.8907E-04 -2.5611E-04 -2.3985E-04
 -1.0802E-08 -3.6713E-08 -1.2578E-07 -4.2596E-07 -1.3974E-06 -4.3416E-06 -1.2472E-05 -3.2385E-05 -7.4472E-05 -1.4849E-04 -2.5131E-04 -3.5214E-04 -4.0234E-04 -3.8099E-04 -3.2230E-04 -2.7026E-04 -2.3914E-04 -2.2345E-04
 -1.0912E-08 -3.7081E-08 -1.2698E-07 -4.2964E-07 -1.4077E-06 -4.3657E-06 -1.2516E-05 -3.2400E-05 -7.4161E-05 -1.4708E-04 -2.4664E-04 -3.4210E-04 -3.8594E-04 -3.6091E-04 -3.0250E-04 -2.5272E-04 -2.2302E-04 -2.0775E-04
 -1.1027E-08 -3.7448E-08 -1.2816E-07 -4.3332E-07 -1.4185E-06 -4.3911E-06 -1.2557E-05 -3.2400E-05 -7.3850E-05 -1.4552E-04 -2.4211E-04 -3.3220E-04 -3.6996E-04 -3.4167E-04 -2.8383E-04 -2.3603E-04 -2.0775E-04 -1.9276E-04
 -1.1137E-08 -3.7816E-08 -1.2934E-07 -4.3685E-07 -1.4284E-06 -4.4152E-06 -1.2595E-05 -3.2400E-05 -7.3497E-05 -1.4397E-04 -2.3745E-04 -3.2230E-04 -3.5426E-04 -3.2315E-04 -2.6615E-04 -2.2033E-04 -1.9318E-04 -1.7862E-04
 -1.1250E-08 -3.8184E-08 -1.3050E-07 -4.4053E-07 -1.4383E-06 -4.4378E-06 -1.2632E-05 -3.2385E-05 -7.3129E-05 -1.4227E-04 -2.3292E-04 -3.1254E-04 -3.3913E-04 -3.0547E-04 -2.4933E-04 -2.0549E-04 -1.7961E-04 -1.6504E-04
 -1.1356E-08 -3.8537E-08 -1.3166E-07 -4.4406E-07 -1.4482E-06 -4.4604E-06 -1.2666E-05 -3.2357E-05 -7.2747E-05 -1.4066E-04 -2.2825E-04 -3.0292E-04 -3.2442E-04 -2.8864E-04 -2.3349E-04 -1.9134E-04 -1.6659E-04 -1.5203E-04
 -1.1471E-08 -3.8905E-08 -1.3284E-07 -4.4746E-07 -1.4581E-06 -4.4831E-06 -1.2697E-05 -3.2329E-05 -7.2351E-05 -1.3899E-04 -2.2359E-04 -2.9345E-04 -3.1014E-04 -2.7238E-04 -2.1850E-04 -1.7819E-04 -1.5429E-04 -1.3987E-04
 -1.1581E-08 -3.9259E-08 -1.3398E-07 -4.5099E-07 -1.4665E-06 -4.5043E-06 -1.2725E-05 -3.2286E-05 -7.1913E-05 -1.3728E-04 -2.1892E-04 -2.8397E-04 -2.9628E-04 -2.5696E-04 -2.0421E-04 -1.6575E-04 -1.4269E-04 -1.2830E-04
 -1.1690E-08 -3.9626E-08 -1.3514E-07 -4.5453E-07 -1.4764E-06 -4.5241E-06 -1.2752E-05 -3.2244E-05 -7.1474E-05 -1.3554E-04 -2.1425E-04 -2.7478E-04 -2.8284E-04 -2.4225E-04 -1.9092E-04 -1.5387E-04 -1.3165E-04 -1.1735E-04
 -1.1800E-08 -3.9980E-08 -1.3627E-07 -4.5792E-07 -1.4863E-06 -4.5453E-06 -1.2777E-05 -3.2202E-05 -7.1022E-05 -1.3377E-04 -2.0945E-04 -2.6573E-04 -2.6983E-04 -2.2811E-04 -1.7819E-04 -1.4284E-04 -1.2127E-04 -1.0701E-04
