  6.0033E-08  3.0632E-06  6.0387E-05  3.1141E-04  6.6737E-09  1.1206E-06  5.9227E-05  7.2945E-04
  3.0618E-06  1.5627E-04  3.0773E-03  1.5867E-02  3.4040E-07  5.7134E-05  3.0193E-03  3.7151E-02
  6.0627E-06  3.0929E-04  6.0882E-03  3.1353E-02  6.7387E-07  1.1309E-04  5.9666E-03  7.3299E-02
  9.0623E-06  4.6202E-04  9.0807E-03  4.6683E-02  1.0073E-06  1.6900E-04  8.8926E-03  1.0889E-01
  1.2060E-05  6.1448E-04  1.2051E-02  6.1815E-02  1.3404E-06  2.2458E-04  1.1786E-02  1.4368E-01
  1.5061E-05  7.6636E-04  1.4991E-02  7.6650E-02  1.6730E-06  2.8001E-04  1.4637E-02  1.7734E-01
  1.8045E-05  9.1768E-04  1.7890E-02  9.1132E-02  2.0054E-06  3.3517E-04  1.7437E-02  2.0973E-01
  2.1029E-05  1.0682E-03  2.0747E-02  1.0520E-01  2.3363E-06  3.9004E-04  2.0167E-02  2.4056E-01
  2.4013E-05  1.2179E-03  2.3547E-02  1.1881E-01  2.6672E-06  4.4435E-04  2.2825E-02  2.6969E-01
  2.6997E-05  1.3666E-03  2.6276E-02  1.3188E-01  2.9981E-06  4.9837E-04  2.5399E-02  2.9684E-01
  2.9967E-05  1.5146E-03  2.8949E-02  1.4439E-01  3.3276E-06  5.5168E-04  2.7874E-02  3.2188E-01
  3.2937E-05  1.6603E-03  3.1551E-02  1.5613E-01  3.6557E-06  6.0458E-04  3.0264E-02  3.4464E-01
  3.5893E-05  1.8060E-03  3.4068E-02  1.6730E-01  3.9824E-06  6.5676E-04  3.2541E-02  3.6501E-01
  3.8848E-05  1.9488E-03  3.6501E-02  1.7777E-01  4.3091E-06  7.0838E-04  3.4691E-02  3.8283E-01
  4.1790E-05  2.0916E-03  3.8848E-02  1.8738E-01  4.6330E-06  7.5915E-04  3.6741E-02  3.9810E-01
  4.4732E-05  2.2316E-03  4.1083E-02  1.9629E-01  4.9568E-06  8.0921E-04  3.8650E-02  4.1069E-01
  4.7645E-05  2.3702E-03  4.3233E-02  2.0435E-01  5.2793E-06  8.5857E-04  4.0432E-02  4.2059E-01
  5.0558E-05  2.5074E-03  4.5269E-02  2.1157E-01  5.5989E-06  9.0694E-04  4.2073E-02  4.2794E-01
  5.3471E-05  2.6418E-03  4.7206E-02  2.1793E-01  5.9185E-06  9.5431E-04  4.3572E-02  4.3247E-01
  5.6356E-05  2.7747E-03  4.9031E-02  2.2345E-01  6.2353E-06  1.0008E-03  4.4930E-02  4.3459E-01
  5.9241E-05  2.9062E-03  5.0728E-02  2.2811E-01  6.5506E-06  1.0464E-03  4.6146E-02  4.3416E-01
  6.2112E-05  3.0335E-03  5.2312E-02  2.3193E-01  6.8646E-06  1.0908E-03  4.7221E-02  4.3119E-01
  6.4969E-05  3.1594E-03  5.3783E-02  2.3476E-01  7.1757E-06  1.1342E-03  4.8140E-02  4.2596E-01
  6.7797E-05  3.2838E-03  5.5126E-02  2.3688E-01  7.4854E-06  1.1763E-03  4.8918E-02  4.1861E-01
  7.0626E-05  3.4040E-03  5.6356E-02  2.3815E-01  7.7923E-06  1.2175E-03  4.9554E-02  4.0927E-01
  7.3440E-05  3.5228E-03  5.7445E-02  2.3858E-01  8.0978E-06  1.2574E-03  5.0035E-02  3.9796E-01
  7.6240E-05  3.6388E-03  5.8421E-02  2.3815E-01  8.3990E-06  1.2960E-03  5.0374E-02  3.8495E-01
  7.9012E-05  3.7505E-03  5.9284E-02  2.3702E-01  8.7002E-06  1.3333E-03  5.0572E-02  3.7038E-01
  8.1784E-05  3.8608E-03  6.0005E-02  2.3518E-01  8.9972E-06  1.3695E-03  5.0643E-02  3.5454E-01
  8.4528E-05  3.9683E-03  6.0613E-02  2.3264E-01  9.2928E-06  1.4043E-03  5.0572E-02  3.3757E-01
  8.7257E-05  4.0729E-03  6.1108E-02  2.2953E-01  9.5855E-06  1.4383E-03  5.0388E-02  3.1961E-01
  8.9972E-05  4.1733E-03  6.1476E-02  2.2571E-01  9.8740E-06  1.4694E-03  5.0063E-02  3.0094E-01
  9.2659E-05  4.2709E-03  6.1730E-02  2.2132E-01  1.0161E-05  1.5005E-03  4.9625E-02  2.8185E-01
  9.5332E-05  4.3671E-03  6.1872E-02  2.1637E-01  1.0445E-05  1.5302E-03  4.9087E-02  2.6220E-01
  9.7977E-05  4.4576E-03  6.1900E-02  2.1100E-01  1.0727E-05  1.5570E-03  4.8423E-02  2.4240E-01
  1.0061E-04  4.5467E-03  6.1815E-02  2.0520E-01  1.1004E-05  1.5839E-03  4.7673E-02  2.2260E-01
  1.0322E-04  4.6315E-03  6.1631E-02  1.9912E-01  1.1278E-05  1.6094E-03  4.6825E-02  2.0308E-01
  1.0581E-04  4.7136E-03  6.1349E-02  1.9262E-01  1.1550E-05  1.6320E-03  4.5891E-02  1.8371E-01
  1.0837E-04  4.7914E-03  6.0967E-02  1.8569E-01  1.1819E-05  1.6546E-03  4.4887E-02  1.6490E-01
  1.1092E-04  4.8663E-03  6.0486E-02  1.7876E-01  1.2083E-05  1.6744E-03  4.3798E-02  1.4665E-01
  1.1345E-04  4.9384E-03  5.9934E-02  1.7154E-01  1.2345E-05  1.6942E-03  4.2653E-02  1.2903E-01
  1.1594E-04  5.0063E-03  5.9284E-02  1.6405E-01  1.2602E-05  1.7112E-03  4.1436E-02  1.1226E-01
  1.1841E-04  5.0714E-03  5.8563E-02  1.5669E-01  1.2857E-05  1.7282E-03  4.0178E-02  9.6365E-02
  1.2086E-04  5.1322E-03  5.7756E-02  1.4906E-01  1.3108E-05  1.7423E-03  3.8877E-02  8.1416E-02
  1.2329E-04  5.1902E-03  5.6894E-02  1.4156E-01  1.3354E-05  1.7550E-03  3.7547E-02  6.7472E-02
  1.2568E-04  5.2439E-03  5.5960E-02  1.3401E-01  1.3599E-05  1.7664E-03  3.6176E-02  5.4589E-02
  1.2806E-04  5.2948E-03  5.4956E-02  1.2652E-01  1.3838E-05  1.7777E-03  3.4776E-02  4.2766E-02
  1.3040E-04  5.3415E-03  5.3910E-02  1.1913E-01  1.4074E-05  1.7862E-03  3.3375E-02  3.2046E-02
  1.3272E-04  5.3853E-03  5.2821E-02  1.1185E-01  1.4312E-05  1.7932E-03  3.1947E-02  2.2401E-02
  1.3501E-04  5.4249E-03  5.1675E-02  1.0474E-01  1.4538E-05  1.7989E-03  3.0533E-02  1.3848E-02
  1.3729E-04  5.4617E-03  5.0487E-02  9.7779E-02  1.4750E-05  1.8031E-03  2.9105E-02  6.3413E-03
  1.3953E-04  5.4956E-03  4.9271E-02  9.1033E-02  1.4977E-05  1.8060E-03  2.7676E-02 -1.4067E-04
  1.4170E-04  5.5253E-03  4.8027E-02  8.4499E-02  1.5189E-05  1.8074E-03  2.6276E-02 -5.6413E-03
  1.4397E-04  5.5508E-03  4.6754E-02  7.8206E-02  1.5401E-05  1.8074E-03  2.4876E-02 -1.0211E-02
  1.4609E-04  5.5734E-03  4.5453E-02  7.2167E-02  1.5613E-05  1.8060E-03  2.3504E-02 -1.3900E-02
  1.4821E-04  5.5932E-03  4.4152E-02  6.6397E-02  1.5811E-05  1.8031E-03  2.2161E-02 -1.6773E-02
  1.5033E-04  5.6088E-03  4.2822E-02  6.0896E-02  1.6009E-05  1.8003E-03  2.0831E-02 -1.8894E-02
  1.5231E-04  5.6215E-03  4.1493E-02  5.5678E-02  1.6207E-05  1.7946E-03  1.9544E-02 -2.0336E-02
  1.5443E-04  5.6314E-03  4.0164E-02  5.0742E-02  1.6391E-05  1.7876E-03  1.8286E-02 -2.1157E-02
  1.5641E-04  5.6371E-03  3.8820E-02  4.6103E-02  1.6589E-05  1.7805E-03  1.7055E-02 -2.1425E-02
  1.5839E-04  5.6399E-03  3.7491E-02  4.1748E-02  1.6758E-05  1.7720E-03  1.5867E-02 -2.1227E-02
  1.6023E-04  5.6399E-03  3.6176E-02  3.7689E-02  1.6942E-05  1.7621E-03  1.4722E-02 -2.0619E-02
  1.6221E-04  5.6356E-03  3.4860E-02  3.3913E-02  1.7112E-05  1.7508E-03  1.3619E-02 -1.9672E-02
  1.6405E-04  5.6300E-03  3.3545E-02  3.0420E-02  1.7282E-05  1.7381E-03  1.2555E-02 -1.8455E-02
  1.6589E-04  5.6201E-03  3.2258E-02  2.7195E-02  1.7437E-05  1.7239E-03  1.1536E-02 -1.7027E-02
  1.6773E-04  5.6074E-03  3.1000E-02  2.4254E-02  1.7607E-05  1.7098E-03  1.0560E-02 -1.5429E-02
  1.6956E-04  5.5918E-03  2.9741E-02  2.1567E-02  1.7748E-05  1.6942E-03  9.6294E-03 -1.3739E-02
  1.7126E-04  5.5734E-03  2.8511E-02  1.9120E-02  1.7904E-05  1.6773E-03  8.7413E-03 -1.1993E-02
  1.7296E-04  5.5522E-03  2.7308E-02  1.6914E-02  1.8045E-05  1.6603E-03  7.8998E-03 -1.0236E-02
  1.7466E-04  5.5282E-03  2.6135E-02  1.4934E-02  1.8187E-05  1.6419E-03  7.1008E-03 -8.5079E-03
  1.7635E-04  5.5013E-03  2.4989E-02  1.3171E-02  1.8314E-05  1.6221E-03  6.3456E-03 -6.8420E-03
  1.7791E-04  5.4730E-03  2.3872E-02  1.1608E-02  1.8455E-05  1.6023E-03  5.6328E-03 -5.2665E-03
  1.7946E-04  5.4405E-03  2.2769E-02  1.0235E-02  1.8569E-05  1.5811E-03  4.9625E-03 -3.8056E-03
  1.8102E-04  5.4065E-03  2.1722E-02  9.0354E-03  1.8696E-05  1.5599E-03  4.3332E-03 -2.4791E-03
  1.8257E-04  5.3698E-03  2.0690E-02  7.9988E-03  1.8809E-05  1.5373E-03  3.7434E-03 -1.3014E-03
  1.8399E-04  5.3316E-03  1.9686E-02  7.1121E-03  1.8922E-05  1.5132E-03  3.1933E-03 -2.8086E-04
  1.8540E-04  5.2906E-03  1.8724E-02  6.3611E-03  1.9021E-05  1.4906E-03  2.6799E-03  5.7615E-04
  1.8682E-04  5.2467E-03  1.7791E-02  5.7346E-03  1.9134E-05  1.4651E-03  2.2033E-03  1.2673E-03
  1.8823E-04  5.2015E-03  1.6900E-02  5.2184E-03  1.9219E-05  1.4411E-03  1.7607E-03  1.7946E-03
  1.8950E-04  5.1548E-03  1.6037E-02  4.8013E-03  1.9318E-05  1.4156E-03  1.3513E-03  2.1609E-03
  1.9092E-04  5.1053E-03  1.5203E-02  4.4717E-03  1.9403E-05  1.3890E-03  9.7397E-04  2.3745E-03
  1.9219E-04  5.0530E-03  1.4411E-02  4.2200E-03  1.9488E-05  1.3626E-03  6.2692E-04  2.4452E-03
  1.9332E-04  5.0007E-03  1.3639E-02  4.0348E-03  1.9559E-05  1.3356E-03  3.0872E-04  2.3829E-03
  1.9460E-04  4.9455E-03  1.2905E-02  3.9046E-03  1.9629E-05  1.3083E-03  1.7946E-05  2.2019E-03
  1.9573E-04  4.8889E-03  1.2200E-02  3.8226E-03  1.9700E-05  1.2806E-03 -2.4692E-04  1.9134E-03
  1.9686E-04  4.8310E-03  1.1527E-02  3.7788E-03  1.9771E-05  1.2526E-03 -4.8734E-04  1.5344E-03
  1.9799E-04  4.7716E-03  1.0884E-02  3.7661E-03  1.9827E-05  1.2243E-03 -7.0456E-04  1.0779E-03
  1.9898E-04  4.7107E-03  1.0270E-02  3.7774E-03  1.9870E-05  1.1957E-03 -9.0015E-04  5.6017E-04
  1.9997E-04  4.6485E-03  9.6845E-03  3.8056E-03  1.9926E-05  1.1670E-03 -1.0752E-03 -3.8792E-06
  2.0096E-04  4.5849E-03  9.1259E-03  3.8438E-03  1.9969E-05  1.1382E-03 -1.2312E-03 -6.0005E-04
  2.0195E-04  4.5198E-03  8.5942E-03  3.8891E-03  2.0011E-05  1.1090E-03 -1.3694E-03 -1.2141E-03
  2.0280E-04  4.4548E-03  8.0879E-03  3.9358E-03  2.0039E-05  1.0799E-03 -1.4906E-03 -1.8328E-03
  2.0365E-04  4.3883E-03  7.6071E-03  3.9782E-03  2.0068E-05  1.0506E-03 -1.5966E-03 -2.4438E-03
  2.0450E-04  4.3204E-03  7.1488E-03  4.0150E-03  2.0096E-05  1.0213E-03 -1.6872E-03 -3.0363E-03
  2.0534E-04  4.2511E-03  6.7147E-03  4.0432E-03  2.0110E-05  9.9207E-04 -1.7649E-03 -3.6006E-03
  2.0619E-04  4.1818E-03  6.3003E-03  4.0588E-03  2.0124E-05  9.6280E-04 -1.8300E-03 -4.1281E-03
  2.0690E-04  4.1125E-03  5.9086E-03  4.0616E-03  2.0138E-05  9.3366E-04 -1.8837E-03 -4.6089E-03
  2.0761E-04  4.0418E-03  5.5352E-03  4.0489E-03  2.0153E-05  9.0453E-04 -1.9262E-03 -5.0403E-03
  2.0817E-04  3.9697E-03  5.1817E-03  4.0192E-03  2.0153E-05  8.7554E-04 -1.9587E-03 -5.4150E-03
  2.0888E-04  3.8976E-03  4.8451E-03  3.9739E-03  2.0138E-05  8.4655E-04 -1.9827E-03 -5.7304E-03
