         0.0005  6.1600e-10   1.6730e-09   4.7750e-09   9.0200e-09   2.4070e-08   1.2710e-07   1.3190e-06   5.3010e-06   2.6620e-05   4.6810e-05   7.2640e-05   1.4470e-04   2.5100e-04   5.2770e-04   1.0420e-03   2.7940e-03   4.0400e-03   8.9170e-03   1.3730e-02   2.3980e-02   6.2340e-02   1.0570e-01   1.3690e-01   2.9880e-01   4.2880e-01   5.0710e-01   6.9810e-01   7.8230e-01   9.0930e-01   1.0940e+00 
         0.0512  6.1600e-10   1.6730e-09   4.7750e-09   9.0200e-09   2.4070e-08   1.2710e-07   1.3190e-06   5.3010e-06   2.6620e-05   4.6800e-05   7.2630e-05   1.4460e-04   2.5100e-04   5.2760e-04   1.0420e-03   2.7920e-03   4.0380e-03   8.9090e-03   1.3720e-02   2.3950e-02   6.2180e-02   1.0530e-01   1.3640e-01   2.9680e-01   4.2530e-01   5.0240e-01   6.9040e-01   7.7300e-01   8.9760e-01   1.0780e+00 
         0.1019  6.1600e-10   1.6730e-09   4.7750e-09   9.0200e-09   2.4070e-08   1.2710e-07   1.3190e-06   5.3000e-06   2.6620e-05   4.6790e-05   7.2610e-05   1.4460e-04   2.5080e-04   5.2730e-04   1.0410e-03   2.7880e-03   4.0310e-03   8.8870e-03   1.3670e-02   2.3850e-02   6.1730e-02   1.0420e-01   1.3480e-01   2.9110e-01   4.1500e-01   4.8900e-01   6.6810e-01   7.4640e-01   8.6390e-01   1.0330e+00 
         0.1525  6.1600e-10   1.6730e-09   4.7750e-09   9.0200e-09   2.4070e-08   1.2710e-07   1.3190e-06   5.2990e-06   2.6610e-05   4.6770e-05   7.2570e-05   1.4450e-04   2.5060e-04   5.2670e-04   1.0390e-03   2.7820e-03   4.0200e-03   8.8500e-03   1.3600e-02   2.3680e-02   6.0990e-02   1.0250e-01   1.3210e-01   2.8190e-01   3.9860e-01   4.6760e-01   6.3280e-01   7.0440e-01   8.1100e-01   9.6360e-01 
         0.2032  6.1600e-10   1.6730e-09   4.7750e-09   9.0200e-09   2.4060e-08   1.2710e-07   1.3190e-06   5.2970e-06   2.6590e-05   4.6740e-05   7.2520e-05   1.4440e-04   2.5040e-04   5.2590e-04   1.0370e-03   2.7730e-03   4.0050e-03   8.7990e-03   1.3500e-02   2.3450e-02   5.9970e-02   1.0020e-01   1.2860e-01   2.6960e-01   3.7690e-01   4.3940e-01   5.8700e-01   6.5010e-01   7.4310e-01   8.7450e-01 
         0.2539  6.1600e-10   1.6730e-09   4.7750e-09   9.0190e-09   2.4060e-08   1.2710e-07   1.3180e-06   5.2950e-06   2.6580e-05   4.6700e-05   7.2460e-05   1.4420e-04   2.5000e-04   5.2490e-04   1.0350e-03   2.7610e-03   3.9850e-03   8.7340e-03   1.3380e-02   2.3160e-02   5.8680e-02   9.7240e-02   1.2420e-01   2.5470e-01   3.5100e-01   4.0610e-01   5.3370e-01   5.8720e-01   6.6520e-01   7.7350e-01 
         0.3046  6.1600e-10   1.6730e-09   4.7740e-09   9.0190e-09   2.4060e-08   1.2700e-07   1.3180e-06   5.2930e-06   2.6550e-05   4.6660e-05   7.2380e-05   1.4400e-04   2.4950e-04   5.2360e-04   1.0310e-03   2.7470e-03   3.9600e-03   8.6550e-03   1.3230e-02   2.2800e-02   5.7160e-02   9.3790e-02   1.1900e-01   2.3780e-01   3.2210e-01   3.6940e-01   4.7600e-01   5.1970e-01   5.8240e-01   6.6770e-01 
         0.3552  6.1600e-10   1.6730e-09   4.7740e-09   9.0180e-09   2.4060e-08   1.2700e-07   1.3170e-06   5.2900e-06   2.6530e-05   4.6610e-05   7.2280e-05   1.4370e-04   2.4900e-04   5.2210e-04   1.0270e-03   2.7310e-03   3.9320e-03   8.5630e-03   1.3050e-02   2.2400e-02   5.5410e-02   8.9900e-02   1.1330e-01   2.1950e-01   2.9160e-01   3.3090e-01   4.1710e-01   4.5140e-01   4.9970e-01   5.6360e-01 
         0.4059  6.1600e-10   1.6730e-09   4.7740e-09   9.0170e-09   2.4060e-08   1.2700e-07   1.3170e-06   5.2860e-06   2.6500e-05   4.6550e-05   7.2170e-05   1.4350e-04   2.4840e-04   5.2040e-04   1.0230e-03   2.7120e-03   3.8990e-03   8.4580e-03   1.2850e-02   2.1930e-02   5.3470e-02   8.5640e-02   1.0700e-01   2.0040e-01   2.6060e-01   2.9240e-01   3.5960e-01   3.8540e-01   4.2100e-01   4.6650e-01 
         0.4566  6.1590e-10   1.6730e-09   4.7740e-09   9.0170e-09   2.4050e-08   1.2700e-07   1.3160e-06   5.2820e-06   2.6470e-05   4.6480e-05   7.2050e-05   1.4310e-04   2.4770e-04   5.1840e-04   1.0180e-03   2.6910e-03   3.8630e-03   8.3410e-03   1.2630e-02   2.1420e-02   5.1370e-02   8.1100e-02   1.0050e-01   1.8120e-01   2.3020e-01   2.5520e-01   3.0570e-01   3.2440e-01   3.4930e-01   3.8000e-01 
