                  14
     0.11749820E-005
     0.20922585E-005
     0.31651046E-005
     0.41865771E-005
     0.50137685E-005
     0.56101473E-005
     0.60079018E-005
     0.62603204E-005
     0.64156783E-005
     0.65095185E-005
     0.65655807E-005
     0.65988554E-005
     0.66185206E-005
     0.66301140E-005
     0.20922585E-005
     0.44356120E-005
     0.78983778E-005
     0.11948420E-004
     0.15804518E-004
     0.18927256E-004
     0.21178575E-004
     0.22680063E-004
     0.23633029E-004
     0.24219463E-004
     0.24573739E-004
     0.24785411E-004
     0.24910999E-004
     0.24985210E-004
     0.31651046E-005
     0.78983778E-005
     0.16744667E-004
     0.29816780E-004
     0.45105865E-004
     0.59663092E-004
     0.71451399E-004
     0.79949935E-004
     0.85618570E-004
     0.89215764E-004
     0.91429744E-004
     0.92767370E-004
     0.93566283E-004
     0.94040218E-004
     0.41865771E-005
     0.11948420E-004
     0.29816780E-004
     0.63211946E-004
     0.11255969E-003
     0.17027782E-003
     0.22523125E-003
     0.26973101E-003
     0.30181585E-003
     0.32321344E-003
     0.33679400E-003
     0.34515322E-003
     0.35020184E-003
     0.35321671E-003
     0.50137685E-005
     0.15804518E-004
     0.45105865E-004
     0.11255969E-003
     0.23862748E-003
     0.42492098E-003
     0.64280626E-003
     0.85024915E-003
     0.10182499E-002
     0.11393612E-002
     0.12201435E-002
     0.12714189E-002
     0.13029691E-002
     0.13220211E-002
     0.56101473E-005
     0.18927256E-004
     0.59663092E-004
     0.17027782E-003
     0.42492098E-003
     0.90085006E-003
     0.16041216E-002
     0.24266308E-002
     0.32098147E-002
     0.38439894E-002
     0.43012343E-002
     0.46062508E-002
     0.47997871E-002
     0.49188523E-002
     0.60079018E-005
     0.21178575E-004
     0.71451399E-004
     0.22523125E-003
     0.64280626E-003
     0.16041216E-002
     0.34007649E-002
     0.60555297E-002
     0.91607794E-002
     0.12117099E-001
     0.14511306E-001
     0.16237732E-001
     0.17388980E-001
     0.18119333E-001
     0.62603204E-005
     0.22680063E-004
     0.79949935E-004
     0.26973101E-003
     0.85024915E-003
     0.24266308E-002
     0.60555297E-002
     0.12837360E-001
     0.22859524E-001
     0.34580378E-001
     0.45740651E-001
     0.54779945E-001
     0.61295721E-001
     0.65639876E-001
     0.64156783E-005
     0.23633029E-004
     0.85618570E-004
     0.30181585E-003
     0.10182499E-002
     0.32098147E-002
     0.91607794E-002
     0.22859524E-001
     0.48463843E-001
     0.86296020E-001
     0.13054726     
     0.17268812     
     0.20680848     
     0.23139842     
     0.65095185E-005
     0.24219463E-004
     0.89215764E-004
     0.32321344E-003
     0.11393612E-002
     0.38439894E-002
     0.12117099E-001
     0.34580378E-001
     0.86296020E-001
     0.18294052     
     0.32575828     
     0.49283333     
     0.65188398     
     0.78063209     
     0.65655807E-005
     0.24573739E-004
     0.91429744E-004
     0.33679400E-003
     0.12201435E-002
     0.43012343E-002
     0.14511306E-001
     0.45740651E-001
     0.13054726     
     0.32575828     
     0.69061514     
      1.2298921     
      1.8605506     
      2.4607561     
     0.65988554E-005
     0.24785411E-004
     0.92767370E-004
     0.34515322E-003
     0.12714189E-002
     0.46062508E-002
     0.16237732E-001
     0.54779945E-001
     0.17268812     
     0.49283333     
      1.2298921     
      2.6078637     
      4.6440021     
      7.0245147     
     0.66185206E-005
     0.24910999E-004
     0.93566283E-004
     0.35020184E-003
     0.13029691E-002
     0.47997871E-002
     0.17388980E-001
     0.61295721E-001
     0.20680848     
     0.65188398     
      1.8605506     
      4.6440021     
      9.8462400     
      17.530517     
     0.66301140E-005
     0.24985210E-004
     0.94040218E-004
     0.35321671E-003
     0.13220211E-002
     0.49188523E-002
     0.18119333E-001
     0.65639876E-001
     0.23139842     
     0.78063209     
      2.4607561     
      7.0245147     
      17.530517     
      37.156192     
     0.10002211E-001
     0.13207734E-001
     0.13646385E-001
     0.11380944E-001
     0.78955611E-002
     0.45539077E-002
     0.19633349E-002
     0.17507117E-003
    -0.97990432E-003
    -0.16973041E-002
    -0.21329363E-002
    -0.23939747E-002
    -0.25491128E-002
    -0.26408737E-002
     0.13207734E-001
     0.23770843E-001
     0.33358708E-001
     0.37391549E-001
     0.35290285E-001
     0.29898447E-001
     0.24150266E-001
     0.19502296E-001
     0.16227259E-001
     0.14089372E-001
     0.12753254E-001
     0.11939071E-001
     0.11450412E-001
     0.11159711E-001
     0.13646385E-001
     0.33358708E-001
     0.63491763E-001
     0.94265085E-001
     0.11340766     
     0.11763191     
     0.11236648     
     0.10419922     
     0.96841761E-001
     0.91411487E-001
     0.87782540E-001
     0.85485704E-001
     0.84076738E-001
     0.83227841E-001
     0.11380944E-001
     0.37391549E-001
     0.94265085E-001
     0.18227087     
     0.27580893     
     0.34201315     
     0.37006120     
     0.37143607     
     0.36180083     
     0.35076289     
     0.34192549     
     0.33579734     
     0.33184616     
     0.32939771     
     0.78955611E-002
     0.35290285E-001
     0.11340766     
     0.27580893     
     0.51759631     
     0.76963062     
     0.94970668     
      1.0325769     
      1.0471380     
      1.0318876     
      1.0106443     
     0.99278631     
     0.98016019     
     0.97194232     
     0.45539077E-002
     0.29898447E-001
     0.11763191     
     0.34201315     
     0.76963062     
      1.3638602     
      1.9484890     
      2.3410642     
      2.5012422     
      2.5077079     
      2.4528934     
      2.3909609     
      2.3416931     
      2.3076610     
     0.19633349E-002
     0.24150266E-001
     0.11236648     
     0.37006120     
     0.94970668     
      1.9484890     
      3.2290250     
      4.3962249     
      5.0938503     
      5.2849020     
      5.1707099     
      4.9593794     
      4.7636200     
      4.6179138     
     0.17507117E-003
     0.19502296E-001
     0.10419922     
     0.37143607     
      1.0325769     
      2.3410642     
      4.3962249     
      6.8604363     
      8.9511436     
      10.010682     
      10.040334     
      9.5051207     
      8.8499195     
      8.2982104     
    -0.97990432E-003
     0.16227259E-001
     0.96841761E-001
     0.36180083     
      1.0471380     
      2.5012422     
      5.0938503     
      8.9511436     
      13.449093     
      17.091750     
      18.604967     
      18.053339     
      16.448885     
      14.729058     
    -0.16973041E-002
     0.14089372E-001
     0.91411487E-001
     0.35076289     
      1.0318876     
      2.5077079     
      5.2849020     
      10.010682     
      17.091750     
      25.484167     
      32.177055     
      34.474585     
      32.513182     
      28.472790     
    -0.21329363E-002
     0.12753254E-001
     0.87782540E-001
     0.34192549     
      1.0106443     
      2.4528934     
      5.1707099     
      10.040334     
      18.604967     
      32.177055     
      48.850251     
      62.140641     
      66.084895     
      60.937482     
    -0.23939747E-002
     0.11939071E-001
     0.85485704E-001
     0.33579734     
     0.99278631     
      2.3909609     
      4.9593794     
      9.5051207     
      18.053339     
      34.474585     
      62.140641     
      97.034382     
      124.78917     
      132.18891     
    -0.25491128E-002
     0.11450412E-001
     0.84076738E-001
     0.33184616     
     0.98016019     
      2.3416931     
      4.7636200     
      8.8499195     
      16.448885     
      32.513182     
      66.084895     
      124.78917     
      199.65044     
      258.87133     
    -0.26408737E-002
     0.11159711E-001
     0.83227841E-001
     0.32939771     
     0.97194232     
      2.3076610     
      4.6179138     
      8.2982104     
      14.729058     
      28.472790     
      60.937482     
      132.18891     
      258.87133     
      421.06901     
