           8
 0.16456E-01
 0.28710E-01
 0.35876E-01
 0.42778E-01
  0.0000    
  0.0000    
  0.0000    
  0.0000    
 0.28710E-01
 0.70241E-01
 0.10828    
 0.16062    
  0.0000    
  0.0000    
  0.0000    
  0.0000    
 0.35876E-01
 0.10828    
 0.19941    
 0.37820    
  0.0000    
  0.0000    
  0.0000    
  0.0000    
 0.42778E-01
 0.16062    
 0.37820    
  1.1821    
  0.0000    
  0.0000    
  0.0000    
  0.0000    
  0.0000    
  0.0000    
  0.0000    
  0.0000    
 0.10206E-05
 0.70601E-05
 0.10058E-04
 0.10886E-04
  0.0000    
  0.0000    
  0.0000    
  0.0000    
 0.70601E-05
 0.76461E-03
 0.37838E-02
 0.59575E-02
  0.0000    
  0.0000    
  0.0000    
  0.0000    
 0.10058E-04
 0.37838E-02
 0.78253E-01
 0.25823    
  0.0000    
  0.0000    
  0.0000    
  0.0000    
 0.10886E-04
 0.59575E-02
 0.25823    
  1.6036    
  14.403    
  15.902    
  15.208    
  13.667    
-0.30187E-01
-0.59224    
 -1.4941    
 -1.9185    
  15.902    
  20.421    
  20.672    
  17.218    
-0.36824E-01
 -1.2620    
 -5.0677    
 -7.8546    
  15.208    
  20.672    
  22.972    
  20.451    
-0.39269E-01
 -1.6873    
 -8.8364    
 -15.920    
  13.667    
  17.218    
  20.451    
  26.850    
-0.41092E-01
 -2.1102    
 -14.447    
 -32.365    
-0.30187E-01
-0.36824E-01
-0.39269E-01
-0.41092E-01
 0.53099E-02
 0.11663E-01
 0.79442E-02
 0.63812E-02
-0.59224    
 -1.2620    
 -1.6873    
 -2.1102    
 0.11663E-01
 0.52274    
  1.1084    
 0.89760    
 -1.4941    
 -5.0677    
 -8.8364    
 -14.447    
 0.79442E-02
  1.1084    
  15.026    
  30.315    
 -1.9185    
 -7.8546    
 -15.920    
 -32.365    
 0.63812E-02
 0.89760    
  30.315    
  130.33    
