          40
 0.33592E-02
 0.57585E-02
 0.69865E-02
 0.81952E-02
 0.86643E-02
 0.90321E-02
 0.69919E-02
 0.79050E-02
 0.83321E-02
 0.86440E-02
 0.89764E-02
 0.92249E-02
 0.93508E-02
 0.94231E-02
 0.94589E-02
 0.94808E-02
 0.94905E-02
 0.94950E-02
 0.94981E-02
 0.95000E-02
  0.0000    
  0.0000    
  0.0000    
  0.0000    
  0.0000    
  0.0000    
  0.0000    
  0.0000    
  0.0000    
  0.0000    
  0.0000    
  0.0000    
  0.0000    
  0.0000    
  0.0000    
  0.0000    
  0.0000    
  0.0000    
  0.0000    
  0.0000    
 0.57585E-02
 0.13465E-01
 0.19286E-01
 0.26881E-01
 0.30484E-01
 0.33623E-01
 0.19316E-01
 0.24853E-01
 0.27890E-01
 0.30319E-01
 0.33128E-01
 0.35390E-01
 0.36594E-01
 0.37303E-01
 0.37660E-01
 0.37879E-01
 0.37976E-01
 0.38022E-01
 0.38054E-01
 0.38073E-01
  0.0000    
  0.0000    
  0.0000    
  0.0000    
  0.0000    
  0.0000    
  0.0000    
  0.0000    
  0.0000    
  0.0000    
  0.0000    
  0.0000    
  0.0000    
  0.0000    
  0.0000    
  0.0000    
  0.0000    
  0.0000    
  0.0000    
  0.0000    
 0.69865E-02
 0.19286E-01
 0.30963E-01
 0.49875E-01
 0.60565E-01
 0.70929E-01
 0.31028E-01
 0.44371E-01
 0.52746E-01
 0.60049E-01
 0.69227E-01
 0.77240E-01
 0.81745E-01
 0.84485E-01
 0.85886E-01
 0.86754E-01
 0.87144E-01
 0.87325E-01
 0.87452E-01
 0.87530E-01
  0.0000    
  0.0000    
  0.0000    
  0.0000    
  0.0000    
  0.0000    
  0.0000    
  0.0000    
  0.0000    
  0.0000    
  0.0000    
  0.0000    
  0.0000    
  0.0000    
  0.0000    
  0.0000    
  0.0000    
  0.0000    
  0.0000    
  0.0000    
 0.81952E-02
 0.26881E-01
 0.49875E-01
 0.10073    
 0.13922    
 0.18548    
 0.50020E-01
 0.83909E-01
 0.11027    
 0.13716    
 0.17718    
 0.21900    
 0.24589    
 0.26360    
 0.27308    
 0.27911    
 0.28185    
 0.28314    
 0.28404    
 0.28460    
  0.0000    
  0.0000    
  0.0000    
  0.0000    
  0.0000    
  0.0000    
  0.0000    
  0.0000    
  0.0000    
  0.0000    
  0.0000    
  0.0000    
  0.0000    
  0.0000    
  0.0000    
  0.0000    
  0.0000    
  0.0000    
  0.0000    
  0.0000    
 0.86643E-02
 0.30484E-01
 0.60565E-01
 0.13922    
 0.21043    
 0.31101    
 0.60765E-01
 0.11132    
 0.15588    
 0.20635    
 0.29167    
 0.39545    
 0.47112    
 0.52521    
 0.55564    
 0.57555    
 0.58476    
 0.58912    
 0.59218    
 0.59408    
  0.0000    
  0.0000    
  0.0000    
  0.0000    
  0.0000    
  0.0000    
  0.0000    
  0.0000    
  0.0000    
  0.0000    
  0.0000    
  0.0000    
  0.0000    
  0.0000    
  0.0000    
  0.0000    
  0.0000    
  0.0000    
  0.0000    
  0.0000    
 0.90321E-02
 0.33623E-01
 0.70929E-01
 0.18548    
 0.31101    
 0.52821    
 0.71190E-01
 0.14205    
 0.21293    
 0.30323    
 0.48247    
 0.75319    
 0.99477    
  1.1949    
  1.3190    
  1.4051    
  1.4463    
  1.4661    
  1.4802    
  1.4889    
  0.0000    
  0.0000    
  0.0000    
  0.0000    
  0.0000    
  0.0000    
  0.0000    
  0.0000    
  0.0000    
  0.0000    
  0.0000    
  0.0000    
  0.0000    
  0.0000    
  0.0000    
  0.0000    
  0.0000    
  0.0000    
  0.0000    
  0.0000    
 0.69919E-02
 0.19316E-01
 0.31028E-01
 0.50020E-01
 0.60765E-01
 0.71190E-01
 0.31094E-01
 0.44490E-01
 0.52905E-01
 0.60247E-01
 0.69478E-01
 0.77541E-01
 0.82076E-01
 0.84834E-01
 0.86245E-01
 0.87119E-01
 0.87511E-01
 0.87694E-01
 0.87822E-01
 0.87901E-01
  0.0000    
  0.0000    
  0.0000    
  0.0000    
  0.0000    
  0.0000    
  0.0000    
  0.0000    
  0.0000    
  0.0000    
  0.0000    
  0.0000    
  0.0000    
  0.0000    
  0.0000    
  0.0000    
  0.0000    
  0.0000    
  0.0000    
  0.0000    
 0.79050E-02
 0.24853E-01
 0.44371E-01
 0.83909E-01
 0.11132    
 0.14205    
 0.44490E-01
 0.71297E-01
 0.90879E-01
 0.10990    
 0.13670    
 0.16304    
 0.17919    
 0.18952    
 0.19496    
 0.19838    
 0.19993    
 0.20066    
 0.20117    
 0.20148    
  0.0000    
  0.0000    
  0.0000    
  0.0000    
  0.0000    
  0.0000    
  0.0000    
  0.0000    
  0.0000    
  0.0000    
  0.0000    
  0.0000    
  0.0000    
  0.0000    
  0.0000    
  0.0000    
  0.0000    
  0.0000    
  0.0000    
  0.0000    
 0.83321E-02
 0.27890E-01
 0.52746E-01
 0.11027    
 0.15588    
 0.21293    
 0.52905E-01
 0.90879E-01
 0.12141    
 0.15340    
 0.20253    
 0.25574    
 0.29094    
 0.31455    
 0.32732    
 0.33549    
 0.33922    
 0.34098    
 0.34221    
 0.34297    
  0.0000    
  0.0000    
  0.0000    
  0.0000    
  0.0000    
  0.0000    
  0.0000    
  0.0000    
  0.0000    
  0.0000    
  0.0000    
  0.0000    
  0.0000    
  0.0000    
  0.0000    
  0.0000    
  0.0000    
  0.0000    
  0.0000    
  0.0000    
 0.86440E-02
 0.30319E-01
 0.60049E-01
 0.13716    
 0.20635    
 0.30323    
 0.60247E-01
 0.10990    
 0.15340    
 0.20241    
 0.28467    
 0.38389    
 0.45569    
 0.50675    
 0.53539    
 0.55409    
 0.56273    
 0.56682    
 0.56969    
 0.57147    
  0.0000    
  0.0000    
  0.0000    
  0.0000    
  0.0000    
  0.0000    
  0.0000    
  0.0000    
  0.0000    
  0.0000    
  0.0000    
  0.0000    
  0.0000    
  0.0000    
  0.0000    
  0.0000    
  0.0000    
  0.0000    
  0.0000    
  0.0000    
 0.89764E-02
 0.33128E-01
 0.69227E-01
 0.17718    
 0.29167    
 0.48247    
 0.69478E-01
 0.13670    
 0.20253    
 0.28467    
 0.44297    
 0.67214    
 0.86824    
  1.0255    
  1.1209    
  1.1862    
  1.2172    
  1.2321    
  1.2426    
  1.2491    
  0.0000    
  0.0000    
  0.0000    
  0.0000    
  0.0000    
  0.0000    
  0.0000    
  0.0000    
  0.0000    
  0.0000    
  0.0000    
  0.0000    
  0.0000    
  0.0000    
  0.0000    
  0.0000    
  0.0000    
  0.0000    
  0.0000    
  0.0000    
 0.92249E-02
 0.35390E-01
 0.77240E-01
 0.21900    
 0.39545    
 0.75319    
 0.77541E-01
 0.16304    
 0.25574    
 0.38389    
 0.67214    
  1.1999    
  1.7789    
  2.3503    
  2.7531    
  3.0569    
  3.2101    
  3.2856    
  3.3398    
  3.3739    
  0.0000    
  0.0000    
  0.0000    
  0.0000    
  0.0000    
  0.0000    
  0.0000    
  0.0000    
  0.0000    
  0.0000    
  0.0000    
  0.0000    
  0.0000    
  0.0000    
  0.0000    
  0.0000    
  0.0000    
  0.0000    
  0.0000    
  0.0000    
 0.93508E-02
 0.36594E-01
 0.81745E-01
 0.24589    
 0.47112    
 0.99477    
 0.82076E-01
 0.17919    
 0.29094    
 0.45569    
 0.86824    
  1.7789    
  3.0388    
  4.6062    
  5.9486    
  7.1167    
  7.7632    
  8.0973    
  8.3439    
  8.5019    
  0.0000    
  0.0000    
  0.0000    
  0.0000    
  0.0000    
  0.0000    
  0.0000    
  0.0000    
  0.0000    
  0.0000    
  0.0000    
  0.0000    
  0.0000    
  0.0000    
  0.0000    
  0.0000    
  0.0000    
  0.0000    
  0.0000    
  0.0000    
 0.94231E-02
 0.37303E-01
 0.84485E-01
 0.26360    
 0.52521    
  1.1949    
 0.84834E-01
 0.18952    
 0.31455    
 0.50675    
  1.0255    
  2.3503    
  4.6062    
  8.2065    
  12.154    
  16.411    
  19.166    
  20.719    
  21.926    
  22.728    
  0.0000    
  0.0000    
  0.0000    
  0.0000    
  0.0000    
  0.0000    
  0.0000    
  0.0000    
  0.0000    
  0.0000    
  0.0000    
  0.0000    
  0.0000    
  0.0000    
  0.0000    
  0.0000    
  0.0000    
  0.0000    
  0.0000    
  0.0000    
 0.94589E-02
 0.37660E-01
 0.85886E-01
 0.27308    
 0.55564    
  1.3190    
 0.86245E-01
 0.19496    
 0.32732    
 0.53539    
  1.1209    
  2.7531    
  5.9486    
  12.154    
  20.723    
  32.483    
  41.815    
  47.785    
  52.825    
  56.382    
  0.0000    
  0.0000    
  0.0000    
  0.0000    
  0.0000    
  0.0000    
  0.0000    
  0.0000    
  0.0000    
  0.0000    
  0.0000    
  0.0000    
  0.0000    
  0.0000    
  0.0000    
  0.0000    
  0.0000    
  0.0000    
  0.0000    
  0.0000    
 0.94808E-02
 0.37879E-01
 0.86754E-01
 0.27911    
 0.57555    
  1.4051    
 0.87119E-01
 0.19838    
 0.33549    
 0.55409    
  1.1862    
  3.0569    
  7.1167    
  16.411    
  32.483    
  61.894    
  93.080    
  117.76    
  142.16    
  161.69    
  0.0000    
  0.0000    
  0.0000    
  0.0000    
  0.0000    
  0.0000    
  0.0000    
  0.0000    
  0.0000    
  0.0000    
  0.0000    
  0.0000    
  0.0000    
  0.0000    
  0.0000    
  0.0000    
  0.0000    
  0.0000    
  0.0000    
  0.0000    
 0.94905E-02
 0.37976E-01
 0.87144E-01
 0.28185    
 0.58476    
  1.4463    
 0.87511E-01
 0.19993    
 0.33922    
 0.56273    
  1.2172    
  3.2101    
  7.7632    
  19.166    
  41.815    
  93.080    
  163.33    
  233.11    
  317.41    
  398.34    
  0.0000    
  0.0000    
  0.0000    
  0.0000    
  0.0000    
  0.0000    
  0.0000    
  0.0000    
  0.0000    
  0.0000    
  0.0000    
  0.0000    
  0.0000    
  0.0000    
  0.0000    
  0.0000    
  0.0000    
  0.0000    
  0.0000    
  0.0000    
 0.94950E-02
 0.38022E-01
 0.87325E-01
 0.28314    
 0.58912    
  1.4661    
 0.87694E-01
 0.20066    
 0.34098    
 0.56682    
  1.2321    
  3.2856    
  8.0973    
  20.719    
  47.785    
  117.76    
  233.11    
  371.95    
  577.22    
  821.00    
  0.0000    
  0.0000    
  0.0000    
  0.0000    
  0.0000    
  0.0000    
  0.0000    
  0.0000    
  0.0000    
  0.0000    
  0.0000    
  0.0000    
  0.0000    
  0.0000    
  0.0000    
  0.0000    
  0.0000    
  0.0000    
  0.0000    
  0.0000    
 0.94981E-02
 0.38054E-01
 0.87452E-01
 0.28404    
 0.59218    
  1.4802    
 0.87822E-01
 0.20117    
 0.34221    
 0.56969    
  1.2426    
  3.3398    
  8.3439    
  21.926    
  52.825    
  142.16    
  317.41    
  577.22    
  1077.5    
  1910.5    
  0.0000    
  0.0000    
  0.0000    
  0.0000    
  0.0000    
  0.0000    
  0.0000    
  0.0000    
  0.0000    
  0.0000    
  0.0000    
  0.0000    
  0.0000    
  0.0000    
  0.0000    
  0.0000    
  0.0000    
  0.0000    
  0.0000    
  0.0000    
 0.95000E-02
 0.38073E-01
 0.87530E-01
 0.28460    
 0.59408    
  1.4889    
 0.87901E-01
 0.20148    
 0.34297    
 0.57147    
  1.2491    
  3.3739    
  8.5019    
  22.728    
  56.382    
  161.69    
  398.34    
  821.00    
  1910.5    
  4880.8    
  0.0000    
  0.0000    
  0.0000    
  0.0000    
  0.0000    
  0.0000    
  0.0000    
  0.0000    
  0.0000    
  0.0000    
  0.0000    
  0.0000    
  0.0000    
  0.0000    
  0.0000    
  0.0000    
  0.0000    
  0.0000    
  0.0000    
  0.0000    
  0.0000    
  0.0000    
  0.0000    
  0.0000    
  0.0000    
  0.0000    
  0.0000    
  0.0000    
  0.0000    
  0.0000    
  0.0000    
  0.0000    
  0.0000    
  0.0000    
  0.0000    
  0.0000    
  0.0000    
  0.0000    
  0.0000    
  0.0000    
 0.19445E-03
 0.47745E-03
 0.65894E-03
 0.85969E-03
 0.94326E-03
 0.10110E-02
 0.65980E-03
 0.80956E-03
 0.88377E-03
 0.93958E-03
 0.10006E-02
 0.10472E-02
 0.10711E-02
 0.10849E-02
 0.10918E-02
 0.10960E-02
 0.10979E-02
 0.10988E-02
 0.10994E-02
 0.10997E-02
  0.0000    
  0.0000    
  0.0000    
  0.0000    
  0.0000    
  0.0000    
  0.0000    
  0.0000    
  0.0000    
  0.0000    
  0.0000    
  0.0000    
  0.0000    
  0.0000    
  0.0000    
  0.0000    
  0.0000    
  0.0000    
  0.0000    
  0.0000    
 0.47745E-03
 0.19668E-02
 0.35794E-02
 0.62254E-02
 0.76771E-02
 0.90393E-02
 0.35886E-02
 0.54623E-02
 0.66196E-02
 0.76081E-02
 0.88189E-02
 0.98452E-02
 0.10409E-01
 0.10748E-01
 0.10920E-01
 0.11026E-01
 0.11073E-01
 0.11095E-01
 0.11111E-01
 0.11120E-01
  0.0000    
  0.0000    
  0.0000    
  0.0000    
  0.0000    
  0.0000    
  0.0000    
  0.0000    
  0.0000    
  0.0000    
  0.0000    
  0.0000    
  0.0000    
  0.0000    
  0.0000    
  0.0000    
  0.0000    
  0.0000    
  0.0000    
  0.0000    
 0.65894E-03
 0.35794E-02
 0.78791E-02
 0.17440E-01
 0.24106E-01
 0.31366E-01
 0.79068E-02
 0.14352E-01
 0.19146E-01
 0.23764E-01
 0.30122E-01
 0.36154E-01
 0.39736E-01
 0.41981E-01
 0.43147E-01
 0.43876E-01
 0.44205E-01
 0.44359E-01
 0.44466E-01
 0.44533E-01
  0.0000    
  0.0000    
  0.0000    
  0.0000    
  0.0000    
  0.0000    
  0.0000    
  0.0000    
  0.0000    
  0.0000    
  0.0000    
  0.0000    
  0.0000    
  0.0000    
  0.0000    
  0.0000    
  0.0000    
  0.0000    
  0.0000    
  0.0000    
 0.85969E-03
 0.62254E-02
 0.17440E-01
 0.56283E-01
 0.96510E-01
 0.15568    
 0.17525E-01
 0.41505E-01
 0.65440E-01
 0.94148E-01
 0.14425    
 0.20535    
 0.24907    
 0.27968    
 0.29664    
 0.30763    
 0.31269    
 0.31508    
 0.31675    
 0.31779    
  0.0000    
  0.0000    
  0.0000    
  0.0000    
  0.0000    
  0.0000    
  0.0000    
  0.0000    
  0.0000    
  0.0000    
  0.0000    
  0.0000    
  0.0000    
  0.0000    
  0.0000    
  0.0000    
  0.0000    
  0.0000    
  0.0000    
  0.0000    
 0.94326E-03
 0.76771E-02
 0.24106E-01
 0.96510E-01
 0.19212    
 0.36844    
 0.24239E-01
 0.66485E-01
 0.11652    
 0.18597    
 0.33105    
 0.54984    
 0.73615    
 0.88233    
 0.96918    
  1.0277    
  1.0553    
  1.0685    
  1.0777    
  1.0835    
  0.0000    
  0.0000    
  0.0000    
  0.0000    
  0.0000    
  0.0000    
  0.0000    
  0.0000    
  0.0000    
  0.0000    
  0.0000    
  0.0000    
  0.0000    
  0.0000    
  0.0000    
  0.0000    
  0.0000    
  0.0000    
  0.0000    
  0.0000    
 0.10110E-02
 0.90393E-02
 0.31366E-01
 0.15568    
 0.36844    
 0.89077    
 0.31558E-01
 0.99806E-01
 0.19595    
 0.35321    
 0.76595    
  1.6091    
  2.5583    
  3.4724    
  4.0941    
  4.5490    
  4.7736    
  4.8832    
  4.9615    
  5.0104    
  0.0000    
  0.0000    
  0.0000    
  0.0000    
  0.0000    
  0.0000    
  0.0000    
  0.0000    
  0.0000    
  0.0000    
  0.0000    
  0.0000    
  0.0000    
  0.0000    
  0.0000    
  0.0000    
  0.0000    
  0.0000    
  0.0000    
  0.0000    
 0.65980E-03
 0.35886E-02
 0.79068E-02
 0.17525E-01
 0.24239E-01
 0.31558E-01
 0.79347E-02
 0.14416E-01
 0.19242E-01
 0.23895E-01
 0.30303E-01
 0.36388E-01
 0.40004E-01
 0.42270E-01
 0.43448E-01
 0.44184E-01
 0.44516E-01
 0.44672E-01
 0.44780E-01
 0.44847E-01
  0.0000    
  0.0000    
  0.0000    
  0.0000    
  0.0000    
  0.0000    
  0.0000    
  0.0000    
  0.0000    
  0.0000    
  0.0000    
  0.0000    
  0.0000    
  0.0000    
  0.0000    
  0.0000    
  0.0000    
  0.0000    
  0.0000    
  0.0000    
 0.80956E-03
 0.54623E-02
 0.14352E-01
 0.41505E-01
 0.66485E-01
 0.99806E-01
 0.14416E-01
 0.31638E-01
 0.47409E-01
 0.65079E-01
 0.93617E-01
 0.12557    
 0.14698    
 0.16137    
 0.16917    
 0.17415    
 0.17642    
 0.17749    
 0.17824    
 0.17870    
  0.0000    
  0.0000    
  0.0000    
  0.0000    
  0.0000    
  0.0000    
  0.0000    
  0.0000    
  0.0000    
  0.0000    
  0.0000    
  0.0000    
  0.0000    
  0.0000    
  0.0000    
  0.0000    
  0.0000    
  0.0000    
  0.0000    
  0.0000    
 0.88377E-03
 0.66196E-02
 0.19146E-01
 0.65440E-01
 0.11652    
 0.19595    
 0.19242E-01
 0.47409E-01
 0.76828E-01
 0.11345    
 0.18025    
 0.26591    
 0.32968    
 0.37545    
 0.40121    
 0.41803    
 0.42581    
 0.42950    
 0.43208    
 0.43368    
  0.0000    
  0.0000    
  0.0000    
  0.0000    
  0.0000    
  0.0000    
  0.0000    
  0.0000    
  0.0000    
  0.0000    
  0.0000    
  0.0000    
  0.0000    
  0.0000    
  0.0000    
  0.0000    
  0.0000    
  0.0000    
  0.0000    
  0.0000    
 0.93958E-03
 0.76081E-02
 0.23764E-01
 0.94148E-01
 0.18597    
 0.35321    
 0.23895E-01
 0.65079E-01
 0.11345    
 0.18008    
 0.31793    
 0.52331    
 0.69640    
 0.83125    
 0.91102    
 0.96466    
 0.98988    
  1.0019    
  1.0104    
  1.0156    
  0.0000    
  0.0000    
  0.0000    
  0.0000    
  0.0000    
  0.0000    
  0.0000    
  0.0000    
  0.0000    
  0.0000    
  0.0000    
  0.0000    
  0.0000    
  0.0000    
  0.0000    
  0.0000    
  0.0000    
  0.0000    
  0.0000    
  0.0000    
 0.10006E-02
 0.88189E-02
 0.30122E-01
 0.14425    
 0.33105    
 0.76595    
 0.30303E-01
 0.93617E-01
 0.18025    
 0.31793    
 0.66430    
  1.3310    
  2.0393    
  2.6915    
  3.1216    
  3.4305    
  3.5812    
  3.6544    
  3.7064    
  3.7390    
  0.0000    
  0.0000    
  0.0000    
  0.0000    
  0.0000    
  0.0000    
  0.0000    
  0.0000    
  0.0000    
  0.0000    
  0.0000    
  0.0000    
  0.0000    
  0.0000    
  0.0000    
  0.0000    
  0.0000    
  0.0000    
  0.0000    
  0.0000    
 0.10472E-02
 0.98452E-02
 0.36154E-01
 0.20535    
 0.54984    
  1.6091    
 0.36388E-01
 0.12557    
 0.26591    
 0.52331    
  1.3310    
  3.4966    
  6.7402    
  10.722    
  13.957    
  16.617    
  18.028    
  18.740    
  19.258    
  19.587    
  0.0000    
  0.0000    
  0.0000    
  0.0000    
  0.0000    
  0.0000    
  0.0000    
  0.0000    
  0.0000    
  0.0000    
  0.0000    
  0.0000    
  0.0000    
  0.0000    
  0.0000    
  0.0000    
  0.0000    
  0.0000    
  0.0000    
  0.0000    
 0.10711E-02
 0.10409E-01
 0.39736E-01
 0.24907    
 0.73615    
  2.5583    
 0.40004E-01
 0.14698    
 0.32968    
 0.69640    
  2.0393    
  6.7402    
  16.453    
  32.910    
  50.400    
  67.954    
  78.550    
  84.266    
  88.586    
  91.398    
  0.0000    
  0.0000    
  0.0000    
  0.0000    
  0.0000    
  0.0000    
  0.0000    
  0.0000    
  0.0000    
  0.0000    
  0.0000    
  0.0000    
  0.0000    
  0.0000    
  0.0000    
  0.0000    
  0.0000    
  0.0000    
  0.0000    
  0.0000    
 0.10849E-02
 0.10748E-01
 0.41981E-01
 0.27968    
 0.88233    
  3.4724    
 0.42270E-01
 0.16137    
 0.37545    
 0.83125    
  2.6915    
  10.722    
  32.910    
  86.168    
  165.82    
  273.51    
  354.26    
  403.37    
  443.29    
  470.63    
  0.0000    
  0.0000    
  0.0000    
  0.0000    
  0.0000    
  0.0000    
  0.0000    
  0.0000    
  0.0000    
  0.0000    
  0.0000    
  0.0000    
  0.0000    
  0.0000    
  0.0000    
  0.0000    
  0.0000    
  0.0000    
  0.0000    
  0.0000    
 0.10918E-02
 0.10920E-01
 0.43147E-01
 0.29664    
 0.96918    
  4.0941    
 0.43448E-01
 0.16917    
 0.40121    
 0.91102    
  3.1216    
  13.957    
  50.400    
  165.82    
  403.50    
  853.43    
  1300.1    
  1624.0    
  1919.3    
  2139.5    
  0.0000    
  0.0000    
  0.0000    
  0.0000    
  0.0000    
  0.0000    
  0.0000    
  0.0000    
  0.0000    
  0.0000    
  0.0000    
  0.0000    
  0.0000    
  0.0000    
  0.0000    
  0.0000    
  0.0000    
  0.0000    
  0.0000    
  0.0000    
 0.10960E-02
 0.11026E-01
 0.43876E-01
 0.30763    
  1.0277    
  4.5490    
 0.44184E-01
 0.17415    
 0.41803    
 0.96466    
  3.4305    
  16.617    
  67.954    
  273.51    
  853.43    
  2499.3    
  4933.8    
  7301.7    
  9993.6    
  12385.    
  0.0000    
  0.0000    
  0.0000    
  0.0000    
  0.0000    
  0.0000    
  0.0000    
  0.0000    
  0.0000    
  0.0000    
  0.0000    
  0.0000    
  0.0000    
  0.0000    
  0.0000    
  0.0000    
  0.0000    
  0.0000    
  0.0000    
  0.0000    
 0.10979E-02
 0.11073E-01
 0.44205E-01
 0.31269    
  1.0553    
  4.7736    
 0.44516E-01
 0.17642    
 0.42581    
 0.98988    
  3.5812    
  18.028    
  78.550    
  354.26    
  1300.1    
  4933.8    
  12595.    
  22787.    
  38117.    
  55654.    
  0.0000    
  0.0000    
  0.0000    
  0.0000    
  0.0000    
  0.0000    
  0.0000    
  0.0000    
  0.0000    
  0.0000    
  0.0000    
  0.0000    
  0.0000    
  0.0000    
  0.0000    
  0.0000    
  0.0000    
  0.0000    
  0.0000    
  0.0000    
 0.10988E-02
 0.11095E-01
 0.44359E-01
 0.31508    
  1.0685    
  4.8832    
 0.44672E-01
 0.17749    
 0.42950    
  1.0019    
  3.6544    
  18.740    
  84.266    
  403.37    
  1624.0    
  7301.7    
  22787.    
  49646.    
 0.10327E+06
 0.18577E+06
  0.0000    
  0.0000    
  0.0000    
  0.0000    
  0.0000    
  0.0000    
  0.0000    
  0.0000    
  0.0000    
  0.0000    
  0.0000    
  0.0000    
  0.0000    
  0.0000    
  0.0000    
  0.0000    
  0.0000    
  0.0000    
  0.0000    
  0.0000    
 0.10994E-02
 0.11111E-01
 0.44466E-01
 0.31675    
  1.0777    
  4.9615    
 0.44780E-01
 0.17824    
 0.43208    
  1.0104    
  3.7064    
  19.258    
  88.586    
  443.29    
  1919.3    
  9993.6    
  38117.    
 0.10327E+06
 0.29228E+06
 0.75913E+06
  0.0000    
  0.0000    
  0.0000    
  0.0000    
  0.0000    
  0.0000    
  0.0000    
  0.0000    
  0.0000    
  0.0000    
  0.0000    
  0.0000    
  0.0000    
  0.0000    
  0.0000    
  0.0000    
  0.0000    
  0.0000    
  0.0000    
  0.0000    
 0.10997E-02
 0.11120E-01
 0.44533E-01
 0.31779    
  1.0835    
  5.0104    
 0.44847E-01
 0.17870    
 0.43368    
  1.0156    
  3.7390    
  19.587    
  91.398    
  470.63    
  2139.5    
  12385.    
  55654.    
 0.18577E+06
 0.75913E+06
 0.36243E+07
  7.1006    
  8.7302    
  8.8530    
  8.5738    
  8.3663    
  8.1665    
  8.8526    
  8.6750    
  8.5187    
  8.3763    
  8.1988    
  8.0491    
  7.9678    
  7.9194    
  7.8950    
  7.8800    
  7.8733    
  7.8702    
  7.8680    
  7.8667    
  0.0000    
  0.0000    
  0.0000    
  0.0000    
  0.0000    
  0.0000    
  0.0000    
  0.0000    
  0.0000    
  0.0000    
  0.0000    
  0.0000    
  0.0000    
  0.0000    
  0.0000    
  0.0000    
  0.0000    
  0.0000    
  0.0000    
  0.0000    
  8.7302    
  13.414    
  14.818    
  14.868    
  14.321    
  13.581    
  14.822    
  15.024    
  14.749    
  14.353    
  13.713    
  13.062    
  12.669    
  12.422    
  12.294    
  12.214    
  12.178    
  12.161    
  12.150    
  12.142    
  0.0000    
  0.0000    
  0.0000    
  0.0000    
  0.0000    
  0.0000    
  0.0000    
  0.0000    
  0.0000    
  0.0000    
  0.0000    
  0.0000    
  0.0000    
  0.0000    
  0.0000    
  0.0000    
  0.0000    
  0.0000    
  0.0000    
  0.0000    
  8.8530    
  14.818    
  17.350    
  18.329    
  17.682    
  16.378    
  17.359    
  18.353    
  18.230    
  17.730    
  16.635    
  15.286    
  14.377    
  13.772    
  13.449    
  13.243    
  13.150    
  13.106    
  13.075    
  13.056    
  0.0000    
  0.0000    
  0.0000    
  0.0000    
  0.0000    
  0.0000    
  0.0000    
  0.0000    
  0.0000    
  0.0000    
  0.0000    
  0.0000    
  0.0000    
  0.0000    
  0.0000    
  0.0000    
  0.0000    
  0.0000    
  0.0000    
  0.0000    
  8.5738    
  14.868    
  18.329    
  21.451    
  21.686    
  20.229    
  18.345    
  20.848    
  21.647    
  21.709    
  20.617    
  18.138    
  15.883    
  14.128    
  13.103    
  12.421    
  12.103    
  11.952    
  11.845    
  11.779    
  0.0000    
  0.0000    
  0.0000    
  0.0000    
  0.0000    
  0.0000    
  0.0000    
  0.0000    
  0.0000    
  0.0000    
  0.0000    
  0.0000    
  0.0000    
  0.0000    
  0.0000    
  0.0000    
  0.0000    
  0.0000    
  0.0000    
  0.0000    
  8.3663    
  14.321    
  17.682    
  21.686    
  23.075    
  22.711    
  17.699    
  20.664    
  22.154    
  23.036    
  22.970    
  20.609    
  17.453    
  14.498    
  12.588    
  11.244    
  10.597    
  10.285    
  10.064    
  9.9262    
  0.0000    
  0.0000    
  0.0000    
  0.0000    
  0.0000    
  0.0000    
  0.0000    
  0.0000    
  0.0000    
  0.0000    
  0.0000    
  0.0000    
  0.0000    
  0.0000    
  0.0000    
  0.0000    
  0.0000    
  0.0000    
  0.0000    
  0.0000    
  8.1665    
  13.581    
  16.378    
  20.229    
  22.711    
  24.801    
  16.392    
  19.064    
  20.870    
  22.588    
  24.570    
  24.420    
  21.354    
  16.851    
  13.205    
  10.303    
  8.8069    
  8.0630    
  7.5265    
  7.1884    
  0.0000    
  0.0000    
  0.0000    
  0.0000    
  0.0000    
  0.0000    
  0.0000    
  0.0000    
  0.0000    
  0.0000    
  0.0000    
  0.0000    
  0.0000    
  0.0000    
  0.0000    
  0.0000    
  0.0000    
  0.0000    
  0.0000    
  0.0000    
  8.8526    
  14.822    
  17.359    
  18.345    
  17.699    
  16.392    
  17.368    
  18.367    
  18.247    
  17.747    
  16.649    
  15.296    
  14.383    
  13.776    
  13.451    
  13.245    
  13.151    
  13.107    
  13.076    
  13.057    
  0.0000    
  0.0000    
  0.0000    
  0.0000    
  0.0000    
  0.0000    
  0.0000    
  0.0000    
  0.0000    
  0.0000    
  0.0000    
  0.0000    
  0.0000    
  0.0000    
  0.0000    
  0.0000    
  0.0000    
  0.0000    
  0.0000    
  0.0000    
  8.6750    
  15.024    
  18.353    
  20.848    
  20.664    
  19.064    
  18.367    
  20.467    
  20.925    
  20.704    
  19.439    
  17.223    
  15.424    
  14.105    
  13.359    
  12.872    
  12.647    
  12.540    
  12.466    
  12.419    
  0.0000    
  0.0000    
  0.0000    
  0.0000    
  0.0000    
  0.0000    
  0.0000    
  0.0000    
  0.0000    
  0.0000    
  0.0000    
  0.0000    
  0.0000    
  0.0000    
  0.0000    
  0.0000    
  0.0000    
  0.0000    
  0.0000    
  0.0000    
  8.5187    
  14.749    
  18.230    
  21.647    
  22.154    
  20.870    
  18.247    
  20.925    
  21.915    
  22.164    
  21.247    
  18.692    
  16.185    
  14.158    
  12.950    
  12.136    
  11.753    
  11.571    
  11.443    
  11.363    
  0.0000    
  0.0000    
  0.0000    
  0.0000    
  0.0000    
  0.0000    
  0.0000    
  0.0000    
  0.0000    
  0.0000    
  0.0000    
  0.0000    
  0.0000    
  0.0000    
  0.0000    
  0.0000    
  0.0000    
  0.0000    
  0.0000    
  0.0000    
  8.3763    
  14.353    
  17.730    
  21.709    
  23.036    
  22.588    
  17.747    
  20.704    
  22.164    
  23.000    
  22.860    
  20.460    
  17.341    
  14.456    
  12.604    
  11.305    
  10.681    
  10.381    
  10.168    
  10.036    
  0.0000    
  0.0000    
  0.0000    
  0.0000    
  0.0000    
  0.0000    
  0.0000    
  0.0000    
  0.0000    
  0.0000    
  0.0000    
  0.0000    
  0.0000    
  0.0000    
  0.0000    
  0.0000    
  0.0000    
  0.0000    
  0.0000    
  0.0000    
  8.1988    
  13.713    
  16.635    
  20.617    
  22.970    
  24.570    
  16.649    
  19.439    
  21.247    
  22.860    
  24.452    
  23.696    
  20.424    
  16.160    
  12.893    
  10.368    
  9.0883    
  8.4567    
  8.0030    
  7.7179    
  0.0000    
  0.0000    
  0.0000    
  0.0000    
  0.0000    
  0.0000    
  0.0000    
  0.0000    
  0.0000    
  0.0000    
  0.0000    
  0.0000    
  0.0000    
  0.0000    
  0.0000    
  0.0000    
  0.0000    
  0.0000    
  0.0000    
  0.0000    
  8.0491    
  13.062    
  15.286    
  18.138    
  20.609    
  24.420    
  15.296    
  17.223    
  18.692    
  20.460    
  23.696    
  26.898    
  26.365    
  21.907    
  16.544    
  11.337    
  8.3435    
  6.7784    
  5.6181    
  4.8733    
  0.0000    
  0.0000    
  0.0000    
  0.0000    
  0.0000    
  0.0000    
  0.0000    
  0.0000    
  0.0000    
  0.0000    
  0.0000    
  0.0000    
  0.0000    
  0.0000    
  0.0000    
  0.0000    
  0.0000    
  0.0000    
  0.0000    
  0.0000    
  7.9678    
  12.669    
  14.377    
  15.883    
  17.453    
  21.354    
  14.383    
  15.424    
  16.185    
  17.341    
  20.424    
  26.365    
  30.950    
  30.545    
  25.128    
  16.844    
  10.896    
  7.4507    
  4.7489    
  2.9482    
  0.0000    
  0.0000    
  0.0000    
  0.0000    
  0.0000    
  0.0000    
  0.0000    
  0.0000    
  0.0000    
  0.0000    
  0.0000    
  0.0000    
  0.0000    
  0.0000    
  0.0000    
  0.0000    
  0.0000    
  0.0000    
  0.0000    
  0.0000    
  7.9194    
  12.422    
  13.772    
  14.128    
  14.498    
  16.851    
  13.776    
  14.105    
  14.158    
  14.456    
  16.160    
  21.907    
  30.545    
  38.440    
  38.869    
  30.469    
  20.471    
  13.335    
  7.0610    
  2.5485    
  0.0000    
  0.0000    
  0.0000    
  0.0000    
  0.0000    
  0.0000    
  0.0000    
  0.0000    
  0.0000    
  0.0000    
  0.0000    
  0.0000    
  0.0000    
  0.0000    
  0.0000    
  0.0000    
  0.0000    
  0.0000    
  0.0000    
  0.0000    
  7.8950    
  12.294    
  13.449    
  13.103    
  12.588    
  13.205    
  13.451    
  13.359    
  12.950    
  12.604    
  12.893    
  16.544    
  25.128    
  38.869    
  49.560    
  49.751    
  39.121    
  27.688    
  15.356    
  5.2217    
  0.0000    
  0.0000    
  0.0000    
  0.0000    
  0.0000    
  0.0000    
  0.0000    
  0.0000    
  0.0000    
  0.0000    
  0.0000    
  0.0000    
  0.0000    
  0.0000    
  0.0000    
  0.0000    
  0.0000    
  0.0000    
  0.0000    
  0.0000    
  7.8800    
  12.214    
  13.243    
  12.421    
  11.244    
  10.303    
  13.245    
  12.872    
  12.136    
  11.305    
  10.368    
  11.337    
  16.844    
  30.469    
  49.751    
  69.709    
  71.672    
  60.735    
  39.942    
  16.548    
  0.0000    
  0.0000    
  0.0000    
  0.0000    
  0.0000    
  0.0000    
  0.0000    
  0.0000    
  0.0000    
  0.0000    
  0.0000    
  0.0000    
  0.0000    
  0.0000    
  0.0000    
  0.0000    
  0.0000    
  0.0000    
  0.0000    
  0.0000    
  7.8733    
  12.178    
  13.150    
  12.103    
  10.597    
  8.8069    
  13.151    
  12.647    
  11.753    
  10.681    
  9.0883    
  8.3435    
  10.896    
  20.471    
  39.121    
  71.672    
  96.086    
  100.32    
  81.881    
  42.103    
  0.0000    
  0.0000    
  0.0000    
  0.0000    
  0.0000    
  0.0000    
  0.0000    
  0.0000    
  0.0000    
  0.0000    
  0.0000    
  0.0000    
  0.0000    
  0.0000    
  0.0000    
  0.0000    
  0.0000    
  0.0000    
  0.0000    
  0.0000    
  7.8702    
  12.161    
  13.106    
  11.952    
  10.285    
  8.0630    
  13.107    
  12.540    
  11.571    
  10.381    
  8.4567    
  6.7784    
  7.4507    
  13.335    
  27.688    
  60.735    
  100.32    
  126.79    
  129.69    
  83.946    
  0.0000    
  0.0000    
  0.0000    
  0.0000    
  0.0000    
  0.0000    
  0.0000    
  0.0000    
  0.0000    
  0.0000    
  0.0000    
  0.0000    
  0.0000    
  0.0000    
  0.0000    
  0.0000    
  0.0000    
  0.0000    
  0.0000    
  0.0000    
  7.8680    
  12.150    
  13.075    
  11.845    
  10.064    
  7.5265    
  13.076    
  12.466    
  11.443    
  10.168    
  8.0030    
  5.6181    
  4.7489    
  7.0610    
  15.356    
  39.942    
  81.881    
  129.69    
  181.76    
  172.15    
  0.0000    
  0.0000    
  0.0000    
  0.0000    
  0.0000    
  0.0000    
  0.0000    
  0.0000    
  0.0000    
  0.0000    
  0.0000    
  0.0000    
  0.0000    
  0.0000    
  0.0000    
  0.0000    
  0.0000    
  0.0000    
  0.0000    
  0.0000    
  7.8667    
  12.142    
  13.056    
  11.779    
  9.9262    
  7.1884    
  13.057    
  12.419    
  11.363    
  10.036    
  7.7179    
  4.8733    
  2.9482    
  2.5485    
  5.2217    
  16.548    
  42.103    
  83.946    
  172.15    
  302.84    
  0.0000    
  0.0000    
  0.0000    
  0.0000    
  0.0000    
  0.0000    
  0.0000    
  0.0000    
  0.0000    
  0.0000    
  0.0000    
  0.0000    
  0.0000    
  0.0000    
  0.0000    
  0.0000    
  0.0000    
  0.0000    
  0.0000    
  0.0000    
  0.0000    
  0.0000    
  0.0000    
  0.0000    
  0.0000    
  0.0000    
  0.0000    
  0.0000    
  0.0000    
  0.0000    
  0.0000    
  0.0000    
  0.0000    
  0.0000    
  0.0000    
  0.0000    
  0.0000    
  0.0000    
  0.0000    
  0.0000    
 0.42130    
 0.67954    
 0.72517    
 0.69436    
 0.65974    
 0.62314    
 0.72521    
 0.70923    
 0.68562    
 0.66152    
 0.62923    
 0.60053    
 0.58448    
 0.57479    
 0.56987    
 0.56683    
 0.56546    
 0.56483    
 0.56438    
 0.56411    
  0.0000    
  0.0000    
  0.0000    
  0.0000    
  0.0000    
  0.0000    
  0.0000    
  0.0000    
  0.0000    
  0.0000    
  0.0000    
  0.0000    
  0.0000    
  0.0000    
  0.0000    
  0.0000    
  0.0000    
  0.0000    
  0.0000    
  0.0000    
 0.67954    
  1.8669    
  2.5638    
  2.9705    
  2.9107    
  2.7067    
  2.5666    
  2.9282    
  2.9717    
  2.9174    
  2.7487    
  2.5253    
  2.3732    
  2.2725    
  2.2187    
  2.1846    
  2.1692    
  2.1619    
  2.1568    
  2.1537    
  0.0000    
  0.0000    
  0.0000    
  0.0000    
  0.0000    
  0.0000    
  0.0000    
  0.0000    
  0.0000    
  0.0000    
  0.0000    
  0.0000    
  0.0000    
  0.0000    
  0.0000    
  0.0000    
  0.0000    
  0.0000    
  0.0000    
  0.0000    
 0.72517    
  2.5638    
  4.2151    
  6.0023    
  6.2980    
  5.9739    
  4.2235    
  5.6307    
  6.1395    
  6.2978    
  6.0718    
  5.4489    
  4.9117    
  4.5161    
  4.2933    
  4.1482    
  4.0812    
  4.0496    
  4.0274    
  4.0137    
  0.0000    
  0.0000    
  0.0000    
  0.0000    
  0.0000    
  0.0000    
  0.0000    
  0.0000    
  0.0000    
  0.0000    
  0.0000    
  0.0000    
  0.0000    
  0.0000    
  0.0000    
  0.0000    
  0.0000    
  0.0000    
  0.0000    
  0.0000    
 0.69436    
  2.9705    
  6.0023    
  12.231    
  15.605    
  17.218    
  6.0214    
  10.329    
  13.207    
  15.466    
  17.160    
  16.289    
  14.069    
  11.825    
  10.356    
  9.3216    
  8.8245    
  8.5853    
  8.4158    
  8.3102    
  0.0000    
  0.0000    
  0.0000    
  0.0000    
  0.0000    
  0.0000    
  0.0000    
  0.0000    
  0.0000    
  0.0000    
  0.0000    
  0.0000    
  0.0000    
  0.0000    
  0.0000    
  0.0000    
  0.0000    
  0.0000    
  0.0000    
  0.0000    
 0.65974    
  2.9107    
  6.2980    
  15.605    
  23.292    
  30.709    
  6.3213    
  12.315    
  17.519    
  22.894    
  29.697    
  32.256    
  29.018    
  23.625    
  19.364    
  16.076    
  14.416    
  13.600    
  13.015    
  12.648    
  0.0000    
  0.0000    
  0.0000    
  0.0000    
  0.0000    
  0.0000    
  0.0000    
  0.0000    
  0.0000    
  0.0000    
  0.0000    
  0.0000    
  0.0000    
  0.0000    
  0.0000    
  0.0000    
  0.0000    
  0.0000    
  0.0000    
  0.0000    
 0.62314    
  2.7067    
  5.9739    
  17.218    
  30.709    
  52.711    
  5.9974    
  12.762    
  20.118    
  29.867    
  48.456    
  68.561    
  72.571    
  62.648    
  49.480    
  36.910    
  29.846    
  26.202    
  23.522    
  21.811    
  0.0000    
  0.0000    
  0.0000    
  0.0000    
  0.0000    
  0.0000    
  0.0000    
  0.0000    
  0.0000    
  0.0000    
  0.0000    
  0.0000    
  0.0000    
  0.0000    
  0.0000    
  0.0000    
  0.0000    
  0.0000    
  0.0000    
  0.0000    
 0.72521    
  2.5666    
  4.2235    
  6.0214    
  6.3213    
  5.9974    
  4.2319    
  5.6469    
  6.1600    
  6.3209    
  6.0955    
  5.4700    
  4.9295    
  4.5313    
  4.3069    
  4.1607    
  4.0933    
  4.0614    
  4.0391    
  4.0253    
  0.0000    
  0.0000    
  0.0000    
  0.0000    
  0.0000    
  0.0000    
  0.0000    
  0.0000    
  0.0000    
  0.0000    
  0.0000    
  0.0000    
  0.0000    
  0.0000    
  0.0000    
  0.0000    
  0.0000    
  0.0000    
  0.0000    
  0.0000    
 0.70923    
  2.9282    
  5.6307    
  10.329    
  12.315    
  12.762    
  5.6469    
  9.0172    
  10.956    
  12.246    
  12.838    
  11.772    
  10.206    
  8.8104    
  7.9480    
  7.3587    
  7.0798    
  6.9465    
  6.8524    
  6.7940    
  0.0000    
  0.0000    
  0.0000    
  0.0000    
  0.0000    
  0.0000    
  0.0000    
  0.0000    
  0.0000    
  0.0000    
  0.0000    
  0.0000    
  0.0000    
  0.0000    
  0.0000    
  0.0000    
  0.0000    
  0.0000    
  0.0000    
  0.0000    
 0.68562    
  2.9717    
  6.1395    
  13.207    
  17.519    
  20.118    
  6.1600    
  10.956    
  14.403    
  17.329    
  19.922    
  19.416    
  16.825    
  13.967    
  12.024    
  10.629    
  9.9524    
  9.6250    
  9.3926    
  9.2475    
  0.0000    
  0.0000    
  0.0000    
  0.0000    
  0.0000    
  0.0000    
  0.0000    
  0.0000    
  0.0000    
  0.0000    
  0.0000    
  0.0000    
  0.0000    
  0.0000    
  0.0000    
  0.0000    
  0.0000    
  0.0000    
  0.0000    
  0.0000    
 0.66152    
  2.9174    
  6.2978    
  15.466    
  22.894    
  29.867    
  6.3209    
  12.246    
  17.329    
  22.513    
  28.937    
  31.146    
  27.905    
  22.725    
  18.685    
  15.586    
  14.028    
  13.262    
  12.714    
  12.370    
  0.0000    
  0.0000    
  0.0000    
  0.0000    
  0.0000    
  0.0000    
  0.0000    
  0.0000    
  0.0000    
  0.0000    
  0.0000    
  0.0000    
  0.0000    
  0.0000    
  0.0000    
  0.0000    
  0.0000    
  0.0000    
  0.0000    
  0.0000    
 0.62923    
  2.7487    
  6.0718    
  17.160    
  29.697    
  48.456    
  6.0955    
  12.838    
  19.922    
  28.937    
  45.002    
  60.195    
  61.201    
  51.708    
  40.838    
  31.000    
  25.614    
  22.867    
  20.859    
  19.583    
  0.0000    
  0.0000    
  0.0000    
  0.0000    
  0.0000    
  0.0000    
  0.0000    
  0.0000    
  0.0000    
  0.0000    
  0.0000    
  0.0000    
  0.0000    
  0.0000    
  0.0000    
  0.0000    
  0.0000    
  0.0000    
  0.0000    
  0.0000    
 0.60053    
  2.5253    
  5.4489    
  16.289    
  32.256    
  68.561    
  5.4700    
  11.772    
  19.416    
  31.146    
  60.195    
  111.68    
  148.83    
  151.22    
  126.41    
  90.928    
  67.144    
  53.901    
  43.758    
  37.107    
  0.0000    
  0.0000    
  0.0000    
  0.0000    
  0.0000    
  0.0000    
  0.0000    
  0.0000    
  0.0000    
  0.0000    
  0.0000    
  0.0000    
  0.0000    
  0.0000    
  0.0000    
  0.0000    
  0.0000    
  0.0000    
  0.0000    
  0.0000    
 0.58448    
  2.3732    
  4.9117    
  14.069    
  29.018    
  72.571    
  4.9295    
  10.206    
  16.825    
  27.905    
  61.201    
  148.83    
  267.42    
  360.80    
  359.91    
  280.06    
  199.52    
  146.93    
  103.16    
  72.856    
  0.0000    
  0.0000    
  0.0000    
  0.0000    
  0.0000    
  0.0000    
  0.0000    
  0.0000    
  0.0000    
  0.0000    
  0.0000    
  0.0000    
  0.0000    
  0.0000    
  0.0000    
  0.0000    
  0.0000    
  0.0000    
  0.0000    
  0.0000    
 0.57479    
  2.2725    
  4.5161    
  11.825    
  23.625    
  62.648    
  4.5313    
  8.8104    
  13.967    
  22.725    
  51.708    
  151.22    
  360.80    
  691.03    
  923.96    
  908.06    
  705.39    
  514.53    
  325.15    
  178.70    
  0.0000    
  0.0000    
  0.0000    
  0.0000    
  0.0000    
  0.0000    
  0.0000    
  0.0000    
  0.0000    
  0.0000    
  0.0000    
  0.0000    
  0.0000    
  0.0000    
  0.0000    
  0.0000    
  0.0000    
  0.0000    
  0.0000    
  0.0000    
 0.56987    
  2.2187    
  4.2933    
  10.356    
  19.364    
  49.480    
  4.3069    
  7.9480    
  12.024    
  18.685    
  40.838    
  126.41    
  359.91    
  923.96    
  1690.2    
  2309.0    
  2191.8    
  1753.2    
  1131.2    
  542.77    
  0.0000    
  0.0000    
  0.0000    
  0.0000    
  0.0000    
  0.0000    
  0.0000    
  0.0000    
  0.0000    
  0.0000    
  0.0000    
  0.0000    
  0.0000    
  0.0000    
  0.0000    
  0.0000    
  0.0000    
  0.0000    
  0.0000    
  0.0000    
 0.56683    
  2.1846    
  4.1482    
  9.3216    
  16.076    
  36.910    
  4.1607    
  7.3587    
  10.629    
  15.586    
  31.000    
  90.928    
  280.06    
  908.06    
  2309.0    
  4921.0    
  6647.7    
  6653.5    
  5112.8    
  2587.9    
  0.0000    
  0.0000    
  0.0000    
  0.0000    
  0.0000    
  0.0000    
  0.0000    
  0.0000    
  0.0000    
  0.0000    
  0.0000    
  0.0000    
  0.0000    
  0.0000    
  0.0000    
  0.0000    
  0.0000    
  0.0000    
  0.0000    
  0.0000    
 0.56546    
  2.1692    
  4.0812    
  8.8245    
  14.416    
  29.846    
  4.0933    
  7.0798    
  9.9524    
  14.028    
  25.614    
  67.144    
  199.52    
  705.39    
  2191.8    
  6647.7    
  12828.    
  16961.    
  17153.    
  10699.    
  0.0000    
  0.0000    
  0.0000    
  0.0000    
  0.0000    
  0.0000    
  0.0000    
  0.0000    
  0.0000    
  0.0000    
  0.0000    
  0.0000    
  0.0000    
  0.0000    
  0.0000    
  0.0000    
  0.0000    
  0.0000    
  0.0000    
  0.0000    
 0.56483    
  2.1619    
  4.0496    
  8.5853    
  13.600    
  26.202    
  4.0614    
  6.9465    
  9.6250    
  13.262    
  22.867    
  53.901    
  146.93    
  514.53    
  1753.2    
  6653.5    
  16961.    
  29060.    
  39824.    
  33124.    
  0.0000    
  0.0000    
  0.0000    
  0.0000    
  0.0000    
  0.0000    
  0.0000    
  0.0000    
  0.0000    
  0.0000    
  0.0000    
  0.0000    
  0.0000    
  0.0000    
  0.0000    
  0.0000    
  0.0000    
  0.0000    
  0.0000    
  0.0000    
 0.56438    
  2.1568    
  4.0274    
  8.4158    
  13.015    
  23.522    
  4.0391    
  6.8524    
  9.3926    
  12.714    
  20.859    
  43.758    
  103.16    
  325.15    
  1131.2    
  5112.8    
  17153.    
  39824.    
  83931.    
 0.11659E+06
  0.0000    
  0.0000    
  0.0000    
  0.0000    
  0.0000    
  0.0000    
  0.0000    
  0.0000    
  0.0000    
  0.0000    
  0.0000    
  0.0000    
  0.0000    
  0.0000    
  0.0000    
  0.0000    
  0.0000    
  0.0000    
  0.0000    
  0.0000    
 0.56411    
  2.1537    
  4.0137    
  8.3102    
  12.648    
  21.811    
  4.0253    
  6.7940    
  9.2475    
  12.370    
  19.583    
  37.107    
  72.856    
  178.70    
  542.77    
  2587.9    
  10699.    
  33124.    
 0.11659E+06
 0.37966E+06
