          38
 0.41949E-03
 0.60084E-03
 0.83747E-03
 0.94970E-03
 0.10475E-02
 0.10915E-02
 0.11302E-02
 0.11466E-02
 0.11579E-02
 0.11694E-02
 0.11776E-02
 0.11817E-02
 0.11840E-02
 0.11852E-02
 0.11858E-02
 0.11862E-02
 0.11863E-02
 0.11864E-02
 0.11865E-02
  0.0000    
  0.0000    
  0.0000    
  0.0000    
  0.0000    
  0.0000    
  0.0000    
  0.0000    
  0.0000    
  0.0000    
  0.0000    
  0.0000    
  0.0000    
  0.0000    
  0.0000    
  0.0000    
  0.0000    
  0.0000    
  0.0000    
 0.60084E-03
 0.96462E-03
 0.15538E-02
 0.18869E-02
 0.22098E-02
 0.23658E-02
 0.25094E-02
 0.25717E-02
 0.26153E-02
 0.26603E-02
 0.26930E-02
 0.27092E-02
 0.27185E-02
 0.27230E-02
 0.27258E-02
 0.27270E-02
 0.27276E-02
 0.27280E-02
 0.27282E-02
  0.0000    
  0.0000    
  0.0000    
  0.0000    
  0.0000    
  0.0000    
  0.0000    
  0.0000    
  0.0000    
  0.0000    
  0.0000    
  0.0000    
  0.0000    
  0.0000    
  0.0000    
  0.0000    
  0.0000    
  0.0000    
  0.0000    
 0.83747E-03
 0.15538E-02
 0.31383E-02
 0.43372E-02
 0.57785E-02
 0.65957E-02
 0.74299E-02
 0.78184E-02
 0.81014E-02
 0.84025E-02
 0.86272E-02
 0.87408E-02
 0.88061E-02
 0.88384E-02
 0.88581E-02
 0.88668E-02
 0.88709E-02
 0.88737E-02
 0.88755E-02
  0.0000    
  0.0000    
  0.0000    
  0.0000    
  0.0000    
  0.0000    
  0.0000    
  0.0000    
  0.0000    
  0.0000    
  0.0000    
  0.0000    
  0.0000    
  0.0000    
  0.0000    
  0.0000    
  0.0000    
  0.0000    
  0.0000    
 0.94970E-03
 0.18869E-02
 0.43372E-02
 0.65557E-02
 0.96892E-02
 0.11720E-01
 0.14005E-01
 0.15148E-01
 0.16015E-01
 0.16969E-01
 0.17704E-01
 0.18083E-01
 0.18303E-01
 0.18413E-01
 0.18480E-01
 0.18509E-01
 0.18523E-01
 0.18533E-01
 0.18539E-01
  0.0000    
  0.0000    
  0.0000    
  0.0000    
  0.0000    
  0.0000    
  0.0000    
  0.0000    
  0.0000    
  0.0000    
  0.0000    
  0.0000    
  0.0000    
  0.0000    
  0.0000    
  0.0000    
  0.0000    
  0.0000    
  0.0000    
 0.10475E-02
 0.22098E-02
 0.57785E-02
 0.96892E-02
 0.16456E-01
 0.21746E-01
 0.28710E-01
 0.32656E-01
 0.35876E-01
 0.39669E-01
 0.42778E-01
 0.44452E-01
 0.45446E-01
 0.45947E-01
 0.46255E-01
 0.46393E-01
 0.46457E-01
 0.46501E-01
 0.46529E-01
  0.0000    
  0.0000    
  0.0000    
  0.0000    
  0.0000    
  0.0000    
  0.0000    
  0.0000    
  0.0000    
  0.0000    
  0.0000    
  0.0000    
  0.0000    
  0.0000    
  0.0000    
  0.0000    
  0.0000    
  0.0000    
  0.0000    
 0.10915E-02
 0.23658E-02
 0.65957E-02
 0.11720E-01
 0.21746E-01
 0.30633E-01
 0.43831E-01
 0.52122E-01
 0.59354E-01
 0.68448E-01
 0.76392E-01
 0.80860E-01
 0.83578E-01
 0.84967E-01
 0.85828E-01
 0.86215E-01
 0.86395E-01
 0.86521E-01
 0.86598E-01
  0.0000    
  0.0000    
  0.0000    
  0.0000    
  0.0000    
  0.0000    
  0.0000    
  0.0000    
  0.0000    
  0.0000    
  0.0000    
  0.0000    
  0.0000    
  0.0000    
  0.0000    
  0.0000    
  0.0000    
  0.0000    
  0.0000    
 0.11302E-02
 0.25094E-02
 0.74299E-02
 0.14005E-01
 0.28710E-01
 0.43831E-01
 0.70241E-01
 0.89533E-01
 0.10828    
 0.13467    
 0.16062    
 0.17653    
 0.18671    
 0.19207    
 0.19544    
 0.19697    
 0.19768    
 0.19818    
 0.19849    
  0.0000    
  0.0000    
  0.0000    
  0.0000    
  0.0000    
  0.0000    
  0.0000    
  0.0000    
  0.0000    
  0.0000    
  0.0000    
  0.0000    
  0.0000    
  0.0000    
  0.0000    
  0.0000    
  0.0000    
  0.0000    
  0.0000    
 0.11466E-02
 0.25717E-02
 0.78184E-02
 0.15148E-01
 0.32656E-01
 0.52122E-01
 0.89533E-01
 0.11961    
 0.15113    
 0.19953    
 0.25195    
 0.28663    
 0.30989    
 0.32247    
 0.33052    
 0.33420    
 0.33593    
 0.33714    
 0.33789    
  0.0000    
  0.0000    
  0.0000    
  0.0000    
  0.0000    
  0.0000    
  0.0000    
  0.0000    
  0.0000    
  0.0000    
  0.0000    
  0.0000    
  0.0000    
  0.0000    
  0.0000    
  0.0000    
  0.0000    
  0.0000    
  0.0000    
 0.11579E-02
 0.26153E-02
 0.81014E-02
 0.16015E-01
 0.35876E-01
 0.59354E-01
 0.10828    
 0.15113    
 0.19941    
 0.28046    
 0.37820    
 0.44894    
 0.49924    
 0.52746    
 0.54588    
 0.55439    
 0.55842    
 0.56125    
 0.56300    
  0.0000    
  0.0000    
  0.0000    
  0.0000    
  0.0000    
  0.0000    
  0.0000    
  0.0000    
  0.0000    
  0.0000    
  0.0000    
  0.0000    
  0.0000    
  0.0000    
  0.0000    
  0.0000    
  0.0000    
  0.0000    
  0.0000    
 0.11694E-02
 0.26603E-02
 0.84025E-02
 0.16969E-01
 0.39669E-01
 0.68448E-01
 0.13467    
 0.19953    
 0.28046    
 0.43640    
 0.66218    
 0.85538    
  1.0103    
  1.1043    
  1.1686    
  1.1992    
  1.2138    
  1.2242    
  1.2306    
  0.0000    
  0.0000    
  0.0000    
  0.0000    
  0.0000    
  0.0000    
  0.0000    
  0.0000    
  0.0000    
  0.0000    
  0.0000    
  0.0000    
  0.0000    
  0.0000    
  0.0000    
  0.0000    
  0.0000    
  0.0000    
  0.0000    
 0.11776E-02
 0.26930E-02
 0.86272E-02
 0.17704E-01
 0.42778E-01
 0.76392E-01
 0.16062    
 0.25195    
 0.37820    
 0.66218    
  1.1821    
  1.7526    
  2.3155    
  2.7123    
  3.0117    
  3.1625    
  3.2369    
  3.2903    
  3.3239    
  0.0000    
  0.0000    
  0.0000    
  0.0000    
  0.0000    
  0.0000    
  0.0000    
  0.0000    
  0.0000    
  0.0000    
  0.0000    
  0.0000    
  0.0000    
  0.0000    
  0.0000    
  0.0000    
  0.0000    
  0.0000    
  0.0000    
 0.11817E-02
 0.27092E-02
 0.87408E-02
 0.18083E-01
 0.44452E-01
 0.80860E-01
 0.17653    
 0.28663    
 0.44894    
 0.85538    
  1.7526    
  2.9938    
  4.5380    
  5.8604    
  7.0113    
  7.6482    
  7.9773    
  8.2203    
  8.3759    
  0.0000    
  0.0000    
  0.0000    
  0.0000    
  0.0000    
  0.0000    
  0.0000    
  0.0000    
  0.0000    
  0.0000    
  0.0000    
  0.0000    
  0.0000    
  0.0000    
  0.0000    
  0.0000    
  0.0000    
  0.0000    
  0.0000    
 0.11840E-02
 0.27185E-02
 0.88061E-02
 0.18303E-01
 0.45446E-01
 0.83578E-01
 0.18671    
 0.30989    
 0.49924    
  1.0103    
  2.3155    
  4.5380    
  8.0850    
  11.974    
  16.168    
  18.883    
  20.412    
  21.601    
  22.391    
  0.0000    
  0.0000    
  0.0000    
  0.0000    
  0.0000    
  0.0000    
  0.0000    
  0.0000    
  0.0000    
  0.0000    
  0.0000    
  0.0000    
  0.0000    
  0.0000    
  0.0000    
  0.0000    
  0.0000    
  0.0000    
  0.0000    
 0.11852E-02
 0.27230E-02
 0.88384E-02
 0.18413E-01
 0.45947E-01
 0.84967E-01
 0.19207    
 0.32247    
 0.52746    
  1.1043    
  2.7123    
  5.8604    
  11.974    
  20.416    
  32.001    
  41.197    
  47.077    
  52.042    
  55.547    
  0.0000    
  0.0000    
  0.0000    
  0.0000    
  0.0000    
  0.0000    
  0.0000    
  0.0000    
  0.0000    
  0.0000    
  0.0000    
  0.0000    
  0.0000    
  0.0000    
  0.0000    
  0.0000    
  0.0000    
  0.0000    
  0.0000    
 0.11858E-02
 0.27258E-02
 0.88581E-02
 0.18480E-01
 0.46255E-01
 0.85828E-01
 0.19544    
 0.33052    
 0.54588    
  1.1686    
  3.0117    
  7.0113    
  16.168    
  32.001    
  60.976    
  91.701    
  116.01    
  140.05    
  159.30    
  0.0000    
  0.0000    
  0.0000    
  0.0000    
  0.0000    
  0.0000    
  0.0000    
  0.0000    
  0.0000    
  0.0000    
  0.0000    
  0.0000    
  0.0000    
  0.0000    
  0.0000    
  0.0000    
  0.0000    
  0.0000    
  0.0000    
 0.11862E-02
 0.27270E-02
 0.88668E-02
 0.18509E-01
 0.46393E-01
 0.86215E-01
 0.19697    
 0.33420    
 0.55439    
  1.1992    
  3.1625    
  7.6482    
  18.883    
  41.197    
  91.701    
  160.92    
  229.65    
  312.70    
  392.46    
  0.0000    
  0.0000    
  0.0000    
  0.0000    
  0.0000    
  0.0000    
  0.0000    
  0.0000    
  0.0000    
  0.0000    
  0.0000    
  0.0000    
  0.0000    
  0.0000    
  0.0000    
  0.0000    
  0.0000    
  0.0000    
  0.0000    
 0.11863E-02
 0.27276E-02
 0.88709E-02
 0.18523E-01
 0.46457E-01
 0.86395E-01
 0.19768    
 0.33593    
 0.55842    
  1.2138    
  3.2369    
  7.9773    
  20.412    
  47.077    
  116.01    
  229.65    
  366.36    
  568.55    
  808.71    
  0.0000    
  0.0000    
  0.0000    
  0.0000    
  0.0000    
  0.0000    
  0.0000    
  0.0000    
  0.0000    
  0.0000    
  0.0000    
  0.0000    
  0.0000    
  0.0000    
  0.0000    
  0.0000    
  0.0000    
  0.0000    
  0.0000    
 0.11864E-02
 0.27280E-02
 0.88737E-02
 0.18533E-01
 0.46501E-01
 0.86521E-01
 0.19818    
 0.33714    
 0.56125    
  1.2242    
  3.2903    
  8.2203    
  21.601    
  52.042    
  140.05    
  312.70    
  568.55    
  1061.4    
  1882.0    
  0.0000    
  0.0000    
  0.0000    
  0.0000    
  0.0000    
  0.0000    
  0.0000    
  0.0000    
  0.0000    
  0.0000    
  0.0000    
  0.0000    
  0.0000    
  0.0000    
  0.0000    
  0.0000    
  0.0000    
  0.0000    
  0.0000    
 0.11865E-02
 0.27282E-02
 0.88755E-02
 0.18539E-01
 0.46529E-01
 0.86598E-01
 0.19849    
 0.33789    
 0.56300    
  1.2306    
  3.3239    
  8.3759    
  22.391    
  55.547    
  159.30    
  392.46    
  808.71    
  1882.0    
  4809.2    
  0.0000    
  0.0000    
  0.0000    
  0.0000    
  0.0000    
  0.0000    
  0.0000    
  0.0000    
  0.0000    
  0.0000    
  0.0000    
  0.0000    
  0.0000    
  0.0000    
  0.0000    
  0.0000    
  0.0000    
  0.0000    
  0.0000    
  0.0000    
  0.0000    
  0.0000    
  0.0000    
  0.0000    
  0.0000    
  0.0000    
  0.0000    
  0.0000    
  0.0000    
  0.0000    
  0.0000    
  0.0000    
  0.0000    
  0.0000    
  0.0000    
  0.0000    
  0.0000    
  0.0000    
 0.14623E-06
 0.33815E-06
 0.73386E-06
 0.98413E-06
 0.12370E-05
 0.13615E-05
 0.14771E-05
 0.15274E-05
 0.15627E-05
 0.15992E-05
 0.16257E-05
 0.16388E-05
 0.16463E-05
 0.16500E-05
 0.16523E-05
 0.16533E-05
 0.16537E-05
 0.16540E-05
 0.16542E-05
  0.0000    
  0.0000    
  0.0000    
  0.0000    
  0.0000    
  0.0000    
  0.0000    
  0.0000    
  0.0000    
  0.0000    
  0.0000    
  0.0000    
  0.0000    
  0.0000    
  0.0000    
  0.0000    
  0.0000    
  0.0000    
  0.0000    
 0.33815E-06
 0.10206E-05
 0.31042E-05
 0.48836E-05
 0.70601E-05
 0.82786E-05
 0.94991E-05
 0.10058E-04
 0.10461E-04
 0.10886E-04
 0.11200E-04
 0.11358E-04
 0.11449E-04
 0.11494E-04
 0.11521E-04
 0.11533E-04
 0.11539E-04
 0.11543E-04
 0.11545E-04
  0.0000    
  0.0000    
  0.0000    
  0.0000    
  0.0000    
  0.0000    
  0.0000    
  0.0000    
  0.0000    
  0.0000    
  0.0000    
  0.0000    
  0.0000    
  0.0000    
  0.0000    
  0.0000    
  0.0000    
  0.0000    
  0.0000    
 0.73386E-06
 0.31042E-05
 0.16007E-04
 0.34054E-04
 0.66515E-04
 0.90564E-04
 0.11957E-03
 0.13468E-03
 0.14633E-03
 0.15933E-03
 0.16945E-03
 0.17470E-03
 0.17776E-03
 0.17929E-03
 0.18022E-03
 0.18064E-03
 0.18083E-03
 0.18096E-03
 0.18105E-03
  0.0000    
  0.0000    
  0.0000    
  0.0000    
  0.0000    
  0.0000    
  0.0000    
  0.0000    
  0.0000    
  0.0000    
  0.0000    
  0.0000    
  0.0000    
  0.0000    
  0.0000    
  0.0000    
  0.0000    
  0.0000    
  0.0000    
 0.98413E-06
 0.48836E-05
 0.34054E-04
 0.89288E-04
 0.22217E-03
 0.34633E-03
 0.52479E-03
 0.63027E-03
 0.71763E-03
 0.82141E-03
 0.90678E-03
 0.95275E-03
 0.98002E-03
 0.99377E-03
 0.10022E-02
 0.10060E-02
 0.10078E-02
 0.10090E-02
 0.10097E-02
  0.0000    
  0.0000    
  0.0000    
  0.0000    
  0.0000    
  0.0000    
  0.0000    
  0.0000    
  0.0000    
  0.0000    
  0.0000    
  0.0000    
  0.0000    
  0.0000    
  0.0000    
  0.0000    
  0.0000    
  0.0000    
  0.0000    
 0.12370E-05
 0.70601E-05
 0.66515E-04
 0.22217E-03
 0.76461E-03
 0.14652E-02
 0.28018E-02
 0.37838E-02
 0.47120E-02
 0.59575E-02
 0.71045E-02
 0.77701E-02
 0.81814E-02
 0.83934E-02
 0.85253E-02
 0.85847E-02
 0.86124E-02
 0.86318E-02
 0.86437E-02
  0.0000    
  0.0000    
  0.0000    
  0.0000    
  0.0000    
  0.0000    
  0.0000    
  0.0000    
  0.0000    
  0.0000    
  0.0000    
  0.0000    
  0.0000    
  0.0000    
  0.0000    
  0.0000    
  0.0000    
  0.0000    
  0.0000    
 0.13615E-05
 0.82786E-05
 0.90564E-04
 0.34633E-03
 0.14652E-02
 0.32593E-02
 0.75190E-02
 0.11265E-01
 0.15254E-01
 0.21275E-01
 0.27487E-01
 0.31385E-01
 0.33902E-01
 0.35231E-01
 0.36070E-01
 0.36450E-01
 0.36628E-01
 0.36753E-01
 0.36830E-01
  0.0000    
  0.0000    
  0.0000    
  0.0000    
  0.0000    
  0.0000    
  0.0000    
  0.0000    
  0.0000    
  0.0000    
  0.0000    
  0.0000    
  0.0000    
  0.0000    
  0.0000    
  0.0000    
  0.0000    
  0.0000    
  0.0000    
 0.14771E-05
 0.94991E-05
 0.11957E-03
 0.52479E-03
 0.28018E-02
 0.75190E-02
 0.22597E-01
 0.39808E-01
 0.62029E-01
 0.10320    
 0.15567    
 0.19406    
 0.22118    
 0.23627    
 0.24606    
 0.25058    
 0.25271    
 0.25420    
 0.25513    
  0.0000    
  0.0000    
  0.0000    
  0.0000    
  0.0000    
  0.0000    
  0.0000    
  0.0000    
  0.0000    
  0.0000    
  0.0000    
  0.0000    
  0.0000    
  0.0000    
  0.0000    
  0.0000    
  0.0000    
  0.0000    
  0.0000    
 0.15274E-05
 0.10058E-04
 0.13468E-03
 0.63027E-03
 0.37838E-02
 0.11265E-01
 0.39808E-01
 0.78253E-01
 0.13505    
 0.25823    
 0.44505    
 0.60130    
 0.72136    
 0.79157    
 0.83844    
 0.86037    
 0.87079    
 0.87814    
 0.88269    
  0.0000    
  0.0000    
  0.0000    
  0.0000    
  0.0000    
  0.0000    
  0.0000    
  0.0000    
  0.0000    
  0.0000    
  0.0000    
  0.0000    
  0.0000    
  0.0000    
  0.0000    
  0.0000    
  0.0000    
  0.0000    
  0.0000    
 0.15627E-05
 0.10461E-04
 0.14633E-03
 0.71763E-03
 0.47120E-02
 0.15254E-01
 0.62029E-01
 0.13505    
 0.25788    
 0.57152    
  1.1483    
  1.7131    
  2.1948    
  2.4952    
  2.7033    
  2.8028    
  2.8505    
  2.8843    
  2.9054    
  0.0000    
  0.0000    
  0.0000    
  0.0000    
  0.0000    
  0.0000    
  0.0000    
  0.0000    
  0.0000    
  0.0000    
  0.0000    
  0.0000    
  0.0000    
  0.0000    
  0.0000    
  0.0000    
  0.0000    
  0.0000    
  0.0000    
 0.15992E-05
 0.10886E-04
 0.15933E-03
 0.82141E-03
 0.59575E-02
 0.21275E-01
 0.10320    
 0.25823    
 0.57152    
  1.6036    
  4.2425    
  7.7099    
  11.370    
  13.993    
  15.968    
  16.960    
  17.446    
  17.796    
  18.015    
  0.0000    
  0.0000    
  0.0000    
  0.0000    
  0.0000    
  0.0000    
  0.0000    
  0.0000    
  0.0000    
  0.0000    
  0.0000    
  0.0000    
  0.0000    
  0.0000    
  0.0000    
  0.0000    
  0.0000    
  0.0000    
  0.0000    
 0.16257E-05
 0.11200E-04
 0.16945E-03
 0.90678E-03
 0.71045E-02
 0.27487E-01
 0.15567    
 0.44505    
  1.1483    
  4.2425    
  16.401    
  41.107    
  78.735    
  113.89    
  145.40    
  162.96    
  172.04    
  178.74    
  183.03    
  0.0000    
  0.0000    
  0.0000    
  0.0000    
  0.0000    
  0.0000    
  0.0000    
  0.0000    
  0.0000    
  0.0000    
  0.0000    
  0.0000    
  0.0000    
  0.0000    
  0.0000    
  0.0000    
  0.0000    
  0.0000    
  0.0000    
 0.16388E-05
 0.11358E-04
 0.17470E-03
 0.95275E-03
 0.77701E-02
 0.31385E-01
 0.19406    
 0.60130    
  1.7131    
  7.7099    
  41.107    
  143.39    
  378.47    
  687.36    
  1044.4    
  1279.3    
  1411.5    
  1513.9    
  1581.6    
  0.0000    
  0.0000    
  0.0000    
  0.0000    
  0.0000    
  0.0000    
  0.0000    
  0.0000    
  0.0000    
  0.0000    
  0.0000    
  0.0000    
  0.0000    
  0.0000    
  0.0000    
  0.0000    
  0.0000    
  0.0000    
  0.0000    
 0.16463E-05
 0.11449E-04
 0.17776E-03
 0.98002E-03
 0.81814E-02
 0.33902E-01
 0.22118    
 0.72136    
  2.1948    
  11.370    
  78.735    
  378.47    
  1456.3    
  3641.4    
  7337.3    
  10540.    
  12640.    
  14425.    
  15686.    
  0.0000    
  0.0000    
  0.0000    
  0.0000    
  0.0000    
  0.0000    
  0.0000    
  0.0000    
  0.0000    
  0.0000    
  0.0000    
  0.0000    
  0.0000    
  0.0000    
  0.0000    
  0.0000    
  0.0000    
  0.0000    
  0.0000    
 0.16500E-05
 0.11494E-04
 0.17929E-03
 0.99377E-03
 0.83934E-02
 0.35231E-01
 0.23627    
 0.79157    
  2.4952    
  13.993    
  113.89    
  687.36    
  3641.4    
  12646.    
  36092.    
  65066.    
  88829.    
 0.11225E+06
 0.13069E+06
  0.0000    
  0.0000    
  0.0000    
  0.0000    
  0.0000    
  0.0000    
  0.0000    
  0.0000    
  0.0000    
  0.0000    
  0.0000    
  0.0000    
  0.0000    
  0.0000    
  0.0000    
  0.0000    
  0.0000    
  0.0000    
  0.0000    
 0.16523E-05
 0.11521E-04
 0.18022E-03
 0.10022E-02
 0.85253E-02
 0.36070E-01
 0.24606    
 0.83844    
  2.7033    
  15.968    
  145.40    
  1044.4    
  7337.3    
  36092.    
 0.16245E+06
 0.42094E+06
 0.72862E+06
 0.11307E+07
 0.15270E+07
  0.0000    
  0.0000    
  0.0000    
  0.0000    
  0.0000    
  0.0000    
  0.0000    
  0.0000    
  0.0000    
  0.0000    
  0.0000    
  0.0000    
  0.0000    
  0.0000    
  0.0000    
  0.0000    
  0.0000    
  0.0000    
  0.0000    
 0.16533E-05
 0.11533E-04
 0.18064E-03
 0.10060E-02
 0.85847E-02
 0.36450E-01
 0.25058    
 0.86037    
  2.8028    
  16.960    
  162.96    
  1279.3    
  10540.    
  65066.    
 0.42094E+06
 0.15635E+07
 0.35850E+07
 0.73675E+07
 0.12518E+08
  0.0000    
  0.0000    
  0.0000    
  0.0000    
  0.0000    
  0.0000    
  0.0000    
  0.0000    
  0.0000    
  0.0000    
  0.0000    
  0.0000    
  0.0000    
  0.0000    
  0.0000    
  0.0000    
  0.0000    
  0.0000    
  0.0000    
 0.16537E-05
 0.11539E-04
 0.18083E-03
 0.10078E-02
 0.86124E-02
 0.36628E-01
 0.25271    
 0.87079    
  2.8505    
  17.446    
  172.04    
  1411.5    
  12640.    
  88829.    
 0.72862E+06
 0.35850E+07
 0.10661E+08
 0.29726E+08
 0.67638E+08
  0.0000    
  0.0000    
  0.0000    
  0.0000    
  0.0000    
  0.0000    
  0.0000    
  0.0000    
  0.0000    
  0.0000    
  0.0000    
  0.0000    
  0.0000    
  0.0000    
  0.0000    
  0.0000    
  0.0000    
  0.0000    
  0.0000    
 0.16540E-05
 0.11543E-04
 0.18096E-03
 0.10090E-02
 0.86318E-02
 0.36753E-01
 0.25420    
 0.87814    
  2.8843    
  17.796    
  178.74    
  1513.9    
  14425.    
 0.11225E+06
 0.11307E+07
 0.73675E+07
 0.29726E+08
 0.12755E+09
 0.48541E+09
  0.0000    
  0.0000    
  0.0000    
  0.0000    
  0.0000    
  0.0000    
  0.0000    
  0.0000    
  0.0000    
  0.0000    
  0.0000    
  0.0000    
  0.0000    
  0.0000    
  0.0000    
  0.0000    
  0.0000    
  0.0000    
  0.0000    
 0.16542E-05
 0.11545E-04
 0.18105E-03
 0.10097E-02
 0.86437E-02
 0.36830E-01
 0.25513    
 0.88269    
  2.9054    
  18.015    
  183.03    
  1581.6    
  15686.    
 0.13069E+06
 0.15270E+07
 0.12518E+08
 0.67638E+08
 0.48541E+09
 0.43335E+10
  2.2017    
  2.5768    
  2.6625    
  2.5573    
  2.3939    
  2.2993    
  2.2053    
  2.1627    
  2.1322    
  2.1003    
  2.0769    
  2.0652    
  2.0585    
  2.0552    
  2.0532    
  2.0523    
  2.0518    
  2.0516    
  2.0514    
-0.19768E-02
-0.36234E-02
-0.63024E-02
-0.77569E-02
-0.91117E-02
-0.97459E-02
-0.10318E-01
-0.10562E-01
-0.10732E-01
-0.10907E-01
-0.11033E-01
-0.11095E-01
-0.11130E-01
-0.11148E-01
-0.11158E-01
-0.11163E-01
-0.11165E-01
-0.11167E-01
-0.11168E-01
  2.5768    
  3.5205    
  4.3348    
  4.4573    
  4.3663    
  4.2524    
  4.1088    
  4.0353    
  3.9797    
  3.9189    
  3.8726    
  3.8489    
  3.8353    
  3.8285    
  3.8243    
  3.8225    
  3.8216    
  3.8210    
  3.8207    
-0.36234E-02
-0.79583E-02
-0.17268E-01
-0.23532E-01
-0.30187E-01
-0.33590E-01
-0.36824E-01
-0.38255E-01
-0.39269E-01
-0.40323E-01
-0.41092E-01
-0.41477E-01
-0.41696E-01
-0.41804E-01
-0.41870E-01
-0.41899E-01
-0.41913E-01
-0.41922E-01
-0.41928E-01
  2.6625    
  4.3348    
  6.8470    
  7.9418    
  8.5331    
  8.5623    
  8.3852    
  8.2352    
  8.0999    
  7.9324    
  7.7919    
  7.7158    
  7.6707    
  7.6479    
  7.6339    
  7.6276    
  7.6247    
  7.6227    
  7.6214    
-0.63024E-02
-0.17268E-01
-0.52037E-01
-0.85146E-01
-0.13082    
-0.15912    
-0.18959    
-0.20428    
-0.21517    
-0.22693    
-0.23581    
-0.24035    
-0.24296    
-0.24425    
-0.24504    
-0.24540    
-0.24556    
-0.24567    
-0.24574    
  2.5573    
  4.4573    
  7.9418    
  9.9261    
  11.449    
  11.809    
  11.718    
  11.495    
  11.252    
  10.913    
  10.603    
  10.427    
  10.320    
  10.265    
  10.231    
  10.216    
  10.209    
  10.204    
  10.201    
-0.77569E-02
-0.23532E-01
-0.85146E-01
-0.15770    
-0.27904    
-0.36677    
-0.47232    
-0.52747    
-0.57020    
-0.61811    
-0.65556    
-0.67508    
-0.68646    
-0.69215    
-0.69563    
-0.69718    
-0.69790    
-0.69840    
-0.69871    
  2.3939    
  4.3663    
  8.5331    
  11.449    
  14.403    
  15.535    
  15.902    
  15.641    
  15.208    
  14.460    
  13.667    
  13.177    
  12.865    
  12.702    
  12.600    
  12.553    
  12.532    
  12.517    
  12.508    
-0.91117E-02
-0.30187E-01
-0.13082    
-0.27904    
-0.59224    
-0.86948    
 -1.2620    
 -1.4941    
 -1.6873    
 -1.9185    
 -2.1102    
 -2.2140    
 -2.2759    
 -2.3072    
 -2.3264    
 -2.3350    
 -2.3390    
 -2.3418    
 -2.3435    
  2.2993    
  4.2524    
  8.5623    
  11.809    
  15.535    
  17.304    
  18.312    
  18.199    
  17.707    
  16.621    
  15.279    
  14.372    
  13.769    
  13.446    
  13.241    
  13.148    
  13.104    
  13.074    
  13.055    
-0.97459E-02
-0.33590E-01
-0.15912    
-0.36677    
-0.86948    
 -1.3744    
 -2.1754    
 -2.6946    
 -3.1524    
 -3.7305    
 -4.2356    
 -4.5192    
 -4.6914    
 -4.7793    
 -4.8338    
 -4.8582    
 -4.8696    
 -4.8776    
 -4.8825    
  2.2053    
  4.1088    
  8.3852    
  11.718    
  15.902    
  18.312    
  20.421    
  20.885    
  20.672    
  19.419    
  17.218    
  15.430    
  14.119    
  13.377    
  12.893    
  12.669    
  12.563    
  12.489    
  12.443    
-0.10318E-01
-0.36824E-01
-0.18959    
-0.47232    
 -1.2620    
 -2.1754    
 -3.8446    
 -5.0677    
 -6.2405    
 -7.8546    
 -9.3937    
 -10.314    
 -10.894    
 -11.196    
 -11.385    
 -11.470    
 -11.510    
 -11.538    
 -11.556    
  2.1627    
  4.0353    
  8.2352    
  11.495    
  15.641    
  18.199    
  20.885    
  21.879    
  22.134    
  21.227    
  18.688    
  16.195    
  14.179    
  12.977    
  12.167    
  11.787    
  11.606    
  11.478    
  11.398    
-0.10562E-01
-0.38255E-01
-0.20428    
-0.52747    
 -1.4941    
 -2.6946    
 -5.0677    
 -6.9395    
 -8.8364    
 -11.613    
 -14.447    
 -16.233    
 -17.394    
 -18.011    
 -18.402    
 -18.579    
 -18.662    
 -18.721    
 -18.757    
  2.1322    
  3.9797    
  8.0999    
  11.252    
  15.208    
  17.707    
  20.672    
  22.134    
  22.972    
  22.836    
  20.451    
  17.347    
  14.477    
  12.634    
  11.342    
  10.721    
  10.422    
  10.210    
  10.078    
-0.10732E-01
-0.39269E-01
-0.21517    
-0.57020    
 -1.6873    
 -3.1524    
 -6.2405    
 -8.8364    
 -11.607    
 -15.920    
 -20.655    
 -23.821    
 -25.962    
 -27.125    
 -27.872    
 -28.214    
 -28.375    
 -28.487    
 -28.557    
  2.1003    
  3.9189    
  7.9324    
  10.913    
  14.460    
  16.621    
  19.419    
  21.227    
  22.836    
  24.423    
  23.670    
  20.412    
  16.168    
  12.915    
  10.403    
  9.1285    
  8.5000    
  8.0485    
  7.7646    
-0.10907E-01
-0.40323E-01
-0.22693    
-0.61811    
 -1.9185    
 -3.7305    
 -7.8546    
 -11.613    
 -15.920    
 -23.274    
 -32.365    
 -39.129    
 -44.052    
 -46.858    
 -48.710    
 -49.571    
 -49.979    
 -50.267    
 -50.445    
  2.0769    
  3.8726    
  7.7919    
  10.603    
  13.667    
  15.279    
  17.218    
  18.688    
  20.451    
  23.670    
  26.850    
  26.314    
  21.872    
  16.533    
  11.349    
  8.3699    
  6.8125    
  5.6575    
  4.9160    
-0.11033E-01
-0.41092E-01
-0.23581    
-0.65556    
 -2.1102    
 -4.2356    
 -9.3937    
 -14.447    
 -20.655    
 -32.365    
 -49.090    
 -63.499    
 -75.273    
 -82.550    
 -87.600    
 -90.022    
 -91.187    
 -92.013    
 -92.528    
  2.0652    
  3.8489    
  7.7158    
  10.427    
  13.177    
  14.372    
  15.430    
  16.195    
  17.347    
  20.412    
  26.314    
  30.866    
  30.453    
  25.058    
  16.812    
  10.891    
  7.4625    
  4.7731    
  2.9804    
-0.11095E-01
-0.41477E-01
-0.24035    
-0.67508    
 -2.2140    
 -4.5192    
 -10.314    
 -16.233    
 -23.821    
 -39.129    
 -63.499    
 -87.308    
 -109.13    
 -123.88    
 -134.78    
 -140.21    
 -142.87    
 -144.78    
 -145.98    
  2.0585    
  3.8353    
  7.6707    
  10.320    
  12.865    
  13.769    
  14.119    
  14.179    
  14.477    
  16.168    
  21.872    
  30.453    
  38.297    
  38.715    
  30.351    
  20.399    
  13.299    
  7.0540    
  2.5621    
-0.11130E-01
-0.41696E-01
-0.24296    
-0.68646    
 -2.2759    
 -4.6914    
 -10.894    
 -17.394    
 -25.962    
 -44.052    
 -75.273    
 -109.13    
 -143.72    
 -169.46    
 -189.86    
 -200.53    
 -205.88    
 -209.77    
 -212.24    
  2.0552    
  3.8285    
  7.6479    
  10.265    
  12.702    
  13.446    
  13.377    
  12.977    
  12.634    
  12.915    
  16.533    
  25.058    
  38.715    
  49.343    
  49.524    
  38.942    
  27.567    
  15.294    
  5.2059    
-0.11148E-01
-0.41804E-01
-0.24425    
-0.69215    
 -2.3072    
 -4.7793    
 -11.196    
 -18.011    
 -27.125    
 -46.858    
 -82.550    
 -123.88    
 -169.46    
 -205.90    
 -236.49    
 -253.10    
 -261.61    
 -267.87    
 -271.87    
  2.0532    
  3.8243    
  7.6339    
  10.231    
  12.600    
  13.241    
  12.893    
  12.167    
  11.342    
  10.403    
  11.349    
  16.812    
  30.351    
  49.524    
  69.372    
  71.319    
  60.438    
  39.746    
  16.462    
-0.11158E-01
-0.41870E-01
-0.24504    
-0.69563    
 -2.3264    
 -4.8338    
 -11.385    
 -18.402    
 -27.872    
 -48.710    
 -87.600    
 -134.78    
 -189.86    
 -236.49    
 -277.48    
 -300.46    
 -312.43    
 -321.32    
 -327.03    
  2.0523    
  3.8225    
  7.6276    
  10.216    
  12.553    
  13.148    
  12.669    
  11.787    
  10.721    
  9.1285    
  8.3699    
  10.891    
  20.399    
  38.942    
  71.319    
  95.608    
  99.819    
  81.474    
  41.882    
-0.11163E-01
-0.41899E-01
-0.24540    
-0.69718    
 -2.3350    
 -4.8582    
 -11.470    
 -18.579    
 -28.214    
 -49.571    
 -90.022    
 -140.21    
 -200.53    
 -253.10    
 -300.46    
 -327.46    
 -341.65    
 -352.24    
 -359.06    
  2.0518    
  3.8216    
  7.6247    
  10.209    
  12.532    
  13.104    
  12.563    
  11.606    
  10.422    
  8.5000    
  6.8125    
  7.4625    
  13.299    
  27.567    
  60.438    
  99.819    
  126.15    
  129.02    
  83.497    
-0.11165E-01
-0.41913E-01
-0.24556    
-0.69790    
 -2.3390    
 -4.8696    
 -11.510    
 -18.662    
 -28.375    
 -49.979    
 -91.187    
 -142.87    
 -205.88    
 -261.61    
 -312.43    
 -341.65    
 -357.08    
 -368.61    
 -376.06    
  2.0516    
  3.8210    
  7.6227    
  10.204    
  12.517    
  13.074    
  12.489    
  11.478    
  10.210    
  8.0485    
  5.6575    
  4.7731    
  7.0540    
  15.294    
  39.746    
  81.474    
  129.02    
  180.83    
  171.25    
-0.11167E-01
-0.41922E-01
-0.24567    
-0.69840    
 -2.3418    
 -4.8776    
 -11.538    
 -18.721    
 -28.487    
 -50.267    
 -92.013    
 -144.78    
 -209.77    
 -267.87    
 -321.32    
 -352.24    
 -368.61    
 -380.87    
 -388.80    
  2.0514    
  3.8207    
  7.6214    
  10.201    
  12.508    
  13.055    
  12.443    
  11.398    
  10.078    
  7.7646    
  4.9160    
  2.9804    
  2.5621    
  5.2059    
  16.462    
  41.882    
  83.497    
  171.25    
  301.34    
-0.11168E-01
-0.41928E-01
-0.24574    
-0.69871    
 -2.3435    
 -4.8825    
 -11.556    
 -18.757    
 -28.557    
 -50.445    
 -92.528    
 -145.98    
 -212.24    
 -271.87    
 -327.03    
 -359.06    
 -376.06    
 -388.80    
 -397.05    
-0.19768E-02
-0.36234E-02
-0.63024E-02
-0.77569E-02
-0.91117E-02
-0.97459E-02
-0.10318E-01
-0.10562E-01
-0.10732E-01
-0.10907E-01
-0.11033E-01
-0.11095E-01
-0.11130E-01
-0.11148E-01
-0.11158E-01
-0.11163E-01
-0.11165E-01
-0.11167E-01
-0.11168E-01
 0.12772E-02
 0.22204E-02
 0.29812E-02
 0.29182E-02
 0.25317E-02
 0.22381E-02
 0.19102E-02
 0.17517E-02
 0.16347E-02
 0.15092E-02
 0.14152E-02
 0.13675E-02
 0.13401E-02
 0.13265E-02
 0.13182E-02
 0.13146E-02
 0.13128E-02
 0.13117E-02
 0.13109E-02
-0.36234E-02
-0.79583E-02
-0.17268E-01
-0.23532E-01
-0.30187E-01
-0.33590E-01
-0.36824E-01
-0.38255E-01
-0.39269E-01
-0.40323E-01
-0.41092E-01
-0.41477E-01
-0.41696E-01
-0.41804E-01
-0.41870E-01
-0.41899E-01
-0.41913E-01
-0.41922E-01
-0.41928E-01
 0.22204E-02
 0.53099E-02
 0.10482E-01
 0.12065E-01
 0.11663E-01
 0.10545E-01
 0.88767E-02
 0.79442E-02
 0.72098E-02
 0.63812E-02
 0.57333E-02
 0.53963E-02
 0.52001E-02
 0.51022E-02
 0.50424E-02
 0.50157E-02
 0.50033E-02
 0.49946E-02
 0.49893E-02
-0.63024E-02
-0.17268E-01
-0.52037E-01
-0.85146E-01
-0.13082    
-0.15912    
-0.18959    
-0.20428    
-0.21517    
-0.22693    
-0.23581    
-0.24035    
-0.24296    
-0.24425    
-0.24504    
-0.24540    
-0.24556    
-0.24567    
-0.24574    
 0.29812E-02
 0.10482E-01
 0.37535E-01
 0.59861E-01
 0.77201E-01
 0.77561E-01
 0.67503E-01
 0.58442E-01
 0.49859E-01
 0.38751E-01
 0.29058E-01
 0.23676E-01
 0.20436E-01
 0.18791E-01
 0.17776E-01
 0.17321E-01
 0.17109E-01
 0.16961E-01
 0.16870E-01
-0.77569E-02
-0.23532E-01
-0.85146E-01
-0.15770    
-0.27904    
-0.36677    
-0.47232    
-0.52747    
-0.57020    
-0.61811    
-0.65556    
-0.67508    
-0.68646    
-0.69215    
-0.69563    
-0.69718    
-0.69790    
-0.69840    
-0.69871    
 0.29182E-02
 0.12065E-01
 0.59861E-01
 0.12099    
 0.20568    
 0.23952    
 0.23745    
 0.21426    
 0.18462    
 0.13837    
 0.92100E-01
 0.64310E-01
 0.46908E-01
 0.37885E-01
 0.32255E-01
 0.29717E-01
 0.28531E-01
 0.27703E-01
 0.27193E-01
-0.91117E-02
-0.30187E-01
-0.13082    
-0.27904    
-0.59224    
-0.86948    
 -1.2620    
 -1.4941    
 -1.6873    
 -1.9185    
 -2.1102    
 -2.2140    
 -2.2759    
 -2.3072    
 -2.3264    
 -2.3350    
 -2.3390    
 -2.3418    
 -2.3435    
 0.25317E-02
 0.11663E-01
 0.77201E-01
 0.20568    
 0.52274    
 0.79264    
  1.0589    
  1.1084    
  1.0668    
 0.89760    
 0.64244    
 0.45541    
 0.32652    
 0.25627    
 0.21126    
 0.19069    
 0.18102    
 0.17424    
 0.17005    
-0.97459E-02
-0.33590E-01
-0.15912    
-0.36677    
-0.86948    
 -1.3744    
 -2.1754    
 -2.6946    
 -3.1524    
 -3.7305    
 -4.2356    
 -4.5192    
 -4.6914    
 -4.7793    
 -4.8338    
 -4.8582    
 -4.8696    
 -4.8776    
 -4.8825    
 0.22381E-02
 0.10545E-01
 0.77561E-01
 0.23952    
 0.79264    
  1.4650    
  2.5097    
  3.0117    
  3.2354    
  3.0945    
  2.4589    
  1.8442    
  1.3678    
  1.0923    
 0.91041    
 0.82588    
 0.78583    
 0.75768    
 0.74023    
-0.10318E-01
-0.36824E-01
-0.18959    
-0.47232    
 -1.2620    
 -2.1754    
 -3.8446    
 -5.0677    
 -6.2405    
 -7.8546    
 -9.3937    
 -10.314    
 -10.894    
 -11.196    
 -11.385    
 -11.470    
 -11.510    
 -11.538    
 -11.556    
 0.19102E-02
 0.88767E-02
 0.67503E-01
 0.23745    
  1.0589    
  2.5097    
  6.0541    
  8.9153    
  11.398    
  13.478    
  12.701    
  10.257    
  7.7276    
  6.0593    
  4.8821    
  4.3157    
  4.0430    
  3.8497    
  3.7293    
-0.10562E-01
-0.38255E-01
-0.20428    
-0.52747    
 -1.4941    
 -2.6946    
 -5.0677    
 -6.9395    
 -8.8364    
 -11.613    
 -14.447    
 -16.233    
 -17.394    
 -18.011    
 -18.402    
 -18.579    
 -18.662    
 -18.721    
 -18.757    
 0.17517E-02
 0.79442E-02
 0.58442E-01
 0.21426    
  1.1084    
  3.0117    
  8.9153    
  15.026    
  21.746    
  30.315    
  33.051    
  28.589    
  21.853    
  16.750    
  12.902    
  10.985    
  10.048    
  9.3782    
  8.9587    
-0.10732E-01
-0.39269E-01
-0.21517    
-0.57020    
 -1.6873    
 -3.1524    
 -6.2405    
 -8.8364    
 -11.607    
 -15.920    
 -20.655    
 -23.821    
 -25.962    
 -27.125    
 -27.872    
 -28.214    
 -28.375    
 -28.487    
 -28.557    
 0.16347E-02
 0.72098E-02
 0.49859E-01
 0.18462    
  1.0668    
  3.2354    
  11.398    
  21.746    
  35.552    
  59.091    
  76.702    
  73.056    
  57.875    
  43.707    
  31.992    
  25.875    
  22.823    
  20.617    
  19.225    
-0.10907E-01
-0.40323E-01
-0.22693    
-0.61811    
 -1.9185    
 -3.7305    
 -7.8546    
 -11.613    
 -15.920    
 -23.274    
 -32.365    
 -39.129    
 -44.052    
 -46.858    
 -48.710    
 -49.571    
 -49.979    
 -50.267    
 -50.445    
 0.15092E-02
 0.63812E-02
 0.38751E-01
 0.13837    
 0.89760    
  3.0945    
  13.478    
  30.315    
  59.091    
  130.33    
  234.31    
  277.43    
  248.21    
  191.26    
  131.60    
  96.727    
  78.450    
  64.892    
  56.190    
-0.11033E-01
-0.41092E-01
-0.23581    
-0.65556    
 -2.1102    
 -4.2356    
 -9.3937    
 -14.447    
 -20.655    
 -32.365    
 -49.090    
 -63.499    
 -75.273    
 -82.550    
 -87.600    
 -90.022    
 -91.187    
 -92.013    
 -92.528    
 0.14152E-02
 0.57333E-02
 0.29058E-01
 0.92100E-01
 0.64244    
  2.4589    
  12.701    
  33.051    
  76.702    
  234.31    
  667.22    
  1162.4    
  1395.8    
  1243.2    
  877.35    
  593.81    
  426.97    
  295.45    
  207.63    
-0.11095E-01
-0.41477E-01
-0.24035    
-0.67508    
 -2.2140    
 -4.5192    
 -10.314    
 -16.233    
 -23.821    
 -39.129    
 -63.499    
 -87.308    
 -109.13    
 -123.88    
 -134.78    
 -140.21    
 -142.87    
 -144.78    
 -145.98    
 0.13675E-02
 0.53963E-02
 0.23676E-01
 0.64310E-01
 0.45541    
  1.8442    
  10.257    
  28.589    
  73.056    
  277.43    
  1162.4    
  3049.8    
  5438.1    
  6338.8    
  5326.3    
  3744.7    
  2583.4    
  1560.8    
  828.12    
-0.11130E-01
-0.41696E-01
-0.24296    
-0.68646    
 -2.2759    
 -4.6914    
 -10.894    
 -17.394    
 -25.962    
 -44.052    
 -75.273    
 -109.13    
 -143.72    
 -169.46    
 -189.86    
 -200.53    
 -205.88    
 -209.77    
 -212.24    
 0.13401E-02
 0.52001E-02
 0.20436E-01
 0.46908E-01
 0.32652    
  1.3678    
  7.7276    
  21.853    
  57.875    
  248.21    
  1395.8    
  5438.1    
  15602.    
  27202.    
  32319.    
  27132.    
  20024.    
  12004.    
  5342.4    
-0.11148E-01
-0.41804E-01
-0.24425    
-0.69215    
 -2.3072    
 -4.7793    
 -11.196    
 -18.011    
 -27.125    
 -46.858    
 -82.550    
 -123.88    
 -169.46    
 -205.90    
 -236.49    
 -253.10    
 -261.61    
 -267.87    
 -271.87    
 0.13265E-02
 0.51022E-02
 0.18791E-01
 0.37885E-01
 0.25627    
  1.0923    
  6.0593    
  16.750    
  43.707    
  191.26    
  1243.2    
  6338.8    
  27202.    
  72125.    
 0.13355E+06
 0.14922E+06
 0.12889E+06
  86136.    
  38969.    
-0.11158E-01
-0.41870E-01
-0.24504    
-0.69563    
 -2.3264    
 -4.8338    
 -11.385    
 -18.402    
 -27.872    
 -48.710    
 -87.600    
 -134.78    
 -189.86    
 -236.49    
 -277.48    
 -300.46    
 -312.43    
 -321.32    
 -327.03    
 0.13182E-02
 0.50424E-02
 0.17776E-01
 0.32255E-01
 0.21126    
 0.91041    
  4.8821    
  12.902    
  31.992    
  131.60    
  877.35    
  5326.3    
  32319.    
 0.13355E+06
 0.44361E+06
 0.78933E+06
 0.92333E+06
 0.79969E+06
 0.43065E+06
-0.11163E-01
-0.41899E-01
-0.24540    
-0.69718    
 -2.3350    
 -4.8582    
 -11.470    
 -18.579    
 -28.214    
 -49.571    
 -90.022    
 -140.21    
 -200.53    
 -253.10    
 -300.46    
 -327.46    
 -341.65    
 -352.24    
 -359.06    
 0.13146E-02
 0.50157E-02
 0.17321E-01
 0.29717E-01
 0.19069    
 0.82588    
  4.3157    
  10.985    
  25.875    
  96.727    
  593.81    
  3744.7    
  27132.    
 0.14922E+06
 0.78933E+06
 0.22309E+07
 0.37456E+07
 0.46530E+07
 0.33599E+07
-0.11165E-01
-0.41913E-01
-0.24556    
-0.69790    
 -2.3390    
 -4.8696    
 -11.510    
 -18.662    
 -28.375    
 -49.979    
 -91.187    
 -142.87    
 -205.88    
 -261.61    
 -312.43    
 -341.65    
 -357.08    
 -368.61    
 -376.06    
 0.13128E-02
 0.50033E-02
 0.17109E-01
 0.28531E-01
 0.18102    
 0.78583    
  4.0430    
  10.048    
  22.823    
  78.450    
  426.97    
  2583.4    
  20024.    
 0.12889E+06
 0.92333E+06
 0.37456E+07
 0.87849E+07
 0.16155E+08
 0.16979E+08
-0.11167E-01
-0.41922E-01
-0.24567    
-0.69840    
 -2.3418    
 -4.8776    
 -11.538    
 -18.721    
 -28.487    
 -50.267    
 -92.013    
 -144.78    
 -209.77    
 -267.87    
 -321.32    
 -352.24    
 -368.61    
 -380.87    
 -388.80    
 0.13117E-02
 0.49946E-02
 0.16961E-01
 0.27703E-01
 0.17424    
 0.75768    
  3.8497    
  9.3782    
  20.617    
  64.892    
  295.45    
  1560.8    
  12004.    
  86136.    
 0.79969E+06
 0.46530E+07
 0.16155E+08
 0.51710E+08
 0.10528E+09
-0.11168E-01
-0.41928E-01
-0.24574    
-0.69871    
 -2.3435    
 -4.8825    
 -11.556    
 -18.757    
 -28.557    
 -50.445    
 -92.528    
 -145.98    
 -212.24    
 -271.87    
 -327.03    
 -359.06    
 -376.06    
 -388.80    
 -397.05    
 0.13109E-02
 0.49893E-02
 0.16870E-01
 0.27193E-01
 0.17005    
 0.74023    
  3.7293    
  8.9587    
  19.225    
  56.190    
  207.63    
  828.12    
  5342.4    
  38969.    
 0.43065E+06
 0.33599E+07
 0.16979E+08
 0.10528E+09
 0.64156E+09
