                  16
     0.11749820E-005
     0.22541345E-005
     0.34972291E-005
     0.46012561E-005
     0.54108014E-005
     0.59339689E-005
     0.62469853E-005
     0.64260798E-005
     0.65260252E-005
     0.65810086E-005
     0.66110438E-005
     0.66273661E-005
     0.66362282E-005
     0.66410388E-005
     0.66436287E-005
     0.66450404E-005
     0.22541345E-005
     0.54537713E-005
     0.10462773E-004
     0.16232676E-004
     0.21357049E-004
     0.25114677E-004
     0.27542977E-004
     0.28995828E-004
     0.29827245E-004
     0.30291038E-004
     0.30546325E-004
     0.30685635E-004
     0.30761442E-004
     0.30802643E-004
     0.30824839E-004
     0.30836942E-004
     0.34972291E-005
     0.10462773E-004
     0.25314318E-004
     0.48564102E-004
     0.75345474E-004
     0.99131241E-004
     0.11657259E-003
     0.12784354E-003
     0.13458825E-003
     0.13844646E-003
     0.14059987E-003
     0.14178395E-003
     0.14243097E-003
     0.14278341E-003
     0.14297351E-003
     0.14307724E-003
     0.46012561E-005
     0.16232676E-004
     0.48564102E-004
     0.11749879E-003
     0.22541341E-003
     0.34972349E-003
     0.46012644E-003
     0.54107974E-003
     0.59340368E-003
     0.62470250E-003
     0.64261621E-003
     0.65260423E-003
     0.65810360E-003
     0.66111171E-003
     0.66273784E-003
     0.66362623E-003
     0.54108014E-005
     0.21357049E-004
     0.75345474E-004
     0.22541341E-003
     0.54537180E-003
     0.10462670E-002
     0.16232486E-002
     0.21356669E-002
     0.25114748E-002
     0.27542791E-002
     0.28995967E-002
     0.29826827E-002
     0.30290697E-002
     0.30546370E-002
     0.30685156E-002
     0.30761148E-002
     0.59339689E-005
     0.25114677E-004
     0.99131241E-004
     0.34972349E-003
     0.10462670E-002
     0.25314067E-002
     0.48563473E-002
     0.75343731E-002
     0.99132422E-002
     0.11657206E-001
     0.12784564E-001
     0.13458587E-001
     0.13844471E-001
     0.14060138E-001
     0.14178102E-001
     0.14242961E-001
     0.62469853E-005
     0.27542977E-004
     0.11657259E-003
     0.46012644E-003
     0.16232486E-002
     0.48563473E-002
     0.11749661E-001
     0.22540530E-001
     0.34973033E-001
     0.46012276E-001
     0.54109549E-001
     0.59338456E-001
     0.62468792E-001
     0.64262881E-001
     0.65257923E-001
     0.65809189E-001
     0.64260798E-005
     0.28995828E-004
     0.12784354E-003
     0.54107974E-003
     0.21356669E-002
     0.75343731E-002
     0.22540530E-001
     0.54533458E-001
     0.10462757     
     0.16231844     
     0.21357119     
     0.25112520     
     0.27540734     
     0.28996045     
     0.29823729     
     0.30288683     
     0.65260252E-005
     0.29827245E-004
     0.13458825E-003
     0.59340368E-003
     0.25114748E-002
     0.99132422E-002
     0.34973033E-001
     0.10462757     
     0.25317855     
     0.48569186     
     0.75362431     
     0.99140788     
      1.1658616     
      1.2787996     
      1.3459652     
      1.3846546     
     0.65810086E-005
     0.30291038E-004
     0.13844646E-003
     0.62470250E-003
     0.27542791E-002
     0.11657206E-001
     0.46012276E-001
     0.16231844     
     0.48569186     
      1.1750349     
      2.2546014     
      3.4972024     
      4.6013254     
      5.4124548     
      5.9334601     
      6.2472618     
     0.66110438E-005
     0.30546325E-004
     0.14059987E-003
     0.64261621E-003
     0.28995967E-002
     0.12784564E-001
     0.54109549E-001
     0.21357119     
     0.75362431     
      2.2546014     
      5.4565351     
      10.465524     
      16.238398     
      21.376166     
      25.120636     
      27.556332     
     0.66273661E-005
     0.30685635E-004
     0.14178395E-003
     0.65260423E-003
     0.29826827E-002
     0.13458587E-001
     0.59338456E-001
     0.25112520     
     0.99140788     
      3.4972024     
      10.465524     
      25.309574     
      48.555228     
      75.391618     
      99.075853     
      116.55259     
     0.66362282E-005
     0.30761442E-004
     0.14243097E-003
     0.65810360E-003
     0.30290697E-002
     0.13844471E-001
     0.62468792E-001
     0.27540734     
      1.1658616     
      4.6013254     
      16.238398     
      48.555228     
      117.47834     
      225.65270     
      349.44658     
      460.05817     
     0.66410388E-005
     0.30802643E-004
     0.14278341E-003
     0.66111171E-003
     0.30546370E-002
     0.14060138E-001
     0.64262881E-001
     0.28996045     
      1.2787996     
      5.4124548     
      21.376166     
      75.391618     
      225.65270     
      547.19895     
      1047.4706     
      1627.4577     
     0.66436287E-005
     0.30824839E-004
     0.14297351E-003
     0.66273784E-003
     0.30685156E-002
     0.14178102E-001
     0.65257923E-001
     0.29823729     
      1.3459652     
      5.9334601     
      25.120636     
      99.075853     
      349.44658     
      1047.4706     
      2524.0728     
      4847.2346     
     0.66450404E-005
     0.30836942E-004
     0.14307724E-003
     0.66362623E-003
     0.30761148E-002
     0.14242961E-001
     0.65809189E-001
     0.30288683     
      1.3846546     
      6.2472618     
      27.556332     
      116.55259     
      460.05817     
      1627.4577     
      4847.2346     
      11749.820     
     0.10560213E-001
     0.14466123E-001
     0.14600673E-001
     0.11596484E-001
     0.77871451E-002
     0.46669060E-002
     0.25661306E-002
     0.12878353E-002
     0.55073873E-003
     0.13805794E-003
    -0.89513551E-004
    -0.21381768E-003
    -0.28149377E-003
    -0.31828582E-003
    -0.33810883E-003
    -0.34891909E-003
     0.14466123E-001
     0.29545189E-001
     0.43738504E-001
     0.49187272E-001
     0.46071281E-001
     0.39663422E-001
     0.33827262E-001
     0.29732508E-001
     0.27192296E-001
     0.25714055E-001
     0.24881850E-001
     0.24422197E-001
     0.24170437E-001
     0.24033122E-001
     0.23959010E-001
     0.23918555E-001
     0.14600673E-001
     0.43738504E-001
     0.94483346E-001
     0.14801558     
     0.17938092     
     0.18528558     
     0.17832602     
     0.16921202     
     0.16212091     
     0.15753112     
     0.15480364     
     0.15325380     
     0.15239199     
     0.15191811     
     0.15166123     
     0.15152067     
     0.11596484E-001
     0.49187272E-001
     0.14801558     
     0.31649266     
     0.49528242     
     0.60918872     
     0.64663136     
     0.64216381     
     0.62640770     
     0.61245776     
     0.60300492     
     0.59727959     
     0.59398981     
     0.59214930     
     0.59114231     
     0.59058860     
     0.77871451E-002
     0.46071281E-001
     0.17938092     
     0.49528242     
     0.98983129     
      1.4798500     
      1.7706023     
      1.8506401     
      1.8228324     
      1.7705723     
      1.7273318     
      1.6987475     
      1.6815947     
      1.6717793     
      1.6663445     
      1.6633370     
     0.46669060E-002
     0.39663422E-001
     0.18528558     
     0.60918872     
      1.4798500     
      2.6951802     
      3.7709550     
      4.2893945     
      4.3005196     
      4.0944729     
      3.8769590     
      3.7176294     
      3.6169643     
      3.5577770     
      3.5245272     
      3.5059836     
     0.25661306E-002
     0.33827262E-001
     0.17832602     
     0.64663136     
      1.7706023     
      3.7709550     
      6.2785300     
      8.2205887     
      8.7973987     
      8.2777499     
      7.4017996     
      6.6405744     
      6.1166234     
      5.7942201     
      5.6086179     
      5.5037318     
     0.12878353E-002
     0.29732508E-001
     0.16921202     
     0.64216381     
      1.8506401     
      4.2893945     
      8.2205887     
      12.869696     
      16.053679     
      16.162102     
      13.959772     
      11.217856     
      8.9923068     
      7.4989718     
      6.5982782     
      6.0762989     
     0.55073873E-003
     0.27192296E-001
     0.16212091     
     0.62640770     
      1.8228324     
      4.3005196     
      8.7973987     
      16.053679     
      24.927781     
      30.721911     
      29.604568     
      23.304579     
      16.005959     
      10.191204     
      6.3505613     
      4.0130487     
     0.13805794E-003
     0.25714055E-001
     0.15753112     
     0.61245776     
      1.7705723     
      4.0944729     
      8.2777499     
      16.162102     
      30.721911     
      50.420098     
      63.859804     
      60.913530     
      45.308845     
      27.198864     
      12.873995     
      3.2867802     
    -0.89513551E-004
     0.24881850E-001
     0.15480364     
     0.60300492     
      1.7273318     
      3.8769590     
      7.4017996     
      13.959772     
      29.604568     
      63.859804     
      113.72838     
      149.62659     
      144.76710     
      107.52167     
      63.684871     
      28.319743     
    -0.21381768E-003
     0.24422197E-001
     0.15325380     
     0.59727959     
      1.6987475     
      3.7176294     
      6.6405744     
      11.217856     
      23.304579     
      60.913530     
      149.62659     
      280.79615     
      377.98072     
      371.61707     
      282.93601     
      174.94170     
    -0.28149377E-003
     0.24170437E-001
     0.15239199     
     0.59398981     
      1.6815947     
      3.6169643     
      6.1166234     
      8.9923068     
      16.005959     
      45.308845     
      144.76710     
      377.98072     
      720.75302     
      977.44242     
      971.10790     
      753.52874     
    -0.31828582E-003
     0.24033122E-001
     0.15191811     
     0.59214930     
      1.6717793     
      3.5577770     
      5.7942201     
      7.4989718     
      10.191204     
      27.198864     
      107.52167     
      371.61707     
      977.44242     
      1861.8110     
      2522.0289     
      2520.0073     
    -0.33810883E-003
     0.23959010E-001
     0.15166123     
     0.59114231     
      1.6663445     
      3.5245272     
      5.6086179     
      6.5982782     
      6.3505613     
      12.873995     
      63.684871     
      282.93601     
      971.10790     
      2522.0289     
      4745.7087     
      6420.5358     
    -0.34891909E-003
     0.23918555E-001
     0.15152067     
     0.59058860     
      1.6633370     
      3.5059836     
      5.5037318     
      6.0762989     
      4.0130487     
      3.2867802     
      28.319743     
      174.94170     
      753.52874     
      2520.0073     
      6420.5358     
      12068.552     
