                   4
     0.37156192E-003
     0.12905427E-002
     0.18764678E-002
     0.20502308E-002
     0.12905427E-002
     0.17247071E-001
     0.59900891E-001
     0.87102125E-001
     0.18764678E-002
     0.59900891E-001
     0.80032865     
      2.7798636     
     0.20502308E-002
     0.87102125E-001
      2.7798636     
      37.156192     
     0.36679847     
     0.43627506     
     0.11152274     
    -0.26395788E-001
     0.43627506     
      3.2093305     
      3.2487567     
    -0.11373502     
     0.11152274     
      3.2487567     
      33.792229     
      40.564652     
    -0.26395788E-001
    -0.11373502     
      40.564652     
      373.87241     
