                   8
     0.37156192E-003
     0.12905427E-002
     0.18764678E-002
     0.20502308E-002
      0.0000000     
      0.0000000     
      0.0000000     
      0.0000000     
     0.12905427E-002
     0.17247071E-001
     0.59900891E-001
     0.87102125E-001
      0.0000000     
      0.0000000     
      0.0000000     
      0.0000000     
     0.18764678E-002
     0.59900891E-001
     0.80032865     
      2.7798636     
      0.0000000     
      0.0000000     
      0.0000000     
      0.0000000     
     0.20502308E-002
     0.87102125E-001
      2.7798636     
      37.156192     
      0.0000000     
      0.0000000     
      0.0000000     
      0.0000000     
      0.0000000     
      0.0000000     
      0.0000000     
      0.0000000     
     0.81279170E-005
     0.76438715E-004
     0.14994676E-003
     0.17586040E-003
      0.0000000     
      0.0000000     
      0.0000000     
      0.0000000     
     0.76438715E-004
     0.81285060E-002
     0.76436889E-001
     0.14995980     
      0.0000000     
      0.0000000     
      0.0000000     
      0.0000000     
     0.14994676E-003
     0.76436889E-001
      8.1246778     
      76.412670     
      0.0000000     
      0.0000000     
      0.0000000     
      0.0000000     
     0.17586040E-003
     0.14995980     
      76.412670     
      8127.9170     
     0.36679847     
     0.43627506     
     0.11152274     
    -0.26395788E-001
     0.11048131E-001
     0.47998921E-001
     0.71680265E-001
     0.78598008E-001
     0.43627506     
      3.2093305     
      3.2487567     
    -0.11373502     
     0.47998921E-001
     0.54801872     
      1.4706512     
      1.9694004     
     0.11152274     
      3.2487567     
      33.792229     
      40.564652     
     0.71680265E-001
      1.4706512     
      11.082067     
      27.807336     
    -0.26395788E-001
    -0.11373502     
      40.564652     
      373.87241     
     0.78598008E-001
      1.9694004     
      27.807336     
      142.34647     
     0.11048131E-001
     0.47998921E-001
     0.71680265E-001
     0.78598008E-001
     0.40893332E-001
     0.18638480     
     0.23798786     
     0.24280330     
     0.47998921E-001
     0.54801872     
      1.4706512     
      1.9694004     
     0.18638480     
      5.0705391     
      14.657781     
      9.6717181     
     0.71680265E-001
      1.4706512     
      11.082067     
      27.807336     
     0.23798786     
      14.657781     
      702.27635     
      2317.6366     
     0.78598008E-001
      1.9694004     
      27.807336     
      142.34647     
     0.24280330     
      9.6717181     
      2317.6366     
      151297.23     
