                  13
     0.11749820E-005
     0.21785454E-005
     0.33440932E-005
     0.44147031E-005
     0.52375053E-005
     0.57970338E-005
     0.61489881E-005
     0.63601625E-005
     0.64833991E-005
     0.65541775E-005
     0.65944490E-005
     0.66172489E-005
     0.66301140E-005
     0.21785454E-005
     0.49548651E-005
     0.91868474E-005
     0.14101943E-004
     0.18616674E-004
     0.22086418E-004
     0.24445892E-004
     0.25930095E-004
     0.26820634E-004
     0.27340356E-004
     0.27638783E-004
     0.27808616E-004
     0.27904728E-004
     0.33440932E-005
     0.91868474E-005
     0.20894424E-004
     0.38740547E-004
     0.59467265E-004
     0.78505713E-004
     0.93137173E-004
     0.10308709E-003
     0.10934605E-003
     0.11310167E-003
     0.11529299E-003
     0.11655151E-003
     0.11726743E-003
     0.44147031E-005
     0.14101943E-004
     0.38740547E-004
     0.88111145E-004
     0.16336769E-003
     0.25077192E-003
     0.33105496E-003
     0.39275616E-003
     0.43471573E-003
     0.46111153E-003
     0.47694658E-003
     0.48618784E-003
     0.49149306E-003
     0.52375053E-005
     0.18616674E-004
     0.59467265E-004
     0.16336769E-003
     0.37156192E-003
     0.68891765E-003
     0.10574911E-002
     0.13960458E-002
     0.16562446E-002
     0.18332004E-002
     0.19444949E-002
     0.20112748E-002
     0.20502308E-002
     0.57970338E-005
     0.22086418E-004
     0.78505713E-004
     0.25077192E-003
     0.68891765E-003
     0.15668729E-002
     0.29051280E-002
     0.44594109E-002
     0.58871314E-002
     0.69844797E-002
     0.77305999E-002
     0.81999574E-002
     0.84814664E-002
     0.61489881E-005
     0.24445892E-004
     0.93137173E-004
     0.33105496E-003
     0.10574911E-002
     0.29051280E-002
     0.66072925E-002
     0.12250589E-001
     0.18804974E-001
     0.24826020E-001
     0.29452772E-001
     0.32599243E-001
     0.34577728E-001
     0.63601625E-005
     0.25930095E-004
     0.10308709E-003
     0.39275616E-003
     0.13960458E-002
     0.44594109E-002
     0.12250589E-001
     0.27862407E-001
     0.51660469E-001
     0.79302740E-001
     0.10469002     
     0.12420199     
     0.13746553     
     0.64833991E-005
     0.26820634E-004
     0.10934605E-003
     0.43471573E-003
     0.16562446E-002
     0.58871314E-002
     0.18804974E-001
     0.51660469E-001
     0.11749820     
     0.21786883     
     0.33442711     
     0.44149655     
     0.52375053     
     0.65541775E-005
     0.27340356E-004
     0.11310167E-003
     0.46111153E-003
     0.18332004E-002
     0.69844797E-002
     0.24826020E-001
     0.79302740E-001
     0.21786883     
     0.49557683     
     0.91886514     
      1.4105230     
      1.8619555     
     0.65944490E-005
     0.27638783E-004
     0.11529299E-003
     0.47694658E-003
     0.19444949E-002
     0.77305999E-002
     0.29452772E-001
     0.10469002     
     0.33442711     
     0.91886514     
      2.0899050     
      3.8751527     
      5.9477267     
     0.66172489E-005
     0.27808616E-004
     0.11655151E-003
     0.48618784E-003
     0.20112748E-002
     0.81999574E-002
     0.32599243E-001
     0.12420199     
     0.44149655     
      1.4105230     
      3.8751527     
      8.8145838     
      16.340886     
     0.66301140E-005
     0.27904728E-004
     0.11726743E-003
     0.49149306E-003
     0.20502308E-002
     0.84814664E-002
     0.34577728E-001
     0.13746553     
     0.52375053     
      1.8619555     
      5.9477267     
      16.340886     
      37.156192     
     0.87086238E-002
     0.10933919E-001
     0.96620320E-002
     0.55648050E-002
     0.77681730E-003
    -0.32175816E-002
    -0.60186734E-002
    -0.78025801E-002
    -0.88786770E-002
    -0.95082523E-002
    -0.98702017E-002
    -0.10076317E-001
    -0.10193002E-001
     0.10933919E-001
     0.20068971E-001
     0.26396407E-001
     0.24814966E-001
     0.16443196E-001
     0.61043494E-002
    -0.26917792E-002
    -0.89159749E-002
    -0.12898044E-001
    -0.15306053E-001
    -0.16716422E-001
    -0.17528015E-001
    -0.17990179E-001
     0.96620320E-002
     0.26396407E-001
     0.51507003E-001
     0.71325288E-001
     0.72180275E-001
     0.55797082E-001
     0.33552994E-001
     0.14075061E-001
     0.12290162E-003
    -0.88568414E-002
    -0.14302583E-001
    -0.17498093E-001
    -0.19337845E-001
     0.55648050E-002
     0.24814966E-001
     0.71325288E-001
     0.14047310     
     0.19582550     
     0.20266656     
     0.16567496     
     0.11329474     
     0.66971941E-001
     0.33670811E-001
     0.12209459E-001
    -0.81806328E-003
    -0.84622203E-002
     0.77681730E-003
     0.16443196E-001
     0.72180275E-001
     0.19582550     
     0.36679847     
     0.49310591     
     0.49653306     
     0.39515958     
     0.26020533     
     0.14309525     
     0.59624414E-001
     0.60436904E-002
    -0.26395788E-001
    -0.32175816E-002
     0.61043494E-002
     0.55797082E-001
     0.20266656     
     0.49310591     
     0.86504908     
      1.1126050     
      1.0719405     
     0.79627875     
     0.45397626     
     0.16314966     
    -0.42360363E-001
    -0.17366275     
    -0.60186734E-002
    -0.26917792E-002
     0.33552994E-001
     0.16567496     
     0.49653306     
      1.1126050     
      1.8955249     
      2.4069671     
      2.2745100     
      1.6112446     
     0.80100373     
     0.11513909     
    -0.36868156     
    -0.78025801E-002
    -0.89159749E-002
     0.14075061E-001
     0.11329474     
     0.39515958     
      1.0719405     
      2.4069671     
      4.2183455     
      5.4863349     
      5.2754526     
      3.8030684     
      1.9573096     
     0.38171064     
    -0.88786770E-002
    -0.12898044E-001
     0.12290162E-003
     0.66971941E-001
     0.26020533     
     0.79627875     
      2.2745100     
      5.4863349     
      10.035711     
      13.397684     
      13.234916     
      10.003474     
      5.8052346     
    -0.95082523E-002
    -0.15306053E-001
    -0.88568414E-002
     0.33670811E-001
     0.14309525     
     0.45397626     
      1.6112446     
      5.2754526     
      13.397684     
      24.904773     
      33.613324     
      33.844477     
      26.632301     
    -0.98702017E-002
    -0.16716422E-001
    -0.14302583E-001
     0.12209459E-001
     0.59624414E-001
     0.16314966     
     0.80100373     
      3.8030684     
      13.234916     
      33.613324     
      62.160923     
      83.983419     
      85.454376     
    -0.10076317E-001
    -0.17528015E-001
    -0.17498093E-001
    -0.81806328E-003
     0.60436904E-002
    -0.42360363E-001
     0.11513909     
      1.9573096     
      10.003474     
      33.844477     
      83.983419     
      153.53271     
      206.83317     
    -0.10193002E-001
    -0.17990179E-001
    -0.19337845E-001
    -0.84622203E-002
    -0.26395788E-001
    -0.17366275     
    -0.36868156     
     0.38171064     
      5.8052346     
      26.632301     
      85.454376     
      206.83317     
      373.87241     
