1 ; 6.661092546008784e-7
2 ; 7.49546857060137e-7
3 ; 7.91966802474653e-7
4 ; 7.803335069543546e-7
5 ; 7.249255908193121e-7
6 ; 6.503519178354903e-7
7 ; 5.777355544339767e-7
8 ; 5.162398222841324e-7
9 ; 4.6454093935751595e-7
10 ; 4.164686626826194e-7
11 ; 3.674902662128307e-7
12 ; 3.18052364478488e-7
13 ; 2.715999631363021e-7
14 ; 2.3104788363907706e-7
15 ; 1.9745534936054385e-7
16 ; 1.7052436476757045e-7
17 ; 1.4939740394903284e-7
18 ; 1.3313559117652395e-7
19 ; 1.2087705710148701e-7
20 ; 1.1178732785440169e-7
21 ; 1.0489250146013671e-7
22 ; 9.895248537987261e-8
23 ; 9.266877086930071e-8
24 ; 8.530499801747015e-8
25 ; 7.708532547214078e-8
26 ; 6.880179962761906e-8
27 ; 6.11481746081822e-8
28 ; 5.444795771416399e-8
29 ; 4.873551928370502e-8
30 ; 4.390831065285652e-8
31 ; 3.982630189961058e-8
32 ; 3.635658550061907e-8
33 ; 3.338757830062131e-8
34 ; 3.083035968824273e-8
35 ; 2.861576717491992e-8
36 ; 2.6690764566593906e-8
37 ; 2.5015291005888304e-8
38 ; 2.3559884260717684e-8
39 ; 2.2304039645053737e-8
40 ; 2.1235124270720135e-8
41 ; 2.0347498448197574e-8
42 ; 1.9641101712323775e-8
43 ; 1.9117872783528282e-8
44 ; 1.8772820594246596e-8
45 ; 1.857543625147476e-8
46 ; 1.844208334427239e-8
47 ; 1.8221763408120813e-8
48 ; 1.7744371111743666e-8
49 ; 1.6935168555839524e-8
50 ; 1.5876456274079363e-8
51 ; 1.4731449471783186e-8
52 ; 1.3633379794923876e-8
53 ; 1.2646805177602341e-8
54 ; 1.1785480736360422e-8
55 ; 1.1039069947738987e-8
56 ; 1.0389936170052394e-8
57 ; 9.820628291310026e-9
58 ; 9.316333711463925e-9
59 ; 8.865209599803759e-9
60 ; 8.45799887609182e-9
61 ; 8.087500275419123e-9
62 ; 7.748087437871593e-9
63 ; 7.435324369141701e-9
64 ; 7.145673474137657e-9
65 ; 6.876278637187352e-9
66 ; 6.624805205635201e-9
67 ; 6.389321881499071e-9
68 ; 6.168213126930248e-9
69 ; 5.960113744757905e-9
70 ; 5.763859635104191e-9
71 ; 5.578450442518958e-9
72 ; 5.403021038969353e-9
73 ; 5.236819667627578e-9
74 ; 5.079191204013648e-9
75 ; 4.929564451374571e-9
76 ; 4.7874427322553445e-9
77 ; 4.652397309417213e-9
78 ; 4.524063398438251e-9
79 ; 4.402138747798703e-9
80 ; 4.2863849836494655e-9
81 ; 4.1766321681428015e-9
82 ; 4.072787321412828e-9
83 ; 3.974848014821568e-9
84 ; 3.882922520917354e-9
85 ; 3.797258244544994e-9
86 ; 3.7182797665859834e-9
87 ; 3.6466354640680496e-9
88 ; 3.5832439241082845e-9
89 ; 3.5293102343743297e-9
90 ; 3.4862310254133647e-9
91 ; 3.4552001232984806e-9
92 ; 3.4361628071337987e-9
93 ; 3.4257338944433538e-9
94 ; 3.414528624344167e-9
95 ; 3.386965185200372e-9
96 ; 3.3282293120822066e-9
97 ; 3.2355840807791612e-9
98 ; 3.1207527726717497e-9
99 ; 3.000032017929243e-9
100 ; 2.8848920792229926e-9