  0  2  2  1 -0
  1  1  1  1  1  1  1  1  1  1  1  1  1  1  1  1  1  1  1  1
  4
  9  3
  3  6  1  2            No1: s12=1, t12=0, S=1/2, T=1/2, l12=even
  1  1  1
  1  3  2
  1  4  1
  2  3  1
  3  1  2
  3  2  1
  4  1  1
  1  3
 -1 12
 -1 12
 -1  3
  1 12
  1 12
  3  6  1  2            No1: s12=1, t12=0, S=1/2, T=1/2, l12=even
  1  1  1
  1  3  2
  1  4  1
  2  3  1
  3  1  2
  3  2  1
  4  1  1
  1  3
 -1 12
 -1 12
 -1  3
  1 12
  1 12
  3  6  1  2            No1: s12=1, t12=0, S=1/2, T=1/2, l12=even
  1  1  1
  1  3  2
  1  4  1
  2  3  1
  3  1  2
  3  2  1
  4  1  1
  1  3
 -1 12
 -1 12
 -1  3
  1 12
  1 12
  3  2  1  2            No2: s12=1, t12=0, S=3/2, T=1/2, l12=even
  1  1  1
  1  3  1
  3  1  1
  1  2
 -1  2
  3  2  1  2            No2: s12=1, t12=0, S=3/2, T=1/2, l12=even
  1  1  1
  1  3  1
  3  1  1
  1  2
 -1  2
  3  2  1  2            No2: s12=1, t12=0, S=3/2, T=1/2, l12=even
  1  1  1
  1  3  1
  3  1  1
  1  2
 -1  2
  3  6  1  2            No6: s12=0, t12=1, S=1/2, T=1/2, l12=even
  1  1  1
  4  1  1
  2  3  1
  2  1  3
  3  2  1
  1  4  1
  1  2  3
  1 12
  1 12
 -1  3
 -1 12
 -1 12
  1  3
  3  6  1  2            No6: s12=0, t12=1, S=1/2, T=1/2, l12=even
  1  1  1
  4  1  1
  2  3  1
  2  1  3
  3  2  1
  1  4  1
  1  2  3
  1 12
  1 12
 -1  3
 -1 12
 -1 12
  1  3
  3  6  1  2            No6: s12=0, t12=1, S=1/2, T=1/2, l12=even
  1  1  1
  4  1  1
  2  3  1
  2  1  3
  3  2  1
  1  4  1
  1  2  3
  1 12
  1 12
 -1  3
 -1 12
 -1 12
  1  3
