 10  8  9  3 00  0  0  0  0
/home/kirscher/kette_repo/sim_par/potentials/NNN_pheno/urbana9_AK_neu
  9                                                            Z1  BVs 1 - 9
  9 25
                                    1.100000    
                                    1.054188    
                                    1.008375    
                                    0.962563    
                                    0.916750    
                                    0.870938    
                                    0.825125    
                                    0.779313    
                                    0.733500    
    1.100000    1.054171    1.008342    0.962513    0.916683    0.870854
    0.825025    0.779196    0.733367    0.687538    0.641708    0.595879
    0.550050    0.504221    0.458392    0.412563    0.366733    0.320904
    0.275075    0.229246    0.183417    0.137588    0.091758    0.045929
    0.000100
  1  1
          1.

  1  1
                      1.

  1  1
                                  1.

  1  1
                                              1.

  1  1
                                                          1.

  1  1
                                                                      1.

  1  1

          1.
  1  1

                      1.
  1  1

                                  1.
  8                                                            Z2  BVs 10 - 17
  8 25
                                    0.687688    
                                    0.641875    
                                    0.596063    
                                    0.550250    
                                    0.504437    
                                    0.458625    
                                    0.412813    
                                    0.367000    
    1.100000    1.054171    1.008342    0.962513    0.916683    0.870854
    0.825025    0.779196    0.733367    0.687538    0.641708    0.595879
    0.550050    0.504221    0.458392    0.412563    0.366733    0.320904
    0.275075    0.229246    0.183417    0.137588    0.091758    0.045929
    0.000100
  1  1
          1.

  1  1
                      1.

  1  1
                                  1.

  1  1
                                              1.

  1  1
                                                          1.

  1  1
                                                                      1.

  1  1

          1.
  1  1

                      1.
  8                                                            Z3  BVs 18 - 25
  8 25
                                    0.321188    
                                    0.275375    
                                    0.229563    
                                    0.183750    
                                    0.137938    
                                    0.092125    
                                    0.046313    
                                    0.000500    
    1.100000    1.054171    1.008342    0.962513    0.916683    0.870854
    0.825025    0.779196    0.733367    0.687538    0.641708    0.595879
    0.550050    0.504221    0.458392    0.412563    0.366733    0.320904
    0.275075    0.229246    0.183417    0.137588    0.091758    0.045929
    0.000100
  1  1
          1.

  1  1
                      1.

  1  1
                                  1.

  1  1
                                              1.

  1  1
                                                          1.

  1  1
                                                                      1.

  1  1

          1.
  1  1

                      1.
  9                                                            Z4  BVs 26 - 34
  9 25
                                    1.100000    
                                    1.054188    
                                    1.008375    
                                    0.962563    
                                    0.916750    
                                    0.870938    
                                    0.825125    
                                    0.779313    
                                    0.733500    
    1.100000    1.054171    1.008342    0.962513    0.916683    0.870854
    0.825025    0.779196    0.733367    0.687538    0.641708    0.595879
    0.550050    0.504221    0.458392    0.412563    0.366733    0.320904
    0.275075    0.229246    0.183417    0.137588    0.091758    0.045929
    0.000100
  1  1
          1.

  1  1
                      1.

  1  1
                                  1.

  1  1
                                              1.

  1  1
                                                          1.

  1  1
                                                                      1.

  1  1

          1.
  1  1

                      1.
  1  1

                                  1.
  8                                                            Z5  BVs 35 - 42
  8 25
                                    0.687688    
                                    0.641875    
                                    0.596063    
                                    0.550250    
                                    0.504437    
                                    0.458625    
                                    0.412813    
                                    0.367000    
    1.100000    1.054171    1.008342    0.962513    0.916683    0.870854
    0.825025    0.779196    0.733367    0.687538    0.641708    0.595879
    0.550050    0.504221    0.458392    0.412563    0.366733    0.320904
    0.275075    0.229246    0.183417    0.137588    0.091758    0.045929
    0.000100
  1  1
          1.

  1  1
                      1.

  1  1
                                  1.

  1  1
                                              1.

  1  1
                                                          1.

  1  1
                                                                      1.

  1  1

          1.
  1  1

                      1.
  8                                                            Z6  BVs 43 - 50
  8 25
                                    0.321188    
                                    0.275375    
                                    0.229563    
                                    0.183750    
                                    0.137938    
                                    0.092125    
                                    0.046313    
                                    0.000500    
    1.100000    1.054171    1.008342    0.962513    0.916683    0.870854
    0.825025    0.779196    0.733367    0.687538    0.641708    0.595879
    0.550050    0.504221    0.458392    0.412563    0.366733    0.320904
    0.275075    0.229246    0.183417    0.137588    0.091758    0.045929
    0.000100
  1  1
          1.

  1  1
                      1.

  1  1
                                  1.

  1  1
                                              1.

  1  1
                                                          1.

  1  1
                                                                      1.

  1  1

          1.
  1  1

                      1.
  9                                                            Z7  BVs 51 - 59
  9 25
                                    1.100000    
                                    1.054188    
                                    1.008375    
                                    0.962563    
                                    0.916750    
                                    0.870938    
                                    0.825125    
                                    0.779313    
                                    0.733500    
    1.100000    1.054171    1.008342    0.962513    0.916683    0.870854
    0.825025    0.779196    0.733367    0.687538    0.641708    0.595879
    0.550050    0.504221    0.458392    0.412563    0.366733    0.320904
    0.275075    0.229246    0.183417    0.137588    0.091758    0.045929
    0.000100
  1  1
          1.

  1  1
                      1.

  1  1
                                  1.

  1  1
                                              1.

  1  1
                                                          1.

  1  1
                                                                      1.

  1  1

          1.
  1  1

                      1.
  1  1

                                  1.
  8                                                            Z8  BVs 60 - 67
  8 25
                                    0.687688    
                                    0.641875    
                                    0.596063    
                                    0.550250    
                                    0.504437    
                                    0.458625    
                                    0.412813    
                                    0.367000    
    1.100000    1.054171    1.008342    0.962513    0.916683    0.870854
    0.825025    0.779196    0.733367    0.687538    0.641708    0.595879
    0.550050    0.504221    0.458392    0.412563    0.366733    0.320904
    0.275075    0.229246    0.183417    0.137588    0.091758    0.045929
    0.000100
  1  1
          1.

  1  1
                      1.

  1  1
                                  1.

  1  1
                                              1.

  1  1
                                                          1.

  1  1
                                                                      1.

  1  1

          1.
  1  1

                      1.
  8                                                            Z9  BVs 68 - 75
  8 25
                                    0.321188    
                                    0.275375    
                                    0.229563    
                                    0.183750    
                                    0.137938    
                                    0.092125    
                                    0.046313    
                                    0.000500    
    1.100000    1.054171    1.008342    0.962513    0.916683    0.870854
    0.825025    0.779196    0.733367    0.687538    0.641708    0.595879
    0.550050    0.504221    0.458392    0.412563    0.366733    0.320904
    0.275075    0.229246    0.183417    0.137588    0.091758    0.045929
    0.000100
  1  1
          1.

  1  1
                      1.

  1  1
                                  1.

  1  1
                                              1.

  1  1
                                                          1.

  1  1
                                                                      1.

  1  1

          1.
  1  1

                      1.
