1 7
1 2
1 19
1 13
1 23
1 4
1 6
1 12
1 17
1 21
1 8
1 16
1 11
1 14
1 5
1 1
1 25
1 3
1 9
1 20
1 22
1 18
1 24
1 15
1 10
2 21
2 22
2 11
2 17
2 23
2 8
2 3
2 2
2 1
2 14
2 10
2 6
2 5
2 9
2 16
2 4
2 7
2 18
2 24
2 20
2 19
2 13
2 25
2 12
2 15
3 8
3 20
3 14
3 17
3 24
3 16
3 1
3 4
3 10
3 3
3 22
3 12
3 5
3 19
3 18
3 2
3 21
3 6
3 23
3 11
3 7
3 13
3 9
3 25
3 15
4 12
4 7
4 18
4 1
4 16
4 25
4 14
4 23
4 22
4 15
4 2
4 5
4 9
4 6
4 10
4 8
4 24
4 19
4 3
4 20
4 13
4 21
4 17
4 4
4 11
5 4
5 17
5 15
5 7
5 8
5 2
5 12
5 10
5 23
5 1
5 6
5 16
5 21
5 24
5 20
5 13
5 5
5 3
5 19
5 22
5 25
5 11
5 14
5 18
5 9
6 2
6 15
6 14
6 5
6 3
6 1
6 10
6 4
6 7
6 22
6 21
6 17
6 25
6 19
6 13
6 24
6 16
6 11
6 6
6 20
6 8
6 18
6 9
6 23
6 12
7 24
7 25
7 8
7 15
7 21
7 6
7 7
7 10
7 16
7 4
7 13
7 23
7 12
7 3
7 22
7 2
7 11
7 19
7 9
7 17
7 1
7 14
7 5
7 20
7 18
8 4
8 16
8 7
8 22
8 12
8 9
8 11
8 17
8 18
8 2
8 23
8 3
8 25
8 1
8 13
8 8
8 10
8 14
8 6
8 21
8 15
8 24
8 20
8 19
8 5
9 14
9 3
9 4
9 21
9 2
9 13
9 23
9 9
9 16
9 20
9 19
9 12
9 17
9 10
9 24
9 11
9 8
9 7
9 6
9 22
9 1
9 5
9 18
9 25
9 15
10 13
10 5
10 25
10 15
10 8
10 4
10 21
10 6
10 20
10 18
10 7
10 11
10 19
10 22
10 12
10 1
10 10
10 9
10 17
10 3
10 16
10 2
10 23
10 24
10 14
11 22
11 24
11 11
11 1
11 2
11 21
11 13
11 17
11 18
11 9
11 6
11 19
11 5
11 10
11 25
11 16
11 8
11 15
11 20
11 14
11 12
11 23
11 7
11 3
11 4
12 11
12 17
12 18
12 5
12 20
12 24
12 12
12 25
12 21
12 1
12 2
12 14
12 9
12 7
12 16
12 15
12 6
12 3
12 8
12 22
12 19
12 13
12 4
12 10
12 23
13 23
13 19
13 3
13 18
13 16
13 15
13 25
13 7
13 13
13 8
13 4
13 17
13 1
13 20
13 9
13 11
13 14
13 21
13 10
13 6
13 12
13 22
13 5
13 24
13 2
14 14
14 6
14 16
14 24
14 19
14 25
14 12
14 1
14 17
14 4
14 22
14 20
14 10
14 8
14 5
14 7
14 11
14 2
14 23
14 9
14 21
14 15
14 3
14 13
14 18
15 8
15 13
15 19
15 12
15 18
15 23
15 25
15 6
15 1
15 17
15 20
15 5
15 14
15 15
15 3
15 4
15 7
15 22
15 21
15 24
15 16
15 10
15 11
15 9
15 2
16 19
16 9
16 2
16 21
16 11
16 1
16 15
16 18
16 7
16 14
16 4
16 3
16 10
16 13
16 5
16 8
16 17
16 6
16 12
16 22
16 24
16 25
16 23
16 16
16 20
17 21
17 13
17 2
17 3
17 11
17 5
17 20
17 4
17 19
17 17
17 16
17 24
17 12
17 14
17 8
17 1
17 18
17 22
17 9
17 23
17 15
17 7
17 6
17 10
17 25
18 8
18 21
18 22
18 4
18 10
18 20
18 13
18 25
18 5
18 15
18 3
18 1
18 16
18 9
18 6
18 14
18 24
18 7
18 2
18 11
18 19
18 23
18 12
18 17
18 18
19 11
19 4
19 6
19 17
19 1
19 9
19 12
19 8
19 7
19 15
19 24
19 19
19 3
19 5
19 20
19 14
19 23
19 10
19 2
19 25
19 16
19 21
19 13
19 18
19 22
20 19
20 8
20 2
20 5
20 3
20 10
20 14
20 4
20 1
20 23
20 25
20 7
20 16
20 12
20 9
20 22
20 18
20 11
20 20
20 24
20 6
20 17
20 13
20 21
20 15
21 2
21 12
21 17
21 6
21 21
21 23
21 20
21 13
21 22
21 9
21 16
21 10
21 11
21 15
21 5
21 8
21 18
21 25
21 4
21 14
21 24
21 1
21 3
21 7
21 19
22 3
22 13
22 8
22 19
22 6
22 18
22 4
22 17
22 16
22 12
22 20
22 7
22 25
22 9
22 14
22 10
22 5
22 23
22 1
22 2
22 21
22 22
22 24
22 11
22 15
23 24
23 15
23 17
23 12
23 23
23 3
23 7
23 8
23 19
23 25
23 13
23 20
23 2
23 4
23 5
23 9
23 6
23 11
23 1
23 10
23 22
23 16
23 21
23 18
23 14
24 7
24 2
24 8
24 4
24 17
24 14
24 19
24 10
24 21
24 9
24 3
24 18
24 23
24 12
24 16
24 25
24 11
24 20
24 24
24 6
24 13
24 22
24 5
24 15
24 1
25 25
25 3
25 2
25 8
25 13
25 12
25 19
25 4
25 1
25 7
25 14
25 9
25 5
25 6
25 20
25 17
25 22
25 24
25 18
25 23
25 10
25 16
25 11
25 21
25 15
26 22
26 5
26 20
26 23
26 21
26 6
26 15
26 9
26 4
26 12
26 25
26 2
26 17
26 19
26 16
26 7
26 13
26 14
26 8
26 24
26 3
26 11
26 10
26 18
26 1
27 1
27 2
27 4
27 17
27 18
27 11
27 3
27 19
27 23
27 8
27 20
27 7
27 10
27 14
27 24
27 6
27 15
27 16
27 9
27 25
27 12
27 5
27 21
27 13
27 22
28 22
28 14
28 10
28 12
28 7
28 11
28 3
28 21
28 20
28 24
28 4
28 6
28 16
28 17
28 9
28 15
28 8
28 23
28 1
28 2
28 5
28 25
28 13
28 18
28 19
29 18
29 20
29 24
29 8
29 22
29 3
29 19
29 1
29 13
29 12
29 23
29 11
29 14
29 2
29 16
29 9
29 21
29 5
29 7
29 10
29 15
29 4
29 6
29 17
29 25
30 2
30 18
30 19
30 1
30 25
30 16
30 10
30 4
30 3
30 12
30 11
30 9
30 15
30 6
30 8
30 21
30 17
30 7
30 14
30 13
30 23
30 5
30 20
30 24
30 22
31 22
31 7
31 14
31 25
31 23
31 15
31 12
31 19
31 9
31 6
31 17
31 11
31 3
31 18
31 13
31 4
31 8
31 1
31 24
31 10
31 16
31 2
31 20
31 5
31 21
32 7
32 3
32 24
32 17
32 2
32 25
32 13
32 4
32 19
32 8
32 6
32 14
32 16
32 5
32 1
32 11
32 22
32 10
32 18
32 23
32 15
32 9
32 21
32 20
32 12
33 12
33 20
33 13
33 19
33 8
33 24
33 16
33 6
33 4
33 10
33 17
33 2
33 22
33 15
33 11
33 21
33 14
33 3
33 5
33 25
33 9
33 1
33 23
33 7
33 18
34 17
34 6
34 19
34 7
34 1
34 22
34 18
34 9
34 14
34 23
34 2
34 13
34 21
34 10
34 5
34 20
34 25
34 24
34 16
34 11
34 12
34 4
34 8
34 3
34 15
35 10
35 14
35 16
35 5
35 21
35 2
35 4
35 19
35 25
35 20
35 9
35 13
35 11
35 24
35 18
35 17
35 12
35 23
35 22
35 7
35 8
35 3
35 15
35 6
35 1
36 5
36 19
36 16
36 23
36 25
36 1
36 17
36 3
36 8
36 20
36 21
36 14
36 11
36 7
36 6
36 24
36 9
36 18
36 4
36 15
36 12
36 22
36 2
36 13
36 10
37 17
37 12
37 21
37 6
37 1
37 10
37 19
37 5
37 3
37 4
37 7
37 23
37 14
37 9
37 13
37 2
37 18
37 15
37 11
37 20
37 16
37 8
37 22
37 24
37 25
38 18
38 24
38 2
38 5
38 21
38 25
38 23
38 22
38 7
38 13
38 12
38 6
38 1
38 3
38 19
38 9
38 10
38 17
38 16
38 14
38 4
38 20
38 15
38 11
38 8
39 13
39 5
39 14
39 22
39 24
39 21
39 12
39 16
39 8
39 1
39 25
39 10
39 18
39 4
39 2
39 23
39 11
39 19
39 17
39 7
39 3
39 20
39 9
39 6
39 15
40 5
40 11
40 3
40 7
40 13
40 18
40 24
40 19
40 9
40 8
40 15
40 1
40 22
40 10
40 4
40 21
40 14
40 17
40 23
40 12
40 2
40 6
40 20
40 16
40 25
41 10
41 12
41 25
41 16
41 5
41 8
41 6
41 2
41 23
41 22
41 20
41 13
41 11
41 21
41 3
41 14
41 1
41 24
41 9
41 7
41 19
41 18
41 17
41 15
41 4
42 12
42 19
42 7
42 17
42 16
42 3
42 5
42 15
42 21
42 1
42 22
42 23
42 6
42 9
42 24
42 13
42 10
42 14
42 20
42 18
42 4
42 11
42 8
42 2
42 25
43 8
43 23
43 9
43 2
43 22
43 1
43 18
43 11
43 25
43 16
43 17
43 24
43 14
43 6
43 10
43 13
43 21
43 12
43 15
43 3
43 7
43 20
43 5
43 19
43 4
44 5
44 10
44 19
44 9
44 25
44 12
44 6
44 14
44 17
44 8
44 11
44 2
44 13
44 18
44 24
44 4
44 15
44 23
44 20
44 22
44 3
44 1
44 16
44 7
44 21
45 7
45 4
45 24
45 9
45 16
45 20
45 14
45 10
45 19
45 6
45 18
45 21
45 1
45 2
45 13
45 25
45 5
45 22
45 17
45 11
45 15
45 12
45 8
45 3
45 23
46 16
46 7
46 8
46 9
46 10
46 13
46 12
46 24
46 20
46 11
46 21
46 17
46 22
46 2
46 25
46 14
46 6
46 1
46 23
46 5
46 19
46 15
46 3
46 4
46 18
47 22
47 15
47 11
47 19
47 9
47 7
47 18
47 25
47 24
47 17
47 6
47 3
47 20
47 4
47 14
47 21
47 2
47 12
47 10
47 23
47 8
47 16
47 1
47 5
47 13
48 25
48 20
48 17
48 9
48 15
48 8
48 2
48 23
48 7
48 5
48 24
48 11
48 12
48 19
48 6
48 16
48 14
48 10
48 18
48 22
48 3
48 21
48 1
48 4
48 13
49 17
49 25
49 12
49 22
49 8
49 7
49 1
49 21
49 14
49 3
49 15
49 16
49 2
49 20
49 23
49 9
49 6
49 5
49 13
49 18
49 11
49 19
49 4
49 24
49 10
50 9
50 6
50 2
50 4
50 25
50 12
50 8
50 13
50 3
50 19
50 1
50 5
50 22
50 24
50 7
50 17
50 23
50 16
50 15
50 14
50 21
50 20
50 11
50 18
50 10
51 1
51 17
51 21
51 13
51 11
51 14
51 10
51 20
51 6
51 8
51 12
51 5
51 24
51 9
51 4
51 16
51 2
51 19
51 23
51 15
51 25
51 18
51 7
51 3
51 22
52 23
52 5
52 16
52 24
52 9
52 18
52 8
52 19
52 6
52 2
52 14
52 13
52 3
52 4
52 25
52 20
52 22
52 21
52 11
52 10
52 17
52 12
52 15
52 7
52 1
53 16
53 17
53 18
53 2
53 25
53 3
53 1
53 7
53 24
53 12
53 11
53 23
53 8
53 10
53 15
53 22
53 19
53 6
53 13
53 21
53 14
53 20
53 9
53 4
53 5
54 15
54 16
54 9
54 25
54 8
54 1
54 13
54 18
54 24
54 5
54 21
54 23
54 6
54 4
54 19
54 22
54 3
54 10
54 14
54 20
54 12
54 11
54 7
54 17
54 2
55 13
55 19
55 8
55 1
55 10
55 23
55 17
55 18
55 11
55 3
55 24
55 9
55 12
55 15
55 2
55 5
55 14
55 22
55 25
55 21
55 20
55 16
55 4
55 7
55 6
56 24
56 15
56 16
56 3
56 8
56 12
56 14
56 21
56 25
56 4
56 11
56 9
56 19
56 17
56 7
56 10
56 1
56 2
56 6
56 23
56 13
56 5
56 22
56 20
56 18
57 16
57 13
57 8
57 2
57 22
57 24
57 23
57 19
57 18
57 17
57 14
57 3
57 4
57 11
57 12
57 15
57 25
57 20
57 5
57 6
57 9
57 10
57 7
57 21
57 1
58 12
58 21
58 2
58 13
58 20
58 6
58 7
58 5
58 10
58 25
58 18
58 22
58 9
58 8
58 3
58 17
58 16
58 24
58 19
58 11
58 23
58 15
58 4
58 1
58 14
59 3
59 10
59 5
59 12
59 7
59 9
59 21
59 24
59 25
59 11
59 18
59 1
59 13
59 6
59 16
59 19
59 20
59 14
59 2
59 23
59 17
59 22
59 4
59 15
59 8
60 8
60 20
60 10
60 23
60 18
60 9
60 15
60 11
60 21
60 13
60 5
60 19
60 22
60 7
60 4
60 16
60 2
60 17
60 12
60 6
60 24
60 3
60 14
60 25
60 1
61 15
61 4
61 1
61 20
61 17
61 21
61 9
61 12
61 23
61 13
61 11
61 10
61 2
61 16
61 18
61 24
61 14
61 25
61 7
61 8
61 5
61 3
61 19
61 22
61 6
62 14
62 20
62 2
62 24
62 19
62 1
62 25
62 3
62 15
62 13
62 22
62 4
62 6
62 23
62 12
62 8
62 17
62 18
62 11
62 21
62 16
62 7
62 5
62 9
62 10
63 20
63 3
63 6
63 2
63 14
63 16
63 11
63 9
63 23
63 24
63 18
63 5
63 17
63 10
63 12
63 21
63 22
63 4
63 7
63 8
63 19
63 25
63 1
63 13
63 15
64 13
64 3
64 8
64 16
64 24
64 5
64 12
64 10
64 9
64 1
64 2
64 7
64 14
64 23
64 4
64 19
64 6
64 15
64 11
64 18
64 25
64 20
64 21
64 17
64 22
65 8
65 5
65 2
65 7
65 13
65 16
65 17
65 6
65 9
65 19
65 14
65 15
65 24
65 3
65 22
65 18
65 21
65 11
65 12
65 4
65 1
65 10
65 25
65 23
65 20
66 20
66 21
66 14
66 18
66 9
66 13
66 11
66 17
66 4
66 7
66 24
66 6
66 2
66 10
66 5
66 1
66 15
66 23
66 12
66 16
66 3
66 22
66 8
66 25
66 19
67 20
67 13
67 11
67 17
67 2
67 4
67 7
67 10
67 9
67 23
67 15
67 14
67 21
67 25
67 22
67 18
67 16
67 24
67 8
67 1
67 5
67 19
67 3
67 6
67 12
68 18
68 23
68 15
68 24
68 14
68 9
68 7
68 2
68 8
68 1
68 22
68 6
68 4
68 25
68 11
68 10
68 19
68 13
68 16
68 5
68 21
68 3
68 12
68 20
68 17
69 10
69 18
69 14
69 11
69 23
69 21
69 19
69 15
69 17
69 3
69 5
69 13
69 8
69 2
69 16
69 22
69 25
69 1
69 20
69 7
69 9
69 4
69 24
69 12
69 6
70 5
70 21
70 23
70 14
70 10
70 11
70 12
70 18
70 20
70 7
70 8
70 15
70 9
70 25
70 13
70 24
70 16
70 2
70 19
70 6
70 4
70 3
70 1
70 22
70 17
71 12
71 1
71 16
71 11
71 13
71 5
71 15
71 6
71 22
71 2
71 23
71 20
71 8
71 25
71 18
71 7
71 21
71 4
71 24
71 14
71 3
71 9
71 10
71 19
71 17
72 20
72 16
72 21
72 9
72 6
72 5
72 10
72 22
72 1
72 14
72 17
72 13
72 8
72 11
72 15
72 24
72 12
72 3
72 19
72 2
72 7
72 25
72 23
72 4
72 18
73 10
73 19
73 20
73 18
73 25
73 23
73 7
73 14
73 24
73 8
73 21
73 11
73 16
73 15
73 17
73 9
73 12
73 2
73 5
73 1
73 22
73 13
73 4
73 6
73 3
74 18
74 4
74 19
74 16
74 12
74 22
74 13
74 8
74 21
74 24
74 7
74 10
74 11
74 6
74 3
74 25
74 23
74 17
74 1
74 5
74 14
74 9
74 2
74 15
74 20
75 17
75 15
75 22
75 11
75 6
75 19
75 13
75 5
75 1
75 4
75 12
75 3
75 7
75 9
75 18
75 14
75 16
75 21
75 24
75 2
75 20
75 8
75 23
75 10
75 25
