 11  2 12 31  1  1 +2  0  0 -1  0  1
  1  1  1  1  1  1  1  1  1  1  1  1  1  1  1  1  1  1  1  1  1  1  1  1  1  1  1  1  1  1  1  1  1  1  1  1  1  1  1  1
   1.0000000   1.0000000   1.0000000   1.0000000   1.0000000   1.0000000   1.0000000
   1.0000000   1.0000000   1.0000000   1.0000000   1.0000000   1.0000000   1.0000000
   1.0000000   1.0000000   1.0000000   1.0000000   1.0000000   1.0000000   1.0000000
   1.0000000   1.0000000   1.0000000   1.0000000   1.0000000   1.0000000   0.0000000
   0.0000000
   3  41   1   0   0
   1   1
  1  1  0  1  0  0  0  1  0  0  0  0  0  1
   1   2
  1  1  1  0  1  0  0  0  1  0  0  0  0  1
   1   3
  0  1  1  0  0  0  1  0  0  0  0  0  1
   1   4
  1  0  0  1  0  0  0  1  0  0  0  0  0  1
   1   5
  0  1  0  0  1  0  0  0  0  1
   1   6
  0  0  1  0  0  0  0  1  0  0  0  1
   1   7
  0  0  0  1  0  1  0  0  0  0  0  0  0  0  1
   1   8
  1  1  0  0  0  0  0  0  1
   1   9
  0  0  1  0  0  0  1
   1  10
  1  0  0  0  0  0  0  0  1  0  0  0  0  0  1
   1  12
  0  0  0  0  1
   1  13
  0  1  0  0  0  0  0  0  0  0  1
   1  14
  0  0  0  1  0  0  0  1
   1  15
  1  0  1  0  0  1  0  0  0  0  0  0  0  1
   1  16
  1  1  0  1  0  1  0  0  1  0  0  0  0  1
   1  17
  1  1  0  1  0  0  0  1  0  0  0  0  0  1
   1  18
  0  1  0  1  0  1  0  0  0  1  0  0  0  0  1
   1  19
  1  0  1  0  0  0  1  0  0  0  0  1
   1  20
  0  1  0  0  1  0  0  0  0  1  0  0  0  0  1
   1  22
  1  0  0  1  0  0  1  0  0  0  0  0  0  1
   1  23
  0  1  1  0  1  0  0  0  0  1
   1  24
  1  1  0  0  0  1  0  0  0  0  0  1
   1  25
  0  0  0  0  0  0  0  0  1
   1  26
  0  0  0  1
   1  27
  0  0  0  0  0  0  1  0  0  0  0  0  0  1
   1  28
  0  0  1  0  1
   1  29
  1  1  0  0  0  0  0  0  0  1
   1  31
  1  1  0  1  0  1  0  0  0  0  0  0  1
   1  32
  1  1  0  1  0  0  1  0  0  0  0  0  0  0  1
   1  33
  0  1  1  0  0  1  0  0  0  0  1
   1  34
  1  0  0  1  0  0  0  1  0  0  0  0  1
   1  35
  0  0  1  0  0  1  0  0  0  0  1
   1  36
  1  0  0  1  0  0  0  0  0  0  0  0  1
   1  37
  0  1  0  0  0  0  1
   1  38
  0  0  1  0  1  0  0  0  1  0  0  0  0  1
   1  39
  0  1  0  0  0  1  0  0  0  0  0  1
   1  40
  0  0  0  1
   1  41
  1  0  1  0  0  0  0  1
   1  42
  0  0  0  0  1
   1  44
  0  1  0  0  0  0  1  0  0  0  0  0  0  1
   1  45
  0  0  0  1  0  0  0  0  0  1
