 10  8  9  3 00  0  0  0  0
/home/kirscher/kette_repo/sim_par/potentials/NNN_pheno/urbana9_AK_neu
 10                                                            Z1  BVs 1 - 10
 10 10
                                    1.161518    
                                    1.032519    
                                    0.903520    
                                    0.774521    
                                    0.645522    
                                    0.516524    
                                    0.387525    
                                    0.258526    
                                    0.129527    
                                    0.000528    
    0.000100    0.111200    0.222300    0.333400    0.444500    0.555600
    0.666700    0.777800    0.888900    1.000000
  1  1
          1.

  1  1
                      1.

  1  1
                                  1.

  1  1
                                              1.

  1  1
                                                          1.

  1  1
                                                                      1.

  1  1

          1.
  1  1

                      1.
  1  1

                                  1.
  1  1

                                              1.
 10                                                            Z2  BVs 11 - 20
 10 10
                                    1.333386    
                                    1.185299    
                                    1.037213    
                                    0.889126    
                                    0.741039    
                                    0.592953    
                                    0.444866    
                                    0.296779    
                                    0.148693    
                                    0.000606    
    0.000100    0.111200    0.222300    0.333400    0.444500    0.555600
    0.666700    0.777800    0.888900    1.000000
  1  1
          1.

  1  1
                      1.

  1  1
                                  1.

  1  1
                                              1.

  1  1
                                                          1.

  1  1
                                                                      1.

  1  1

          1.
  1  1

                      1.
  1  1

                                  1.
  1  1

                                              1.
 10                                                            Z3  BVs 21 - 30
 10 10
                                    3.302554    
                                    2.935771    
                                    2.568987    
                                    2.202203    
                                    1.835419    
                                    1.468636    
                                    1.101852    
                                    0.735068    
                                    0.368285    
                                    0.001501    
    0.000100    0.111200    0.222300    0.333400    0.444500    0.555600
    0.666700    0.777800    0.888900    1.000000
  1  1
          1.

  1  1
                      1.

  1  1
                                  1.

  1  1
                                              1.

  1  1
                                                          1.

  1  1
                                                                      1.

  1  1

          1.
  1  1

                      1.
  1  1

                                  1.
  1  1

                                              1.
