1.531327E-01
4.782469E-02
5.659130E-03
-1.537609E-03
-5.655801E-02
-1.147994E-02
-9.409733E-05
1.127393E-01
-2.945469E-02
4.202118E-02
1.075875E-01
-2.861898E-02
1.009796E-03
-1.063071E-03
-1.647947E-01
-4.445051E-02
3.295793E-02
4.161674E-01
2.345465E-03
7.519457E-03
2.956260E-02
4.258129E-02
-3.178842E-02
4.881972E-02
2.884723E-01
-2.069767E-02
-1.045435E-01
-1.409341E-02
-4.360431E-03
-9.005761E-02
-3.686725E-02
-1.346460E-04
-2.592697E-01
-1.913954E-01
-6.411087E-02
-2.283655E-01
6.697862E-02
4.357833E-03
-1.224179E-03
-2.503592E-02
7.375039E-04
-5.278374E-04
-1.843811E-01
2.529975E-02
-3.826875E-01
1.073837E-02
-1.307802E-02
-5.784176E-02
5.620563E-04
-5.135593E-01
-5.438462E-03
3.644666E-02
9.777104E-02
4.487636E-03
-3.752255E-02
6.611316E-04
2.025530E-02
3.433978E-02
1.176758E-03
-3.647548E-02
-1.049089E-03
-5.756656E-02
1.000000E+00
3.707706E-02
-4.626160E-02
6.244021E-04
1.480498E-02
-8.937749E-02
-8.452259E-03
-1.605002E-02
