 11  2 12 31  1  1 +2  0  0 -1  0  1
  1  1  1  1  1  1  1  1  1  1  1  1  1  1  1  1  1  1  1  1  1  1  1  1  1  1  1  1  1  1  1  1  1  1  1  1  1  1  1  1
   1.0000000   1.0000000   1.0000000   1.0000000   1.0000000   1.0000000   1.0000000
   1.0000000   1.0000000   1.0000000   1.0000000   1.0000000   1.0000000   1.0000000
   1.0000000   1.0000000   1.0000000   1.0000000   1.0000000   1.0000000   1.0000000
   1.0000000   1.0000000   1.0000000   1.0000000   1.0000000   1.0000000   0.0000000
   0.0000000
   1  51   1   0   0
   1   8
  0  0  0  0  0  1  0  0  0  0  1
   1  12
  0  0  1
   1  16
  0  0  0  0  0  0  0  0  0  0  0  0  0  0  0  1
   1  31
  0  0  0  0  0  0  0  0  0  0  0  0  1
   1  36
  0  0  0  0  0  0  0  0  0  0  0  1
   1  37
  0  0  0  0  0  0  0  0  0  0  0  1
   1  38
  0  0  0  0  0  0  0  0  0  0  0  1
   1  39
  0  0  0  0  0  0  0  0  0  0  0  1
   1  40
  0  0  0  0  0  0  0  0  0  0  0  1
   1  41
  0  0  0  0  0  0  0  0  0  0  0  1
   1  43
  0  0  0  0  0  0  0  0  0  0  0  1
   1  44
  0  0  0  0  0  0  0  0  0  0  0  1
   1  46
  0  0  0  0  0  0  0  0  0  0  0  1
   1  47
  0  0  0  0  0  0  0  0  0  0  0  1
   1  50
  0  0  0  0  0  0  0  0  0  0  0  1
   1  52
  0  0  0  0  0  0  0  0  0  0  0  1
   1  55
  0  0  0  0  0  0  0  0  0  0  0  1
   1  58
  0  0  0  0  0  0  0  0  0  0  0  1
   1  60
  0  0  0  0  0  0  0  0  0  0  0  1
   1  62
  0  0  0  0  0  0  0  0  0  0  0  1
   1  63
  0  0  0  0  0  0  0  0  0  0  0  1
   1  66
  0  0  0  0  0  0  0  0  0  0  0  0  0  0  0  1
   1  72
  0  0  0  0  0  0  0  0  1  0  0  0  0  1
   1  73
  0  0  0  0  0  0  0  0  0  0  0  1
   1 122
  0  0  0  0  0  0  0  0  0  0  0  0  0  0  1
   1 123
  0  0  0  0  0  0  0  0  0  0  0  0  0  0  1
   1 124
  0  0  0  0  0  0  0  0  0  0  0  0  0  0  1
   1 125
  0  0  0  0  0  0  0  0  0  0  0  0  0  0  1
   1 126
  0  0  0  0  0  0  0  0  0  0  0  0  0  0  1
   1 127
  0  0  0  0  0  0  0  0  0  0  0  0  0  0  1
   1 128
  0  0  0  0  0  0  0  0  0  0  0  0  0  0  1
   1 129
  0  0  0  0  0  0  0  0  0  0  0  0  0  0  1
   1 131
  0  0  0  0  0  0  0  0  0  0  0  0  0  0  1
   1 132
  0  0  0  0  0  0  0  0  0  0  0  0  0  0  1
   1 133
  0  0  0  0  0  0  0  0  0  0  0  0  0  0  1
   1 135
  0  0  0  0  0  0  0  0  0  0  0  0  0  0  1
   1 136
  0  0  0  0  0  0  0  0  0  0  0  0  0  0  1
   1 137
  0  0  0  0  0  0  0  0  0  0  0  0  0  0  1
   1 138
  0  0  0  0  0  0  0  0  0  0  0  0  0  0  1
   1 139
  0  0  0  0  0  0  0  0  0  0  0  0  0  0  1
   1 140
  0  0  0  0  0  0  0  0  0  0  0  0  0  0  1
   1 141
  0  0  0  0  0  0  0  0  0  0  0  0  0  0  1
   1 142
  0  0  0  0  0  0  0  0  0  0  0  0  0  0  1
   1 143
  0  0  0  0  0  0  0  0  0  0  0  0  0  0  1
   1 144
  0  0  0  0  0  0  0  0  0  0  0  0  0  0  0  0  1
   1 145
  0  0  0  0  0  0  0  0  0  0  0  0  0  0  1
   1 147
  0  0  0  0  0  0  0  0  0  0  0  0  0  0  1
   1 149
  0  0  0  0  0  0  0  0  0  0  0  0  0  0  1  1
   1 166
  0  0  0  0  0  0  0  0  0  0  0  0  0  1
   1 170
  0  0  0  0  0  0  0  0  0  0  0  0  0  1
   1 178
  0  0  0  0  0  0  0  0  0  0  0  0  0  1
