 11  3 12 31  1  1  2  0  0 -1
  1  1  1  1  1  1  1  1  1  1  1  1  1  1  1  1  1  1  1  1  1  1  1  1  1  1  1  1  1  1  1  1  1  1  1  1  1  1  1  1  1  1  1  1  1  1  1  1  1  1  1  1  1  1
1.0           1.0            1.00        1.000         1.0000       1.     1.
1.            1.0            1.00        1.000         1.0000       1.     1.
1.            1.0            1.00        1.000         1.0000       1.     1.
1.            1.0            1.00        1.000         1.0000       1.     0.
0.
  1 25  1  0  2
  1  1
  1
  1  2
     1
  1  3
        1
  1  4
           1
  1  5
  0           1
  1  6
  0  0           1
  1  7
                    1
  1  8
  0                    1
  1  9
  0  0                    1
  1 10
  1
  1 11
  0  1
  1 12
  0  0  1
  1 13
           1
  1 14
              1
  1 15
                 1
  1 16
                    1
  1 17
                       1
  1 18
                          1
  1 19
  1
  1 20
     1
  1 21
        1
  1 22
           1
  1 23
              1
  1 24
                 1
  1 25
                    1
  1 26
                       1
  1 27
                          1
