 11  3 12 31  1  1  2  0  0 -1
  1  1  1  1  1  1  1  1  1  1  1  1  1  1  1  1  1  1  1  1  1  1  1  1  1  1  1  1  1  1  1  1  1  1  1  1  1  1  1  1  1  1  1  1  1  1  1  1  1  1  1  1  1  1
1.0           1.0            1.00        1.000         1.0000       1.     1.
1.            1.0            1.00        1.000         1.0000       1.     1.
1.            1.0            1.00        1.000         1.0000       1.     1.
1.            1.0            1.00        1.000         1.0000       1.     0.
0.
  1 48  1  0  2
  1  1
  1
  1  2
     1
  1  3
        1
  1  4
           1
  1  5
  0           1
  1  6
  0  0           1
  1  7
                    1
  1  8
  0                    1
  1  9
  0  0                    1
  1 10
  1
  1 11
  0  1
  1 12
  0  0  1
  1 13
           1
  1 14
              1
  1 15
                 1
  1 16
                    1
  1 17
                       1
  1 18
                          1
  1 19
  1
  1 20
     1
  1 21
        1
  1 22
           1
  1 23
              1
  1 24
                 1
  1 25
                    1
  1 26
                       1
  1 27
                          1
  1 28
  1
  1 29
     1
  1 30
        1
  1 31
           1
  1 32
              1
  1 33
  0              1
  1 34
  1
  1 35
  0  1
  1 36
  0  0  1
  1 37
  0  0  0  1
  1 38
              1
  1 39
  0              1
  1 40
  0  0              1
  1 41
  0  0  0              1
  1 42
  1
  1 43
  0  1
  1 44
  0  0  1
  1 45
  0  0  0  1
  1 46
  1
  1 47
  0  1
  1 48
  1
