  0  0  0  1
  1  1  1  1  1  1  1  1  1  1  1  1  1  1  1  1  1  1  1  1
  4
  1  3
  3  6  1  2           No1:   T=1/2,   S=1/2
  1  1  1              npp  t12=0  , s12=1  ,  l12=even
  1  3  2
  1  4  1
  2  3  1
  3  1  2
  3  2  1
  4  1  1
  1  3
 -1 12
 -1 12
 -1  3
  1 12
  1 12
  3  4  1  2            No3:   T=1/2,   S=1/2
  1  1  1                    t12=0  , s12=1  , l12=odd
  1  4  1
  2  3  1
  3  2  1
  4  1  1
  1  4
 -1  4
 -1  4
  1  4
  3  6  1  2           No6:   T=1/2,   S=1/2
  1  1  1                   t12=1  , s12=0  , l12=even
  4  1  1
  2  3  1
  2  1  3
  3  2  1
  1  4  1
  1  2  3
  1 12
  1 12
 -1  3
 -1 12
 -1 12
  1  3
  3  2  1  2            No2:   T=1/2,   S=3/2
  1  1  1                    t12=0  , s12=1  , l12=even
  1  3  1
  3  1  1
  1  2
 -1  2
  3  3  1  2            No5:   T=1/2,   S=3/2
  1  1  1                    t12=1  , s12=1  , l12=odd
  3  1  1
  1  3  1
  1  1  3
 -1  6
 -1  6
  2  3
