 10  8  9  3 00  0  0  0  0
/home/kirscher/kette_repo/sim_par/potentials/NNN_pheno/urbana9_AK_neu
  8                                                            Z1
  8 10
                                    17.148300   
                                    5.943300    
                                    4.861800    
                                    3.886300    
                                    3.645300    
                                    2.188000    
                                    1.471600    
                                    1.444900    
    9.005500    6.804500    6.606300    4.115600    2.599400    2.003000
    1.381000    1.358500    1.095400    0.720000
  1  1
          1.

  1  1
                      1.

  1  1
                                  1.

  1  1
                                              1.

  1  1
                                                          1.

  1  1
                                                                      1.

  1  1

          1.
  1  1

                      1.
  8                                                            Z2
  8 10
                                    9.767200    
                                    8.916900    
                                    5.427000    
                                    2.426400    
                                    2.210200    
                                    1.880400    
                                    1.818200    
                                    0.892700    
    6.595600    6.064700    4.700700    4.677600    2.422900    2.248700
    1.904000    1.613100    1.291700    1.177500
  1  1
          1.

  1  1
                      1.

  1  1
                                  1.

  1  1
                                              1.

  1  1
                                                          1.

  1  1
                                                                      1.

  1  1

          1.
  1  1

                      1.
  8                                                            Z3
  8 10
                                    8.907600    
                                    7.783200    
                                    4.171900    
                                    3.417300    
                                    2.178400    
                                    1.939600    
                                    1.444900    
                                    1.179100    
    6.028100    4.507900    3.750300    3.241900    2.971200    2.545500
    2.282600    1.979700    0.822800    0.592200
  1  1
          1.

  1  1
                      1.

  1  1
                                  1.

  1  1
                                              1.

  1  1
                                                          1.

  1  1
                                                                      1.

  1  1

          1.
  1  1

                      1.
  8                                                            Z4
  8 10
                                    16.001500   
                                    11.639200   
                                    5.227000    
                                    4.577400    
                                    4.170100    
                                    2.726500    
                                    0.877000    
                                    0.790800    
   24.720100    6.377000    6.153700    4.341500    3.806900    3.769700
    3.042900    2.298800    1.140300    0.904300
  1  1
          1.

  1  1
                      1.

  1  1
                                  1.

  1  1
                                              1.

  1  1
                                                          1.

  1  1
                                                                      1.

  1  1

          1.
  1  1

                      1.
  8                                                            Z5
  8 10
                                    10.690900   
                                    8.484000    
                                    5.053200    
                                    4.925500    
                                    4.132100    
                                    2.519300    
                                    2.375800    
                                    0.637800    
   17.702600    8.569200    6.139200    3.727900    2.423800    2.149300
    1.411600    1.183300    1.090500    0.567500
  1  1
          1.

  1  1
                      1.

  1  1
                                  1.

  1  1
                                              1.

  1  1
                                                          1.

  1  1
                                                                      1.

  1  1

          1.
  1  1

                      1.
