 10  8  9  3 00  0  0  0
AV18
  3                                 z1
  3  4
                                     05.90179000 
                                     0.373586
                                     0.0934897
00.41119100 00.10695400 3.54427      0.054741
  1  1
1.
  1  1
0.           1.
  1  1
0.           0.           1.
  3                                 z2
  3  3
                                     00.91778200 
                                     00.35257700 
                                     0.0341691
00.16793400 00.07657460   0.0185601    
  1  1
1.
  1  1
0.           1.
  1  1
0.           0.           1.
  3                                   z3 
  3  3
                                     11.1041
                                     15.44500000   
                                     2.35403
8.23842     0.20509000   2.55779
  1  1  
1.
  1  1  
0.          1.
  1  1  
0.          0.            1.
  4                                z4
  4  4  
                                     3.35973
                                     3.36202
                                    5.42126
                                    0.696673
8.1754      0.505969    0.0174803   0.0215765
  1  1
1.
  1  1
0.          1.
  1  1
0.          0.          1.
  1  1
0.          0.          0.          1.
  3                                 z5
  3  4
                                     06.19776000 
                                     00.76742900 
                                     5.78045
00.45244200 00.13171900 00.16155500  4.49947
  1  1
1.
  1  1
0.           1.
  1  1
0.           0.           1.
  3                                 z6
  3  3
                                     00.09251270 
                                     0.296495
                                     1.10659
00.08565810  0.116283    0.419736
  1  1
1.
  1  1
0.           1.
  1  1
0.           0.           1.
  3                                  z7 
  3  3
                                     16.1419
                                     0.848642
                                     2.71594
0.248432    5.34579     11.1278
  1  1
1.
  1  1
0.          1.
  1  1
0.          0.            1.
  3                                 z8
  3  4
                                     01.69713000 
                                     03.31856000 
                                     0.942296
04.21919000 00.08328990 00.22390000  0.282291
  1  1
1.
  1  1
0.           1.
  1  1
0.           0.           1.
  3                                 z9
  3  3
                                     00.52894200 
                                     01.93588000 
                                     5.59409
00.11499300 01.09263000  0.0683293
  1  1
1.
  1  1
0.           1.
  1  1
0.           0.           1.
  3                               z10 
  3  3
                                    5.52105 
                                    11.6154
                                    0.420831
4.07631     0.113288      2.13486
  1  1
1.
  1  1
0.          1.
  1  1
0.           0.           1.
  4                                  z11
  4  4
                                     0.230596
                                     1.78047
                                     3.88499
                                     2.56685
0.0336667   3.22165      7.80254     0.461654
  1  1
1.
  1  1
0.          1.
  1  1
0.          0.          1.
  1  1
0.          0.          0.          1.
  2                                     z12
  2  2
                                    1.30471
                                    1.29006 
0.0241496   0.40953  
  1  1
1.
  1  1
0.          1.
  4                                  z13
  4  4
                                     00.26801900   
                                     6.44783
                                     06.52306000
                                     21.5443  
0.18539900   0.17637      1.41298000 0.998819 
  1  1
1.
  1  1
0.           1.
  1  1
0.           0.           1.
  1  1
0.          0.          0.          1.
  4                                     z14
  4  4
                                     1.3933
                                     0.928603
                                     5.799
                                     1.02197
5.08632     0.483913     0.448552    2.27299
  1  1
1.
  1  1
0.          1.
  1  1
0.          0.          1.
  1  1
0.          0.          0.          1.
  4                                     z15
  4  4
                                     1.14649
                                     3.96118 
                                     0.522766
                                     03.29222000 
0.179619    3.52943       1.45545    0.61041300 
  1  1
1.
  1  1
0.          1.
  1  1
0.           0.           1.
  1  1
0.          0.          0.          1.
  3                                 z16
  3  3
                                     03.40596000 
                                     01.45734000 
                                     1.12409
01.02776000 00.36226500    3.831
  1  1
1.
  1  1
0.          1.
  1  1
0.           0.           1.
  2                                  z17
  2  1
                                     00.26315100 
                                     02.62116000 
0.53108900  
  1  1
1.
  1  1
0.          1.
  3                                  z18
  3  3
                                     3.53566
                                     1.1428
                                     1.19226 
0.738999     0.273669     5.77738
  1  1
1. 
  1  1
0.            1.
  1  1
0.           0.           1.
  3                                  z19
  3  3
                                     00.27044300 
                                     2.30549
                                     5.59496 
00.59947300  1.62121      4.96071
  1  1
1.
  1  1
0.            1.
  1  1
0.           0.           1.
  4                                  z20
  4  4
                                     1.00693
                                     0.693355
                                     0.447469
                                     2.45063
1.8683      3.33935     0.300181     1.92646
  1  1
1.
  1  1
0.          1.
  1  1
0.          0.          1.
  1  1
0.          0.          0.          1.
  2                                 z21
  2  2
                                    1.59047 
                                    4.72283
9.43786     0.465166
  1  1
1. 
  1  1
0.          1.
  1                                     z22
  1  1
                                     0.749961
4.21402
  1  1
1.
