      2.3079
      2.0167
      1.9561
      1.9249
      1.8414
      1.8040
      1.7117
      1.6847
      1.6619
      1.6090
      1.5607
      1.5358
      1.4544
      1.4393
      1.3657
      1.3442
      1.3260
      1.2714
      1.2709
      1.2592
      1.2327
      1.2130
      1.1368
      1.0826
      1.0786
      1.0639
      1.0616
      1.0473
      1.0144
      1.0046
      0.8638
      0.8488
      0.8012
      0.7935
      0.7836
      0.6848
      0.6822
      0.6704
      0.6642
      0.6536
      0.6125
      0.5812
      0.5720
      0.5643
      0.4317
      0.4275
      0.3676
      0.3612
      0.1873
      0.1637
      0.1588
      0.1563
      0.1464
      0.1389
      0.1368
      0.1349
      0.1032
      0.1022
      0.0879
      0.0864
      0.0382
      0.0334
      0.0324
      0.0319
      0.0299
      0.0283
      0.0279
      0.0275
      0.0211
      0.0209
      0.0179
      0.0176
      0.0005
      0.0005
      0.0005
      0.0004
      0.0004
      0.0004
      0.0004
      0.0004
      0.0003
      0.0003
      0.0003
      0.0002
