1 4
1 2
1 6
1 3
1 1
1 5
2 6
2 2
2 5
2 1
2 3
2 4
3 1
3 2
3 3
3 5
4 6
4 4
5 5
5 2
5 1
5 6
5 3
5 4
6 1
6 6
6 3
6 5
6 4
6 2
7 6
7 1
7 4
7 3
7 5
7 2
8 1
8 3
8 4
8 2
8 6
8 5
9 4
9 6
9 5
9 2
9 3
9 1
10 5
10 1
10 3
10 6
10 2
10 4
11 3
11 1
11 4
11 2
11 6
11 5
12 6
12 3
12 4
12 2
12 1
12 5
13 1
13 3
13 6
13 4
13 5
14 2
15 3
15 2
15 6
15 5
15 4
15 1
16 6
16 5
16 1
16 2
16 3
16 4
17 4
17 3
17 6
17 5
17 1
17 2
18 3
18 2
18 1
18 4
18 6
18 5
19 5
19 6
19 3
19 2
19 1
19 4
20 6
20 2
20 5
20 4
20 1
20 3
21 1
21 3
21 6
21 5
21 2
21 4
22 5
22 3
22 1
22 2
22 6
22 4
23 3
23 5
23 4
23 2
23 6
23 1
24 2
25 1
25 4
25 6
25 3
25 5
26 3
26 2
26 4
26 5
26 1
26 6
27 5
27 1
27 2
27 3
27 6
27 4
28 6
28 4
28 1
28 5
28 2
28 3
29 5
29 4
29 1
29 2
29 3
29 6
30 4
30 5
30 1
30 2
30 6
30 3
31 2
31 3
31 6
31 1
31 4
31 5
32 1
32 6
32 4
32 3
32 5
32 2
33 2
33 6
33 5
34 4
34 3
34 1
35 3
35 6
35 1
35 2
35 4
35 5
36 5
36 2
36 4
36 3
36 1
36 6
37 4
37 6
37 2
37 5
37 3
37 1
38 2
38 3
38 4
38 6
38 1
38 5
39 6
39 4
39 5
39 3
39 1
39 2
40 4
40 3
40 5
40 6
40 2
40 1
41 2
41 4
41 6
41 5
41 3
41 1
42 6
42 1
43 2
43 4
43 3
43 5
44 2
44 4
44 5
44 1
44 3
44 6
45 1
45 6
45 4
45 3
45 2
45 5
46 3
46 6
46 1
46 4
46 5
46 2
47 2
47 5
47 3
47 4
47 1
47 6
48 5
48 6
48 2
48 4
48 3
48 1
49 5
49 2
49 3
49 6
49 1
49 4
50 1
50 2
50 6
50 4
50 5
50 3
51 6
51 5
52 4
52 2
52 1
52 3
53 1
53 4
53 6
53 2
53 5
53 3
54 1
54 4
54 2
54 6
54 5
54 3
55 3
55 6
55 4
55 5
55 1
55 2
56 3
56 6
56 1
56 4
56 5
56 2
57 6
57 3
57 1
57 2
57 4
57 5
58 5
58 3
58 4
58 6
58 1
58 2
59 6
59 1
59 5
59 3
59 2
59 4
60 2
60 4
60 3
61 1
61 5
61 6
62 3
62 6
62 5
62 2
62 1
62 4
63 3
63 4
63 6
63 1
63 2
63 5
64 6
64 3
64 5
64 1
64 2
64 4
65 4
65 3
65 5
65 1
65 6
65 2
66 6
66 1
66 5
66 4
66 3
66 2
67 3
67 1
67 2
67 6
67 5
67 4
68 4
68 6
68 1
68 2
68 3
68 5
69 3
69 2
69 4
69 6
69 1
70 5
71 4
71 2
71 6
71 5
71 3
71 1
72 1
72 2
72 5
72 6
72 3
72 4
73 6
73 2
73 1
73 3
73 4
73 5
74 4
74 1
74 3
74 5
74 6
74 2
75 4
75 2
75 6
75 5
75 1
75 3
76 4
76 2
76 3
76 5
76 1
76 6
77 3
77 6
77 4
77 5
77 2
77 1
78 2
78 1
78 4
78 3
78 6
78 5
79 5
79 6
79 3
79 1
80 2
80 4
81 6
81 3
81 4
81 2
81 5
81 1
82 4
82 2
82 6
82 5
82 1
82 3
83 4
83 2
83 1
83 6
83 3
83 5
84 1
84 2
84 4
84 5
84 6
84 3
85 2
85 6
85 4
85 1
85 5
85 3
86 5
86 1
86 3
86 6
86 4
86 2
87 2
87 6
87 4
87 1
87 3
87 5
88 1
88 4
88 5
88 3
88 2
88 6
89 5
90 4
90 2
90 1
90 3
90 6
91 5
91 1
91 4
91 2
91 3
91 6
92 2
92 3
92 1
92 5
92 6
92 4
93 3
93 6
93 5
93 4
93 1
93 2
94 1
94 5
94 2
94 4
94 6
94 3
95 3
95 1
95 4
95 6
95 5
95 2
96 3
96 2
96 4
96 6
96 1
96 5
97 3
97 4
97 1
97 2
97 5
97 6
98 6
98 3
98 5
98 1
98 4
98 2
99 2
99 4
99 3
99 5
99 6
100 1
101 5
101 2
101 1
101 6
101 4
101 3
102 5
102 3
102 6
102 2
102 4
102 1
103 4
103 1
103 5
103 3
103 6
103 2
104 3
104 1
104 4
104 6
104 5
104 2
105 2
105 3
105 5
105 4
105 1
105 6
106 3
106 4
106 5
106 2
106 1
106 6
107 5
107 6
107 2
107 1
107 4
107 3
108 3
108 1
108 4
109 5
109 6
109 2
110 1
110 5
110 6
110 4
110 2
110 3
111 4
111 2
111 6
111 3
111 5
111 1
112 4
112 5
112 1
112 3
112 6
112 2
113 2
113 3
113 6
113 1
113 5
113 4
114 1
114 4
114 3
114 5
114 2
114 6
115 4
115 5
115 3
115 2
115 6
115 1
116 6
116 5
116 4
116 3
116 1
116 2
117 3
117 5
118 4
118 6
118 1
118 2
119 6
119 3
119 2
119 1
119 4
119 5
120 6
120 3
120 2
120 5
120 4
120 1
121 4
121 6
121 5
121 3
121 2
121 1
122 5
122 3
122 2
122 1
122 6
122 4
123 1
123 6
123 2
123 5
123 4
123 3
124 5
124 3
124 6
124 4
124 1
124 2
125 2
125 3
125 4
125 1
125 5
125 6
126 4
126 6
127 1
127 5
127 3
127 2
128 4
128 3
128 6
128 1
128 5
128 2
129 4
129 1
129 6
129 2
129 3
129 5
130 2
130 5
130 4
130 1
130 6
130 3
131 6
131 3
131 2
131 5
131 4
131 1
132 1
132 2
132 5
132 4
132 3
132 6
133 1
133 6
133 2
133 3
133 4
133 5
134 5
134 4
134 6
134 1
134 3
134 2
135 1
135 6
135 2
135 5
136 4
136 3
137 5
137 2
137 4
137 3
137 1
137 6
138 4
138 3
138 6
138 1
138 2
138 5
139 5
139 4
139 2
139 3
139 6
139 1
140 2
140 1
140 3
140 5
140 4
140 6
141 1
141 6
141 3
141 4
141 2
141 5
142 5
142 3
142 1
142 2
142 6
142 4
143 4
143 3
143 6
143 5
143 1
143 2
144 4
144 5
144 3
144 6
145 2
145 1
146 4
146 1
146 5
146 6
146 2
146 3
147 3
147 6
147 2
147 5
147 4
147 1
148 2
148 3
148 5
148 1
148 6
148 4
149 2
149 1
149 4
149 5
149 3
149 6
150 5
150 6
150 1
150 4
150 2
150 3
151 5
151 1
151 4
151 2
151 6
151 3
152 2
152 3
152 1
152 5
152 4
152 6
153 1
153 6
153 2
153 3
154 4
154 5
155 2
155 1
155 4
155 6
155 3
155 5
156 1
156 2
156 5
156 6
156 3
156 4
157 2
157 4
157 6
157 1
157 3
157 5
158 2
158 3
158 1
158 5
158 6
158 4
159 4
159 1
159 6
159 5
159 2
159 3
