   10      5    0.00052800    0.44450000
   10     10    0.00052800    1.00000000
   10      6    0.00052800    0.55560000
   10      2    0.00052800    0.11120000
   10      7    0.00052800    0.66670000
   10      9    0.00052800    0.88890000
   10      8    0.00052800    0.77780000
   10      1    0.00052800    0.00010000
   10      3    0.00052800    0.22230000
   10      4    0.00052800    0.33340000
   20      7    0.00060600    0.66670000
   20      9    0.00060600    0.88890000
   20      8    0.00060600    0.77780000
   20      4    0.00060600    0.33340000
   20      3    0.00060600    0.22230000
   20      1    0.00060600    0.00010000
   20      6    0.00060600    0.55560000
   20      2    0.00060600    0.11120000
   20      5    0.00060600    0.44450000
   20     10    0.00060600    1.00000000
   30      6    0.00150100    0.55560000
   30      8    0.00150100    0.77780000
   30      5    0.00150100    0.44450000
   30      1    0.00150100    0.00010000
   30      3    0.00150100    0.22230000
   30      7    0.00150100    0.66670000
   30      9    0.00150100    0.88890000
   30      4    0.00150100    0.33340000
   30     10    0.00150100    1.00000000
   30      2    0.00150100    0.11120000
    9      1    0.12952700    0.00010000
    9      7    0.12952700    0.66670000
    9      2    0.12952700    0.11120000
    9     10    0.12952700    1.00000000
    9      5    0.12952700    0.44450000
    9      6    0.12952700    0.55560000
    9      4    0.12952700    0.33340000
    9      9    0.12952700    0.88890000
    9      8    0.12952700    0.77780000
    9      3    0.12952700    0.22230000
   19      3    0.14869300    0.22230000
   19      5    0.14869300    0.44450000
   19     10    0.14869300    1.00000000
   19      7    0.14869300    0.66670000
   19      1    0.14869300    0.00010000
   19      8    0.14869300    0.77780000
   19      9    0.14869300    0.88890000
   19      4    0.14869300    0.33340000
   19      6    0.14869300    0.55560000
   19      2    0.14869300    0.11120000
    8      9    0.25852600    0.88890000
    8     10    0.25852600    1.00000000
    8      6    0.25852600    0.55560000
    8      3    0.25852600    0.22230000
    8      1    0.25852600    0.00010000
    8      2    0.25852600    0.11120000
    8      7    0.25852600    0.66670000
    8      8    0.25852600    0.77780000
    8      4    0.25852600    0.33340000
    8      5    0.25852600    0.44450000
   18     10    0.29677900    1.00000000
   18      9    0.29677900    0.88890000
   18      8    0.29677900    0.77780000
   18      4    0.29677900    0.33340000
   18      7    0.29677900    0.66670000
   18      5    0.29677900    0.44450000
   18      2    0.29677900    0.11120000
   18      6    0.29677900    0.55560000
   18      3    0.29677900    0.22230000
   18      1    0.29677900    0.00010000
   29      5    0.36828500    0.44450000
   29      6    0.36828500    0.55560000
   29      2    0.36828500    0.11120000
   29      9    0.36828500    0.88890000
   29      8    0.36828500    0.77780000
   29      7    0.36828500    0.66670000
   29     10    0.36828500    1.00000000
   29      4    0.36828500    0.33340000
   29      3    0.36828500    0.22230000
   29      1    0.36828500    0.00010000
    7      2    0.38752500    0.11120000
    7      8    0.38752500    0.77780000
    7      7    0.38752500    0.66670000
    7      1    0.38752500    0.00010000
    7      5    0.38752500    0.44450000
    7      4    0.38752500    0.33340000
    7      6    0.38752500    0.55560000
    7      3    0.38752500    0.22230000
    7      9    0.38752500    0.88890000
    7     10    0.38752500    1.00000000
   17      7    0.44486600    0.66670000
   17     10    0.44486600    1.00000000
   17      9    0.44486600    0.88890000
   17      8    0.44486600    0.77780000
   17      2    0.44486600    0.11120000
   17      3    0.44486600    0.22230000
   17      4    0.44486600    0.33340000
   17      5    0.44486600    0.44450000
   17      6    0.44486600    0.55560000
   17      1    0.44486600    0.00010000
    6      1    0.51652400    0.00010000
    6      7    0.51652400    0.66670000
    6      3    0.51652400    0.22230000
    6      6    0.51652400    0.55560000
    6      2    0.51652400    0.11120000
    6      4    0.51652400    0.33340000
    6      8    0.51652400    0.77780000
    6      9    0.51652400    0.88890000
    6      5    0.51652400    0.44450000
    6     10    0.51652400    1.00000000
   16      7    0.59295300    0.66670000
   16      1    0.59295300    0.00010000
   16      4    0.59295300    0.33340000
   16     10    0.59295300    1.00000000
   16      9    0.59295300    0.88890000
   16      6    0.59295300    0.55560000
   16      8    0.59295300    0.77780000
   16      2    0.59295300    0.11120000
   16      3    0.59295300    0.22230000
   16      5    0.59295300    0.44450000
    5      5    0.64552200    0.44450000
    5      1    0.64552200    0.00010000
    5      9    0.64552200    0.88890000
    5      2    0.64552200    0.11120000
    5      4    0.64552200    0.33340000
    5     10    0.64552200    1.00000000
    5      6    0.64552200    0.55560000
    5      7    0.64552200    0.66670000
    5      8    0.64552200    0.77780000
    5      3    0.64552200    0.22230000
   28      5    0.73506800    0.44450000
   28      9    0.73506800    0.88890000
   28      4    0.73506800    0.33340000
   28      2    0.73506800    0.11120000
   28      6    0.73506800    0.55560000
   28      7    0.73506800    0.66670000
   28      1    0.73506800    0.00010000
   28     10    0.73506800    1.00000000
   28      3    0.73506800    0.22230000
   28      8    0.73506800    0.77780000
   15      4    0.74103900    0.33340000
   15      5    0.74103900    0.44450000
   15     10    0.74103900    1.00000000
   15      3    0.74103900    0.22230000
   15      8    0.74103900    0.77780000
   15      2    0.74103900    0.11120000
   15      7    0.74103900    0.66670000
   15      6    0.74103900    0.55560000
   15      9    0.74103900    0.88890000
   15      1    0.74103900    0.00010000
    4      2    0.77452100    0.11120000
    4      6    0.77452100    0.55560000
    4      4    0.77452100    0.33340000
    4      7    0.77452100    0.66670000
    4      3    0.77452100    0.22230000
    4      8    0.77452100    0.77780000
    4      1    0.77452100    0.00010000
    4      5    0.77452100    0.44450000
    4      9    0.77452100    0.88890000
    4     10    0.77452100    1.00000000
   14      9    0.88912600    0.88890000
   14      1    0.88912600    0.00010000
   14      7    0.88912600    0.66670000
   14      3    0.88912600    0.22230000
   14      8    0.88912600    0.77780000
   14     10    0.88912600    1.00000000
   14      2    0.88912600    0.11120000
   14      5    0.88912600    0.44450000
   14      4    0.88912600    0.33340000
   14      6    0.88912600    0.55560000
    3      8    0.90352000    0.77780000
    3      3    0.90352000    0.22230000
    3     10    0.90352000    1.00000000
    3      9    0.90352000    0.88890000
    3      6    0.90352000    0.55560000
    3      2    0.90352000    0.11120000
    3      1    0.90352000    0.00010000
    3      4    0.90352000    0.33340000
    3      5    0.90352000    0.44450000
    3      7    0.90352000    0.66670000
    2      9    1.03251900    0.88890000
    2      4    1.03251900    0.33340000
    2      8    1.03251900    0.77780000
    2      2    1.03251900    0.11120000
    2      5    1.03251900    0.44450000
    2      1    1.03251900    0.00010000
    2     10    1.03251900    1.00000000
    2      3    1.03251900    0.22230000
    2      6    1.03251900    0.55560000
    2      7    1.03251900    0.66670000
   13      5    1.03721300    0.44450000
   13      8    1.03721300    0.77780000
   13      6    1.03721300    0.55560000
   13      4    1.03721300    0.33340000
   13      1    1.03721300    0.00010000
   13     10    1.03721300    1.00000000
   13      3    1.03721300    0.22230000
   13      7    1.03721300    0.66670000
   13      2    1.03721300    0.11120000
   13      9    1.03721300    0.88890000
   27     10    1.10185200    1.00000000
   27      9    1.10185200    0.88890000
   27      5    1.10185200    0.44450000
   27      4    1.10185200    0.33340000
   27      8    1.10185200    0.77780000
   27      6    1.10185200    0.55560000
   27      7    1.10185200    0.66670000
   27      3    1.10185200    0.22230000
   27      1    1.10185200    0.00010000
   27      2    1.10185200    0.11120000
    1      9    1.16151800    0.88890000
    1      3    1.16151800    0.22230000
    1      7    1.16151800    0.66670000
    1      2    1.16151800    0.11120000
    1      8    1.16151800    0.77780000
    1      4    1.16151800    0.33340000
    1      1    1.16151800    0.00010000
    1     10    1.16151800    1.00000000
    1      5    1.16151800    0.44450000
    1      6    1.16151800    0.55560000
   12      6    1.18529900    0.55560000
   12      3    1.18529900    0.22230000
   12      7    1.18529900    0.66670000
   12      5    1.18529900    0.44450000
   12      9    1.18529900    0.88890000
   12      4    1.18529900    0.33340000
   12      1    1.18529900    0.00010000
   12      2    1.18529900    0.11120000
   12     10    1.18529900    1.00000000
   12      8    1.18529900    0.77780000
   11      2    1.33338600    0.11120000
   11      5    1.33338600    0.44450000
   11     10    1.33338600    1.00000000
   11      3    1.33338600    0.22230000
   11      1    1.33338600    0.00010000
   11      7    1.33338600    0.66670000
   11      6    1.33338600    0.55560000
   11      8    1.33338600    0.77780000
   11      9    1.33338600    0.88890000
   11      4    1.33338600    0.33340000
   26      7    1.46863600    0.66670000
   26      9    1.46863600    0.88890000
   26      3    1.46863600    0.22230000
   26      8    1.46863600    0.77780000
   26      6    1.46863600    0.55560000
   26      2    1.46863600    0.11120000
   26     10    1.46863600    1.00000000
   26      1    1.46863600    0.00010000
   26      5    1.46863600    0.44450000
   26      4    1.46863600    0.33340000
   25      5    1.83541900    0.44450000
   25      8    1.83541900    0.77780000
   25     10    1.83541900    1.00000000
   25      2    1.83541900    0.11120000
   25      4    1.83541900    0.33340000
   25      3    1.83541900    0.22230000
   25      7    1.83541900    0.66670000
   25      1    1.83541900    0.00010000
   25      6    1.83541900    0.55560000
   25      9    1.83541900    0.88890000
   24      5    2.20220300    0.44450000
   24      7    2.20220300    0.66670000
   24      8    2.20220300    0.77780000
   24      6    2.20220300    0.55560000
   24      4    2.20220300    0.33340000
   24      2    2.20220300    0.11120000
   24      1    2.20220300    0.00010000
   24      9    2.20220300    0.88890000
   24     10    2.20220300    1.00000000
   24      3    2.20220300    0.22230000
   23      3    2.56898700    0.22230000
   23      9    2.56898700    0.88890000
   23     10    2.56898700    1.00000000
   23      8    2.56898700    0.77780000
   23      7    2.56898700    0.66670000
   23      4    2.56898700    0.33340000
   23      6    2.56898700    0.55560000
   23      1    2.56898700    0.00010000
   23      2    2.56898700    0.11120000
   23      5    2.56898700    0.44450000
   22      5    2.93577100    0.44450000
   22      1    2.93577100    0.00010000
   22      4    2.93577100    0.33340000
   22      3    2.93577100    0.22230000
   22      2    2.93577100    0.11120000
   22      7    2.93577100    0.66670000
   22      8    2.93577100    0.77780000
   22     10    2.93577100    1.00000000
   22      9    2.93577100    0.88890000
   22      6    2.93577100    0.55560000
   21      8    3.30255400    0.77780000
   21      4    3.30255400    0.33340000
   21      7    3.30255400    0.66670000
   21     10    3.30255400    1.00000000
   21      1    3.30255400    0.00010000
   21      3    3.30255400    0.22230000
   21      6    3.30255400    0.55560000
   21      2    3.30255400    0.11120000
   21      9    3.30255400    0.88890000
   21      5    3.30255400    0.44450000
