      4.8206
      4.2319
      3.8287
      3.4607
      3.1453
      3.0381
      2.7858
      2.7722
      2.7486
      2.6588
      2.6100
      2.4337
      2.2580
      2.2018
      2.1751
      1.9999
      1.9908
      1.9581
      1.9088
      1.8737
      1.8730
      1.8584
      1.8088
      1.6021
      1.5615
      1.5290
      1.5010
      1.4292
      1.4057
      1.3827
      1.3446
      1.3341
      1.2508
      1.2138
      1.1449
      1.1261
      1.0982
      1.0771
      1.0687
      0.9022
      0.8906
      0.7991
      0.7819
      0.7626
      0.7486
      0.7074
      0.6239
      0.5811
      0.5710
      0.5617
      0.5372
      0.5330
      0.5147
      0.4912
      0.4822
      0.4019
      0.3678
      0.3618
      0.3460
      0.3434
      0.0492
      0.0432
      0.0391
      0.0321
      0.0284
      0.0271
      0.0266
      0.0222
      0.0203
      0.0200
      0.0191
      0.0190
      0.0002
      0.0001
      0.0001
      0.0001
      0.0001
      0.0001
      0.0001
      0.0001
      0.0001
      0.0001
      0.0001
      0.0001
