 10  8  9  3 00  0  0  0  0
  1  0  0  0  0  0  0  0  0  1  1
  3                                 z1
  3  4
                                     05.90179000 
                                     0.373586
                                     0.0934897
00.41119100 00.10695400 3.54427      0.054741
  1  1
1.
  1  1
0.           1.
  1  1
0.           0.           1.
  3                                 z2
  3  3
                                     00.91778200 
                                     00.35257700 
                                     0.0341691
00.16793400 00.07657460   0.0185601    
  1  1
1.
  1  1
0.           1.
  1  1
0.           0.           1.
  3                                   z3 
  3  3
                                     11.1041
                                     15.44500000   
                                     2.35403
8.23842     0.20509000   2.55779
  1  1  
1.
  1  1  
0.          1.
  1  1  
0.          0.            1.
  4                                z4
  4  4  
                                     3.35973
                                     3.36202
                                    5.42126
                                    0.696673
8.1754      0.505969    0.0174803   0.0215765
  1  1
1.
  1  1
0.          1.
  1  1
0.          0.          1.
  1  1
0.          0.          0.          1.
  3                                 z5
  3  4
                                     06.19776000 
                                     00.76742900 
                                     5.78045
00.45244200 00.13171900 00.16155500  4.49947
  1  1
1.
  1  1
0.           1.
  1  1
0.           0.           1.
  3                                 z6
  3  3
                                     00.09251270 
                                     0.296495
                                     1.10659
00.08565810  0.116283    0.419736
  1  1
1.
  1  1
0.           1.
  1  1
0.           0.           1.
  3                                  z7 
  3  3
                                     16.1419
                                     0.848642
                                     2.71594
0.248432    5.34579     11.1278
  1  1
1.
  1  1
0.          1.
  1  1
0.          0.            1.
  3                                 z8
  3  4
                                     01.69713000 
                                     03.31856000 
                                     0.942296
04.21919000 00.08328990 00.22390000  0.282291
  1  1
1.
  1  1
0.           1.
  1  1
0.           0.           1.
  3                                 z9
  3  3
                                     00.52894200 
                                     01.93588000 
                                     5.59409
00.11499300 01.09263000  0.0683293
  1  1
1.
  1  1
0.           1.
  1  1
0.           0.           1.
  3                               z10 
  3  3
                                    5.52105 
                                    11.6154
                                    0.420831
4.07631     0.113288      2.13486
  1  1
1.
  1  1
0.          1.
  1  1
0.           0.           1.
  4                                  z11
  4  4
                                     0.230596
                                     1.78047
                                     3.88499
                                     2.56685
0.0336667   3.22165      7.80254     0.461654
  1  1
1.
  1  1
0.          1.
  1  1
0.          0.          1.
  1  1
0.          0.          0.          1.
  2                                     z12
  2  2
                                    1.30471
                                    1.29006 
0.0241496   0.40953  
  1  1
1.
  1  1
0.          1.
  4                                  z13
  4  4
                                     00.26801900   
                                     6.44783
                                     06.52306000
                                     21.5443  
0.18539900   0.17637      1.41298000 0.998819 
  1  1
1.
  1  1
0.           1.
  1  1
0.           0.           1.
  1  1
0.          0.          0.          1.
  4                                     z14
  4  4
                                     1.3933
                                     0.928603
                                     5.799
                                     1.02197
5.08632     0.483913     0.448552    2.27299
  1  1
1.
  1  1
0.          1.
  1  1
0.          0.          1.
  1  1
0.          0.          0.          1.
  4                                     z15
  4  4
                                     1.14649
                                     3.96118 
                                     0.522766
                                     03.29222000 
0.179619    3.52943       1.45545    0.61041300 
  1  1
1.
  1  1
0.          1.
  1  1
0.           0.           1.
  1  1
0.          0.          0.          1.
  3                                 z16
  3  3
                                     03.40596000 
                                     01.45734000 
                                     1.12409
01.02776000 00.36226500    3.831
  1  1
1.
  1  1
0.          1.
  1  1
0.           0.           1.
  2                                  z17
  2  1
                                     00.26315100 
                                     02.62116000 
0.53108900  
  1  1
1.
  1  1
0.          1.
  3                                  z18
  3  3
                                     3.53566
                                     1.1428
                                     1.19226 
0.738999     0.273669     5.77738
  1  1
1. 
  1  1
0.            1.
  1  1
0.           0.           1.
  3                                  z19
  3  3
                                     00.27044300 
                                     2.30549
                                     5.59496 
00.59947300  1.62121      4.96071
  1  1
1.
  1  1
0.            1.
  1  1
0.           0.           1.
  4                                  z20
  4  4
                                     1.00693
                                     0.693355
                                     0.447469
                                     2.45063
1.8683      3.33935     0.300181     1.92646
  1  1
1.
  1  1
0.          1.
  1  1
0.          0.          1.
  1  1
0.          0.          0.          1.
  2                                 z21
  2  2
                                    1.59047 
                                    4.72283
9.43786     0.465166
  1  1
1. 
  1  1
0.          1.
  1                                     z22
  1  1
                                     0.749961
4.21402
  1  1
1.
  9                                                            Z1
  9  7
                                    11.183600   
                                    10.046900   
                                    6.905700    
                                    6.673700    
                                    2.975200    
                                    2.703300    
                                    0.671800    
                                    0.241300    
                                    0.037600    
   12.438100   12.226700    5.504700    4.794600    1.327100    0.433300
    0.000900
  1  1
          1.

  1  1
                      1.

  1  1
                                  1.

  1  1
                                              1.

  1  1
                                                          1.

  1  1
                                                                      1.

  1  1

          1.
  1  1

                      1.
  1  1

                                  1.
  9                                                            Z2
  9  7
                                    11.680000   
                                    10.148000   
                                    7.069600    
                                    6.586400    
                                    3.063900    
                                    0.919300    
                                    0.692500    
                                    0.257300    
                                    0.034800    
   13.908100   12.415400    5.515800    4.731800    1.328200    0.408600
    0.000900
  1  1
          1.

  1  1
                      1.

  1  1
                                  1.

  1  1
                                              1.

  1  1
                                                          1.

  1  1
                                                                      1.

  1  1

          1.
  1  1

                      1.
  1  1

                                  1.
  7                                                            Z3
  7  5
                                    10.086300   
                                    7.187200    
                                    6.895200    
                                    2.938800    
                                    0.781300    
                                    0.247300    
                                    0.032400    
   12.346700    5.014300    1.251600    0.442200    0.001000
  1  1
          1.

  1  1
                      1.

  1  1
                                  1.

  1  1
                                              1.

  1  1
                                                          1.

  1  1
                                                                      1.

  1  1

          1.
  9                                                            Z4
  9  6
                                    11.261000   
                                    10.668400   
                                    7.871200    
                                    6.523400    
                                    3.087400    
                                    2.786800    
                                    1.003600    
                                    0.751600    
                                    0.033300    
   13.754100    5.532100    4.826500    1.232100    0.444100    0.000900
  1  1
          1.

  1  1
                      1.

  1  1
                                  1.

  1  1
                                              1.

  1  1
                                                          1.

  1  1
                                                                      1.

  1  1

          1.
  1  1

                      1.
  1  1

                                  1.
  7                                                            Z5
  7  7
                                    10.874600   
                                    10.350000   
                                    7.027500    
                                    2.838000    
                                    0.733400    
                                    0.237700    
                                    0.034200    
   13.080700   12.245900    5.165900    4.779500    1.423800    0.401500
    0.000900
  1  1
          1.

  1  1
                      1.

  1  1
                                  1.

  1  1
                                              1.

  1  1
                                                          1.

  1  1
                                                                      1.

  1  1

          1.
  8                                                            Z6
  8  7
                                    11.399700   
                                    7.770600    
                                    6.646400    
                                    2.849700    
                                    0.963900    
                                    0.710300    
                                    0.260700    
                                    0.032400    
   13.206200   12.499000    5.447200    5.005900    1.368200    0.408500
    0.000900
  1  1
          1.

  1  1
                      1.

  1  1
                                  1.

  1  1
                                              1.

  1  1
                                                          1.

  1  1
                                                                      1.

  1  1

          1.
  1  1

                      1.
  9                                                            Z7
  9  6
                                    11.159600   
                                    10.284700   
                                    7.709300    
                                    7.057000    
                                    2.592700    
                                    0.880200    
                                    0.664100    
                                    0.242300    
                                    0.036000    
   13.671200    5.293600    4.660400    1.318800    0.401000    0.001000
  1  1
          1.

  1  1
                      1.

  1  1
                                  1.

  1  1
                                              1.

  1  1
                                                          1.

  1  1
                                                                      1.

  1  1

          1.
  1  1

                      1.
  1  1

                                  1.
 10                                                            Z8
 10  6
                                    11.090000   
                                    10.401500   
                                    7.095400    
                                    6.770700    
                                    2.795500    
                                    2.593200    
                                    0.877900    
                                    0.667100    
                                    0.267400    
                                    0.036700    
   12.713800    5.628000    4.715200    1.372300    0.418200    0.001000
  1  1
          1.

  1  1
                      1.

  1  1
                                  1.

  1  1
                                              1.

  1  1
                                                          1.

  1  1
                                                                      1.

  1  1

          1.
  1  1

                      1.
  1  1

                                  1.
  1  1

                                              1.
  9                                                            Z9
  9  7
                                    11.657000   
                                    10.854200   
                                    7.500500    
                                    6.827900    
                                    2.768500    
                                    1.000800    
                                    0.683200    
                                    0.255900    
                                    0.035300    
   13.785300   11.819200    5.462300    5.217300    1.353800    0.448900
    0.001000
  1  1
          1.

  1  1
                      1.

  1  1
                                  1.

  1  1
                                              1.

  1  1
                                                          1.

  1  1
                                                                      1.

  1  1

          1.
  1  1

                      1.
  1  1

                                  1.
  8                                                            Z10
  8  6
                                    11.502600   
                                    10.775500   
                                    6.770600    
                                    3.008500    
                                    0.932300    
                                    0.685000    
                                    0.246400    
                                    0.033200    
   13.811200   12.123700    4.866800    1.314000    0.436100    0.001000
  1  1
          1.

  1  1
                      1.

  1  1
                                  1.

  1  1
                                              1.

  1  1
                                                          1.

  1  1
                                                                      1.

  1  1

          1.
  1  1

                      1.
  9                                                            Z11
  9  6
                                    11.540400   
                                    10.022700   
                                    7.666200    
                                    7.344100    
                                    2.988200    
                                    2.783300    
                                    0.696400    
                                    0.238100    
                                    0.035700    
   14.234400   13.169000    5.481700    1.293500    0.457300    0.001000
  1  1
          1.

  1  1
                      1.

  1  1
                                  1.

  1  1
                                              1.

  1  1
                                                          1.

  1  1
                                                                      1.

  1  1

          1.
  1  1

                      1.
  1  1

                                  1.
  9                                                            Z12
  9  8
                                    11.977300   
                                    7.846900    
                                    7.265700    
                                    3.042100    
                                    2.684900    
                                    0.997600    
                                    0.710800    
                                    0.260500    
                                    0.036100    
   13.306800   11.913100    5.367300    4.771200    1.430900    1.208500
    0.426600    0.000900
  1  1
          1.

  1  1
                      1.

  1  1
                                  1.

  1  1
                                              1.

  1  1
                                                          1.

  1  1
                                                                      1.

  1  1

          1.
  1  1

                      1.
  1  1

                                  1.
