 10  8  9  3 00  0  0  0
/home/kirscher/kette_repo/ComptonLIT/v18uix_helium3/he3_efficient/AV18
  8                                                            Z1
  8 24
                                    19.613377   
                                    14.400612   
                                    12.920615   
                                    12.711350   
                                    11.200771   
                                    8.557621    
                                    7.192463    
                                    6.854322    
   13.759830    8.856937    8.420340    8.343859    7.559665    6.438461
    6.267678    6.225406    5.947437    5.904357    4.558882    4.179062
    4.070856    3.012662    1.732537    0.263820    0.141992    0.073219
    0.039484    0.019039    0.009970    0.005760    0.002834    0.001035
  1  1
          1.

  1  1
                      1.

  1  1
                                  1.

  1  1
                                              1.

  1  1
                                                          1.

  1  1
                                                                      1.

  1  1

          1.
  1  1

                      1.
  8                                                            Z2
  8 24
                                    6.368920    
                                    2.452366    
                                    1.410319    
                                    0.988987    
                                    0.703418    
                                    0.417303    
                                    0.214754    
                                    0.032141    
   13.759830    8.856937    8.420340    8.343859    7.559665    6.438461
    6.267678    6.225406    5.947437    5.904357    4.558882    4.179062
    4.070856    3.012662    1.732537    0.263820    0.141992    0.073219
    0.039484    0.019039    0.009970    0.005760    0.002834    0.001035
  1  1
          1.

  1  1
                      1.

  1  1
                                  1.

  1  1
                                              1.

  1  1
                                                          1.

  1  1
                                                                      1.

  1  1

          1.
  1  1

                      1.
  8                                                            Z3
  8 23
                                    18.395468   
                                    16.067122   
                                    13.982428   
                                    8.556560    
                                    4.632633    
                                    3.061399    
                                    2.306956    
                                    1.760565    
   11.618277    7.120643    7.109815    5.132944    5.069389    4.989659
    4.329846    4.247909    4.130408    3.849346    2.543777    1.462888
    1.025851    0.982302    0.729637    0.718639    0.222759    0.033339
    0.016075    0.008418    0.004864    0.002393    0.000874
  1  1
          1.

  1  1
                      1.

  1  1
                                  1.

  1  1
                                              1.

  1  1
                                                          1.

  1  1
                                                                      1.

  1  1

          1.
  1  1

                      1.
  7                                                            Z4
  7 23
                                    1.234597    
                                    0.878108    
                                    0.520938    
                                    0.268088    
                                    0.144289    
                                    0.074404    
                                    0.040123    
   11.618277    7.120643    7.109815    5.132944    5.069389    4.989659
    4.329846    4.247909    4.130408    3.849346    2.543777    1.462888
    1.025851    0.982302    0.729637    0.718639    0.222759    0.033339
    0.016075    0.008418    0.004864    0.002393    0.000874
  1  1
          1.

  1  1
                      1.

  1  1
                                  1.

  1  1
                                              1.

  1  1
                                                          1.

  1  1
                                                                      1.

  1  1

          1.
 10                                                            Z5
 10 21
                                    19.408170   
                                    16.451161   
                                    15.686954   
                                    15.376250   
                                    13.855051   
                                    13.599317   
                                    12.972632   
                                    7.938614    
                                    6.262572    
                                    4.298069    
   12.734123    9.467456    7.106199    4.241749    4.219046    3.479346
    3.361386    2.788088    2.772177    2.148857    0.771029    0.474430
    0.244154    0.184064    0.067761    0.036541    0.017619    0.009227
    0.005331    0.002623    0.000958
  1  1
          1.

  1  1
                      1.

  1  1
                                  1.

  1  1
                                              1.

  1  1
                                                          1.

  1  1
                                                                      1.

  1  1

          1.
  1  1

                      1.
  1  1

                                  1.
  1  1

                                              1.
 10                                                            Z6
 10 21
                                    3.493075    
                                    3.212994    
                                    2.840308    
                                    1.633418    
                                    1.145436    
                                    0.655384    
                                    0.483316    
                                    0.248727    
                                    0.069030    
                                    0.037226    
   12.734123    9.467456    7.106199    4.241749    4.219046    3.479346
    3.361386    2.788088    2.772177    2.148857    0.771029    0.474430
    0.244154    0.184064    0.067761    0.036541    0.017619    0.009227
    0.005331    0.002623    0.000958
  1  1
          1.

  1  1
                      1.

  1  1
                                  1.

  1  1
                                              1.

  1  1
                                                          1.

  1  1
                                                                      1.

  1  1

          1.
  1  1

                      1.
  1  1

                                  1.
  1  1

                                              1.
  8                                                            Z7
  8 23
                                    16.734965   
                                    14.867235   
                                    13.657129   
                                    12.148409   
                                    9.098018    
                                    8.905823    
                                    8.261400    
                                    7.317887    
   15.834501    9.689937    7.921326    7.756435    6.914099    6.627054
    6.097732    5.246258    4.912861    3.466904    3.201646    1.398128
    0.994420    0.944992    0.589940    0.303598    0.163401    0.084259
    0.021909    0.011473    0.006629    0.003262    0.001191
  1  1
          1.

  1  1
                      1.

  1  1
                                  1.

  1  1
                                              1.

  1  1
                                                          1.

  1  1
                                                                      1.

  1  1

          1.
  1  1

                      1.
  8                                                            Z8
  8 23
                                    4.925785    
                                    3.255124    
                                    1.871973    
                                    1.312722    
                                    0.933675    
                                    0.153419    
                                    0.079112    
                                    0.042662    
   15.834501    9.689937    7.921326    7.756435    6.914099    6.627054
    6.097732    5.246258    4.912861    3.466904    3.201646    1.398128
    0.994420    0.944992    0.589940    0.303598    0.163401    0.084259
    0.021909    0.011473    0.006629    0.003262    0.001191
  1  1
          1.

  1  1
                      1.

  1  1
                                  1.

  1  1
                                              1.

  1  1
                                                          1.

  1  1
                                                                      1.

  1  1

          1.
  1  1

                      1.
  8                                                            Z9
  8 23
                                    18.873778   
                                    14.381723   
                                    14.188572   
                                    12.084799   
                                    11.678684   
                                    8.800908    
                                    4.995272    
                                    3.684879    
   11.606955    8.816440    8.511421    8.121535    7.924550    7.102887
    6.920553    6.883756    4.593231    3.845595    2.541299    2.192137
    1.461462    1.024851    0.966720    0.728926    0.222542    0.033307
    0.016060    0.008410    0.004859    0.002391    0.000873
  1  1
          1.

  1  1
                      1.

  1  1
                                  1.

  1  1
                                              1.

  1  1
                                                          1.

  1  1
                                                                      1.

  1  1

          1.
  1  1

                      1.
  8                                                            Z10
  8 23
                                    3.148823    
                                    1.336447    
                                    1.269853    
                                    0.836519    
                                    0.535814    
                                    0.148409    
                                    0.076529    
                                    0.041269    
   11.606955    8.816440    8.511421    8.121535    7.924550    7.102887
    6.920553    6.883756    4.593231    3.845595    2.541299    2.192137
    1.461462    1.024851    0.966720    0.728926    0.222542    0.033307
    0.016060    0.008410    0.004859    0.002391    0.000873
  1  1
          1.

  1  1
                      1.

  1  1
                                  1.

  1  1
                                              1.

  1  1
                                                          1.

  1  1
                                                                      1.

  1  1

          1.
  1  1

                      1.
