 10  8  9  3 00  0  0  0  0
  1  1  1  1  1  1  1  1  1  1  1
  3                                 z1
  3  4
                                     05.90179000 
                                     0.373586
                                     0.0934897
00.41119100 00.10695400 3.54427      0.054741
  1  1
1.
  1  1
0.           1.
  1  1
0.           0.           1.
  3                                 z2
  3  3
                                     00.91778200 
                                     00.35257700 
                                     0.0341691
00.16793400 00.07657460   0.0185601    
  1  1
1.
  1  1
0.           1.
  1  1
0.           0.           1.
  3                                   z3 
  3  3
                                     11.1041
                                     15.44500000   
                                     2.35403
8.23842     0.20509000   2.55779
  1  1  
1.
  1  1  
0.          1.
  1  1  
0.          0.            1.
  4                                z4
  4  4  
                                     3.35973
                                     3.36202
                                    5.42126
                                    0.696673
8.1754      0.505969    0.0174803   0.0215765
  1  1
1.
  1  1
0.          1.
  1  1
0.          0.          1.
  1  1
0.          0.          0.          1.
  3                                 z5
  3  4
                                     06.19776000 
                                     00.76742900 
                                     5.78045
00.45244200 00.13171900 00.16155500  4.49947
  1  1
1.
  1  1
0.           1.
  1  1
0.           0.           1.
  3                                 z6
  3  3
                                     00.09251270 
                                     0.296495
                                     1.10659
00.08565810  0.116283    0.419736
  1  1
1.
  1  1
0.           1.
  1  1
0.           0.           1.
  3                                  z7 
  3  3
                                     16.1419
                                     0.848642
                                     2.71594
0.248432    5.34579     11.1278
  1  1
1.
  1  1
0.          1.
  1  1
0.          0.            1.
  3                                 z8
  3  4
                                     01.69713000 
                                     03.31856000 
                                     0.942296
04.21919000 00.08328990 00.22390000  0.282291
  1  1
1.
  1  1
0.           1.
  1  1
0.           0.           1.
  3                                 z9
  3  3
                                     00.52894200 
                                     01.93588000 
                                     5.59409
00.11499300 01.09263000  0.0683293
  1  1
1.
  1  1
0.           1.
  1  1
0.           0.           1.
  3                               z10 
  3  3
                                    5.52105 
                                    11.6154
                                    0.420831
4.07631     0.113288      2.13486
  1  1
1.
  1  1
0.          1.
  1  1
0.           0.           1.
  4                                  z11
  4  4
                                     0.230596
                                     1.78047
                                     3.88499
                                     2.56685
0.0336667   3.22165      7.80254     0.461654
  1  1
1.
  1  1
0.          1.
  1  1
0.          0.          1.
  1  1
0.          0.          0.          1.
  2                                     z12
  2  2
                                    1.30471
                                    1.29006 
0.0241496   0.40953  
  1  1
1.
  1  1
0.          1.
  4                                  z13
  4  4
                                     00.26801900   
                                     6.44783
                                     06.52306000
                                     21.5443  
0.18539900   0.17637      1.41298000 0.998819 
  1  1
1.
  1  1
0.           1.
  1  1
0.           0.           1.
  1  1
0.          0.          0.          1.
  4                                     z14
  4  4
                                     1.3933
                                     0.928603
                                     5.799
                                     1.02197
5.08632     0.483913     0.448552    2.27299
  1  1
1.
  1  1
0.          1.
  1  1
0.          0.          1.
  1  1
0.          0.          0.          1.
  4                                     z15
  4  4
                                     1.14649
                                     3.96118 
                                     0.522766
                                     03.29222000 
0.179619    3.52943       1.45545    0.61041300 
  1  1
1.
  1  1
0.          1.
  1  1
0.           0.           1.
  1  1
0.          0.          0.          1.
  3                                 z16
  3  3
                                     03.40596000 
                                     01.45734000 
                                     1.12409
01.02776000 00.36226500    3.831
  1  1
1.
  1  1
0.          1.
  1  1
0.           0.           1.
  2                                  z17
  2  1
                                     00.26315100 
                                     02.62116000 
0.53108900  
  1  1
1.
  1  1
0.          1.
  3                                  z18
  3  3
                                     3.53566
                                     1.1428
                                     1.19226 
0.738999     0.273669     5.77738
  1  1
1. 
  1  1
0.            1.
  1  1
0.           0.           1.
  3                                  z19
  3  3
                                     00.27044300 
                                     2.30549
                                     5.59496 
00.59947300  1.62121      4.96071
  1  1
1.
  1  1
0.            1.
  1  1
0.           0.           1.
  4                                  z20
  4  4
                                     1.00693
                                     0.693355
                                     0.447469
                                     2.45063
1.8683      3.33935     0.300181     1.92646
  1  1
1.
  1  1
0.          1.
  1  1
0.          0.          1.
  1  1
0.          0.          0.          1.
  2                                 z21
  2  2
                                    1.59047 
                                    4.72283
9.43786     0.465166
  1  1
1. 
  1  1
0.          1.
  1                                     z22
  1  1
                                     0.749961
4.21402
  1  1
1.
 12                                                            Z1
 12 20
                                    16.703092   
                                    5.407315    
                                    4.335422    
                                    4.048024    
                                    4.042475    
                                    3.780702    
                                    3.539292    
                                    2.090353    
                                    1.967790    
                                    1.861130    
                                    1.735178    
                                    0.592378    
   16.317058   11.041663    6.659998    6.033043    5.781736    4.720452
    4.589057    4.009392    3.888616    3.407060    2.990119    2.394261
    2.289495    2.200987    1.883611    1.674813    1.652752    1.506883
    1.165355    0.758978
  1  1
          1.

  1  1
                      1.

  1  1
                                  1.

  1  1
                                              1.

  1  1
                                                          1.

  1  1
                                                                      1.

  1  1

          1.
  1  1

                      1.
  1  1

                                  1.
  1  1

                                              1.
  1  1

                                                          1.
  1  1

                                                                      1.
 12                                                            Z2
 12 20
                                    10.113969   
                                    8.848703    
                                    5.614855    
                                    5.200304    
                                    3.874928    
                                    3.090790    
                                    2.921962    
                                    2.643010    
                                    1.798968    
                                    1.696700    
                                    1.605772    
                                    0.577761    
    5.781736    5.560025    5.486163    5.259502    4.558022    3.978877
    3.880175    3.595918    3.565296    3.394798    3.358383    2.812185
    2.674575    2.405680    2.319267    1.911714    1.833429    1.789347
    1.495281    0.790728
  1  1
          1.

  1  1
                      1.

  1  1
                                  1.

  1  1
                                              1.

  1  1
                                                          1.

  1  1
                                                                      1.

  1  1

          1.
  1  1

                      1.
  1  1

                                  1.
  1  1

                                              1.
  1  1

                                                          1.
  1  1

                                                                      1.
 12                                                            Z3
 12 20
                                    7.300403    
                                    6.508887    
                                    4.508033    
                                    3.973690    
                                    3.822694    
                                    2.190992    
                                    1.874541    
                                    1.638698    
                                    1.512546    
                                    1.494513    
                                    1.431848    
                                    1.051673    
    8.748084    7.681259    7.651365    6.342132    5.617022    5.313194
    4.922112    4.404805    4.241365    4.199653    3.937769    3.511404
    3.366948    2.897899    2.864013    1.807545    1.734875    1.118324
    1.029842    0.912703
  1  1
          1.

  1  1
                      1.

  1  1
                                  1.

  1  1
                                              1.

  1  1
                                                          1.

  1  1
                                                                      1.

  1  1

          1.
  1  1

                      1.
  1  1

                                  1.
  1  1

                                              1.
  1  1

                                                          1.
  1  1

                                                                      1.
 12                                                            Z4
 12 20
                                    7.178267    
                                    5.864557    
                                    4.395806    
                                    3.761023    
                                    3.685487    
                                    3.387051    
                                    2.684680    
                                    2.223481    
                                    2.087419    
                                    1.845110    
                                    0.954615    
                                    0.544667    
   11.929526    9.766240    9.387094    8.285728    8.101811    5.510752
    4.821246    4.659024    4.292515    3.910457    3.877622    3.616225
    3.091020    2.338768    2.067753    1.703665    1.630397    1.117260
    0.938981    0.930064
  1  1
          1.

  1  1
                      1.

  1  1
                                  1.

  1  1
                                              1.

  1  1
                                                          1.

  1  1
                                                                      1.

  1  1

          1.
  1  1

                      1.
  1  1

                                  1.
  1  1

                                              1.
  1  1

                                                          1.
  1  1

                                                                      1.
 12                                                            Z5
 12 20
                                    6.455120    
                                    5.614855    
                                    5.368069    
                                    4.015659    
                                    3.583413    
                                    2.499450    
                                    2.220906    
                                    2.012261    
                                    1.107268    
                                    0.963130    
                                    0.954860    
                                    0.810317    
   12.133911    6.700088    5.487048    5.305944    5.035719    4.756866
    4.384833    3.594606    2.909750    2.785761    2.580031    2.386582
    1.900776    1.688530    1.574257    1.446458    1.401917    1.299899
    1.169278    0.855546
  1  1
          1.

  1  1
                      1.

  1  1
                                  1.

  1  1
                                              1.

  1  1
                                                          1.

  1  1
                                                                      1.

  1  1

          1.
  1  1

                      1.
  1  1

                                  1.
  1  1

                                              1.
  1  1

                                                          1.
  1  1

                                                                      1.
