     21.5443
     16.1419
     15.4450
     11.6154
     11.1041
      6.5231
      6.4478
      6.1978
      5.9018
      5.7990
      5.7805
      5.5950
      5.5941
      5.5210
      5.4213
      4.7228
      3.9612
      3.8850
      3.5357
      3.4060
      3.3620
      3.3597
      3.3186
      3.2922
      2.7159
      2.6212
      2.5669
      2.4506
      2.3540
      2.3055
      1.9359
      1.7805
      1.6971
      1.5905
      1.4573
      1.3933
      1.3047
      1.2901
      1.1923
      1.1465
      1.1428
      1.1241
      1.1066
      1.0220
      1.0069
      0.9423
      0.9286
      0.9178
      0.8486
      0.7674
      0.7500
      0.6967
      0.6934
      0.5289
      0.5228
      0.4475
      0.4208
      0.3736
      0.3526
      0.2965
      0.2704
      0.2680
      0.2632
      0.2306
      0.0935
      0.0925
      0.0342
