     11.8444 ;      10.7048 ;       7.8607 ;       6.6815 ;       3.0096 ;       2.6986 ;       0.9483 ;       0.6568 ;       0.2512 ;       0.0339
     10.3553 ;       9.8769 ;       7.7220 ;       7.4881 ;       2.8877 ;       0.9594 ;       0.7545 ;       0.2430 ;       0.0358
     11.7992 ;      10.9680 ;       7.5908 ;       6.7181 ;       2.9224 ;       0.9795 ;       0.6913 ;       0.2367 ;       0.0321
     10.6038 ;       7.4143 ;       6.8459 ;       2.6105 ;       0.9790 ;       0.7458 ;       0.2477 ;       0.0362
     10.7829 ;       7.5216 ;       7.0087 ;       3.0111 ;       0.7207 ;       0.2347 ;       0.0331
     11.0529 ;      10.6426 ;       7.7264 ;       7.2562 ;       2.9850 ;       2.7157 ;       0.7603 ;       0.0354
     11.5710 ;       9.9220 ;       7.8637 ;       6.8438 ;       2.9585 ;       0.9889 ;       0.7010 ;       0.2426 ;       0.0354
     10.5474 ;       7.9556 ;       7.3262 ;       2.5984 ;       0.9247 ;       0.6553 ;       0.2603 ;       0.0378
     11.3246 ;      10.8663 ;       7.8546 ;       7.0949 ;       3.1261 ;       2.6075 ;       0.9198 ;       0.6981 ;       0.2554 ;       0.0327
     11.5121 ;       7.6208 ;       3.0223 ;       2.7042 ;       0.9568 ;       0.7019 ;       0.2599 ;       0.0337
     11.7815 ;      11.4831 ;       7.0542 ;       3.0205 ;       2.6621 ;       0.7574 ;       0.2649 ;       0.0321
     11.2963 ;       6.9961 ;       2.7641 ;       0.9142 ;       0.6645 ;       0.0357
