     11.1278
      9.4379
      8.2384
      8.1754
      7.8025
      5.7774
      5.3458
      5.0863
      4.9607
      4.4995
      4.2192
      4.2140
      4.0763
      3.8310
      3.5443
      3.5294
      3.3394
      3.2216
      2.5578
      2.2730
      2.1349
      1.9265
      1.8683
      1.6212
      1.4554
      1.4130
      1.0926
      1.0278
      0.9988
      0.7390
      0.6104
      0.5995
      0.5311
      0.5060
      0.4839
      0.4652
      0.4617
      0.4524
      0.4486
      0.4197
      0.4112
      0.4095
      0.3623
      0.3002
      0.2823
      0.2737
      0.2484
      0.2239
      0.2051
      0.1854
      0.1796
      0.1764
      0.1679
      0.1616
      0.1317
      0.1163
      0.1150
      0.1133
      0.1070
      0.0857
      0.0833
      0.0766
      0.0683
      0.0547
      0.0337
      0.0241
      0.0216
      0.0186
      0.0175
