 11  2 12 31  1  1 +2  0  0 -1  0  1
  1  1  1  1  1  1  1  1  1  1  1  1  1  1  1  1  1  1  1  1  1  1  1  1  1  1  1  1  1  1  1  1  1  1  1  1  1  1  1  1
   1.0000000   1.0000000   1.0000000   1.0000000   1.0000000   1.0000000   1.0000000
   1.0000000   1.0000000   1.0000000   1.0000000   1.0000000   1.0000000   1.0000000
   1.0000000   1.0000000   1.0000000   1.0000000   1.0000000   1.0000000   1.0000000
   1.0000000   1.0000000   1.0000000   1.0000000   1.0000000   1.0000000   0.0000000
   0.0000000
   1  73   1   0   0
   1   2
  0  0  0  0  0  0  0  0  0  1
   1   2
  0  0  0  0  0  0  0  0  0  0  0  0  0  1
   1   6
  0  0  0  0  0  0  0  0  0  0  1
   1   7
  0  0  0  0  0  0  0  0  0  0  0  0  0  1
   1   9
  1
   1   9
  0  0  0  0  0  0  0  0  0  0  0  0  0  0  0  1
   1  10
  0  0  0  0  0  0  1
   1  11
  0  0  0  0  0  0  0  0  0  0  0  0  0  1
   1  12
  0  0  0  1
   1  12
  0  0  0  0  0  0  0  0  0  0  1
   1  13
  0  0  0  0  0  0  0  0  0  0  0  0  1
   1  14
  0  0  0  1
   1  15
  0  0  0  0  0  0  1
   1  16
  0  0  1
   1  18
  0  0  0  0  1
   1  18
  0  0  0  0  0  0  0  0  0  0  0  0  0  0  0  0  1
   1  19
  0  0  0  0  0  1
   1  19
  0  0  0  0  0  0  0  0  0  0  0  1
   1  20
  0  0  0  0  0  0  0  0  0  0  0  0  0  0  0  0  1
   1  22
  0  0  0  1
   1  23
  0  0  1
   1  23
  0  0  0  0  0  0  0  1
   1  25
  0  0  0  0  0  0  0  0  1
   1  26
  0  0  0  0  0  0  0  0  0  0  0  1
   1  26
  0  0  0  0  0  0  0  0  0  0  0  0  0  0  0  0  0  0  1
   1  27
  1
   1  29
  0  0  0  0  0  0  0  0  0  0  0  0  0  1
   1  30
  0  0  0  0  0  0  0  0  0  0  0  0  0  0  0  0  0  0  1
   1  32
  0  0  0  0  0  0  0  0  0  1
   1  33
  0  0  0  0  1
   1  33
  0  0  0  0  0  0  0  0  0  1
   1  33
  0  0  0  0  0  0  0  0  0  0  0  0  0  0  1
   1  33
  0  0  0  0  0  0  0  0  0  0  0  0  0  0  0  0  0  1
   1  36
  0  0  0  0  0  0  0  0  0  0  0  0  0  0  0  0  0  1
   1  38
  0  0  0  0  0  0  0  0  0  0  0  0  0  0  0  0  0  1
   1  39
  1
   1  41
  0  0  0  1
   1  42
  0  0  0  0  0  0  0  0  0  0  0  0  0  1
   1  42
  0  0  0  0  0  0  0  0  0  0  0  0  0  0  0  0  1
   1  44
  0  0  0  0  0  0  0  0  0  0  1
   1  45
  0  0  0  0  0  0  0  0  1
   1  46
  0  0  0  0  0  0  1
   1  49
  0  0  0  0  0  0  0  0  0  1
   1  50
  0  0  0  0  0  0  0  0  0  0  0  0  0  0  0  1
   1  54
  1
   1  57
  0  0  0  0  0  0  0  0  0  0  0  1
   1  58
  0  0  0  0  0  0  0  0  0  0  0  1
   1  59
  0  0  0  0  0  1
   1  59
  0  0  0  0  0  0  0  0  0  0  0  0  0  0  1
   1  60
  0  0  0  0  1
   1  60
  0  0  0  0  0  0  0  0  0  0  1
   1  61
  0  0  0  0  0  0  0  0  0  0  1
   1  61
  0  0  0  0  0  0  0  0  0  0  0  0  0  0  0  0  0  0  1
   1  62
  0  0  0  0  1
   1  63
  0  0  0  0  1
   1  63
  0  0  0  0  0  1
   1  63
  0  0  0  0  0  0  0  0  0  1
   1  63
  0  0  0  0  0  0  0  0  0  0  0  0  0  0  0  1
   1  64
  0  0  0  0  0  0  0  0  0  0  0  0  0  0  0  0  1
   1  66
  0  0  0  0  0  0  0  0  0  0  0  0  0  1
   1  68
  0  0  1
   1  68
  0  0  0  1
   1  69
  0  0  0  1
   1  70
  0  0  1
   1  74
  0  0  0  0  1
   1  75
  0  0  1
   1  77
  0  0  0  0  0  1
   1  82
  0  0  0  1
   1  82
  0  0  0  0  0  0  0  0  0  0  0  0  0  0  1
   1  83
  1
   1  83
  0  0  0  1
   1  83
  0  0  0  0  0  1
   1  83
  0  0  0  0  0  0  0  0  0  1
