 11  3 12 31  1  1  2  0  0 -1
  1  1  1  1  1  1  1  1  1  1  1  1  1  1  1  1  1  1  1  1  1  1  1  1  1  1  1  1  1  1  1  1  1  1  1  1  1  1  1  1  1  1  1  1  1  1  1  1  1  1  1  1  1  1
1.0           1.0            1.00        1.000         1.0000       1.     1.
1.            1.0            1.00        1.000         1.0000       1.     1.
1.            1.0            1.00        1.000         1.0000       1.     1.
1.            1.0            1.00        1.000         1.0000       1.     0.
0.
  1  2  0  0  1  1
10
1.
2.
3.
4.
5.
6.
7.
8.
9.
10.
  2  1  3
 10  1  2  3  4  5  6  7  8  9 10
  1  2  3  4  5  6  7  8  9 10
  1  1  1  1  1  1  1  1  1  1
  2  1  3 -1
  1  1
  2
  0  1  0  1  0  1
