  0  0  0  1
  1  1  1  1  1  1  1  1  1  1  1  1  1  1  1  1  1  1  1  1
  4
 22  3
  3  6  1  2           No1: t=0, S=1/2, l=even
  1  1  1
  1  3  2
  1  4  1
  2  3  1
  3  1  2
  3  2  1
  4  1  1
  1  3
 -1 12
 -1 12
 -1  3
  1 12
  1 12
  3  6  1  2           No1: t=0, S=1/2, l=even
  1  1  1
  1  3  2
  1  4  1
  2  3  1
  3  1  2
  3  2  1
  4  1  1
  1  3
 -1 12
 -1 12
 -1  3
  1 12
  1 12
  3  6  1  2           No1: t=0, S=1/2, l=even
  1  1  1
  1  3  2
  1  4  1
  2  3  1
  3  1  2
  3  2  1
  4  1  1
  1  3
 -1 12
 -1 12
 -1  3
  1 12
  1 12
  3  6  1  2           No1: t=0, S=1/2, l=even
  1  1  1
  1  3  2
  1  4  1
  2  3  1
  3  1  2
  3  2  1
  4  1  1
  1  3
 -1 12
 -1 12
 -1  3
  1 12
  1 12
  3  6  1  2           No6: t=1, S=1/2, l=even
  1  1  1
  4  1  1
  2  3  1
  2  1  3
  3  2  1
  1  4  1
  1  2  3
  1 12
  1 12
 -1  3
 -1 12
 -1 12
  1  3
  3  6  1  2           No6: t=1, S=1/2, l=even
  1  1  1
  4  1  1
  2  3  1
  2  1  3
  3  2  1
  1  4  1
  1  2  3
  1 12
  1 12
 -1  3
 -1 12
 -1 12
  1  3
  3  6  1  2           No6: t=1, S=1/2, l=even
  1  1  1
  4  1  1
  2  3  1
  2  1  3
  3  2  1
  1  4  1
  1  2  3
  1 12
  1 12
 -1  3
 -1 12
 -1 12
  1  3
  3  2  1  2            No2: t=0, S=3/2, l=even
  1  1  1
  1  3  1
  3  1  1
  1  2
 -1  2
  3  2  1  2            No2: t=0, S=3/2, l=even
  1  1  1
  1  3  1
  3  1  1
  1  2
 -1  2
  3  2  1  2            No2: t=0, S=3/2, l=even
  1  1  1
  1  3  1
  3  1  1
  1  2
 -1  2
  3  2  1  2            No2: t=0, S=3/2, l=even
  1  1  1
  1  3  1
  3  1  1
  1  2
 -1  2
  3  2  1  2            No2: t=0, S=3/2, l=even
  1  1  1
  1  3  1
  3  1  1
  1  2
 -1  2
  3  2  1  2            No2: t=0, S=3/2, l=even
  1  1  1
  1  3  1
  3  1  1
  1  2
 -1  2
  3  2  1  2            No2: t=0, S=3/2, l=even
  1  1  1
  1  3  1
  3  1  1
  1  2
 -1  2
  3  2  1  2            No2: t=0, S=3/2, l=even
  1  1  1
  1  3  1
  3  1  1
  1  2
 -1  2
  3  6  1  2           No1: t=0, S=1/2, l=even
  1  1  1
  1  3  2
  1  4  1
  2  3  1
  3  1  2
  3  2  1
  4  1  1
  1  3
 -1 12
 -1 12
 -1  3
  1 12
  1 12
  3  6  1  2           No1: t=0, S=1/2, l=even
  1  1  1
  1  3  2
  1  4  1
  2  3  1
  3  1  2
  3  2  1
  4  1  1
  1  3
 -1 12
 -1 12
 -1  3
  1 12
  1 12
  3  2  1  2            No2: t=0, S=3/2, l=even
  1  1  1
  1  3  1
  3  1  1
  1  2
 -1  2
  3  6  1  2           No6: t=1, S=1/2, l=even
  1  1  1
  4  1  1
  2  3  1
  2  1  3
  3  2  1
  1  4  1
  1  2  3
  1 12
  1 12
 -1  3
 -1 12
 -1 12
  1  3
  3  4  1  2            No3: t=0, S=1/2, l=odd
  1  1  1
  1  4  1
  2  3  1
  3  2  1
  4  1  1
  1  4
 -1  4
 -1  4
  1  4
  3  3  1  2            No5: t=1, S=3/2, l=odd
  1  1  1
  3  1  1
  1  3  1
  1  1  3
 -1  6
 -1  6
  2  3
  3  3  1  2            No5: t=1, S=3/2, l=odd
  1  1  1
  3  1  1
  1  3  1
  1  1  3
 -1  6
 -1  6
  2  3
