 10  8  9  3 00  0  0  0  0
/home/kirscher/kette_repo/sim_par/potentials/NN_pheno/AV18
  8                                                            Z1
  8 24
                                    19.613400   
                                    14.400600   
                                    12.920600   
                                    12.711300   
                                    11.200800   
                                    8.557600    
                                    7.192500    
                                    6.854300    
   13.759800    8.856900    8.420300    8.343900    7.559700    6.438500
    6.267700    6.225400    5.947400    5.904400    4.558900    4.179100
    4.070900    3.012700    1.732500    0.263800    0.142000    0.073200
    0.039500    0.019000    0.010000    0.005800    0.002800    0.001000
  1  1
          1.

  1  1
                      1.

  1  1
                                  1.

  1  1
                                              1.

  1  1
                                                          1.

  1  1
                                                                      1.

  1  1

          1.
  1  1

                      1.
  8                                                            Z2
  8 24
                                    6.368900    
                                    2.452400    
                                    1.410300    
                                    0.989000    
                                    0.703400    
                                    0.417300    
                                    0.214800    
                                    0.032100    
   13.759800    8.856900    8.420300    8.343900    7.559700    6.438500
    6.267700    6.225400    5.947400    5.904400    4.558900    4.179100
    4.070900    3.012700    1.732500    0.263800    0.142000    0.073200
    0.039500    0.019000    0.010000    0.005800    0.002800    0.001000
  1  1
          1.

  1  1
                      1.

  1  1
                                  1.

  1  1
                                              1.

  1  1
                                                          1.

  1  1
                                                                      1.

  1  1

          1.
  1  1

                      1.
  8                                                            Z3
  8 23
                                    18.395500   
                                    16.067100   
                                    13.982400   
                                    8.556600    
                                    4.632600    
                                    3.061400    
                                    2.307000    
                                    1.760600    
   11.618300    7.120600    7.109800    5.132900    5.069400    4.989700
    4.329800    4.247900    4.130400    3.849300    2.543800    1.462900
    1.025900    0.982300    0.729600    0.718600    0.222800    0.033300
    0.016100    0.008400    0.004900    0.002400    0.000900
  1  1
          1.

  1  1
                      1.

  1  1
                                  1.

  1  1
                                              1.

  1  1
                                                          1.

  1  1
                                                                      1.

  1  1

          1.
  1  1

                      1.
  7                                                            Z4
  7 23
                                    1.234600    
                                    0.878100    
                                    0.520900    
                                    0.268100    
                                    0.144300    
                                    0.074400    
                                    0.040100    
   11.618300    7.120600    7.109800    5.132900    5.069400    4.989700
    4.329800    4.247900    4.130400    3.849300    2.543800    1.462900
    1.025900    0.982300    0.729600    0.718600    0.222800    0.033300
    0.016100    0.008400    0.004900    0.002400    0.000900
  1  1
          1.

  1  1
                      1.

  1  1
                                  1.

  1  1
                                              1.

  1  1
                                                          1.

  1  1
                                                                      1.

  1  1

          1.
 10                                                            Z5
 10 21
                                    19.408200   
                                    16.451200   
                                    15.687000   
                                    15.376200   
                                    13.855100   
                                    13.599300   
                                    12.972600   
                                    7.938600    
                                    6.262600    
                                    4.298100    
   12.734100    9.467500    7.106200    4.241700    4.219000    3.479300
    3.361400    2.788100    2.772200    2.148900    0.771000    0.474400
    0.244200    0.184100    0.067800    0.036500    0.017600    0.009200
    0.005300    0.002600    0.001000
  1  1
          1.

  1  1
                      1.

  1  1
                                  1.

  1  1
                                              1.

  1  1
                                                          1.

  1  1
                                                                      1.

  1  1

          1.
  1  1

                      1.
  1  1

                                  1.
  1  1

                                              1.
 10                                                            Z6
 10 21
                                    3.493100    
                                    3.213000    
                                    2.840300    
                                    1.633400    
                                    1.145400    
                                    0.655400    
                                    0.483300    
                                    0.248700    
                                    0.069000    
                                    0.037200    
   12.734100    9.467500    7.106200    4.241700    4.219000    3.479300
    3.361400    2.788100    2.772200    2.148900    0.771000    0.474400
    0.244200    0.184100    0.067800    0.036500    0.017600    0.009200
    0.005300    0.002600    0.001000
  1  1
          1.

  1  1
                      1.

  1  1
                                  1.

  1  1
                                              1.

  1  1
                                                          1.

  1  1
                                                                      1.

  1  1

          1.
  1  1

                      1.
  1  1

                                  1.
  1  1

                                              1.
  8                                                            Z7
  8 23
                                    16.735000   
                                    14.867200   
                                    13.657100   
                                    12.148400   
                                    9.098000    
                                    8.905800    
                                    8.261400    
                                    7.317900    
   15.834500    9.689900    7.921300    7.756400    6.914100    6.627100
    6.097700    5.246300    4.912900    3.466900    3.201600    1.398100
    0.994400    0.945000    0.589900    0.303600    0.163400    0.084300
    0.021900    0.011500    0.006600    0.003300    0.001200
  1  1
          1.

  1  1
                      1.

  1  1
                                  1.

  1  1
                                              1.

  1  1
                                                          1.

  1  1
                                                                      1.

  1  1

          1.
  1  1

                      1.
  8                                                            Z8
  8 23
                                    4.925800    
                                    3.255100    
                                    1.872000    
                                    1.312700    
                                    0.933700    
                                    0.153400    
                                    0.079100    
                                    0.042700    
   15.834500    9.689900    7.921300    7.756400    6.914100    6.627100
    6.097700    5.246300    4.912900    3.466900    3.201600    1.398100
    0.994400    0.945000    0.589900    0.303600    0.163400    0.084300
    0.021900    0.011500    0.006600    0.003300    0.001200
  1  1
          1.

  1  1
                      1.

  1  1
                                  1.

  1  1
                                              1.

  1  1
                                                          1.

  1  1
                                                                      1.

  1  1

          1.
  1  1

                      1.
  8                                                            Z9
  8 23
                                    18.873800   
                                    14.381700   
                                    14.188600   
                                    12.084800   
                                    11.678700   
                                    8.800900    
                                    4.995300    
                                    3.684900    
   11.607000    8.816400    8.511400    8.121500    7.924500    7.102900
    6.920600    6.883800    4.593200    3.845600    2.541300    2.192100
    1.461500    1.024900    0.966700    0.728900    0.222500    0.033300
    0.016100    0.008400    0.004900    0.002400    0.000900
  1  1
          1.

  1  1
                      1.

  1  1
                                  1.

  1  1
                                              1.

  1  1
                                                          1.

  1  1
                                                                      1.

  1  1

          1.
  1  1

                      1.
  8                                                            Z10
  8 23
                                    3.148800    
                                    1.336400    
                                    1.269900    
                                    0.836500    
                                    0.535800    
                                    0.148400    
                                    0.076500    
                                    0.041300    
   11.607000    8.816400    8.511400    8.121500    7.924500    7.102900
    6.920600    6.883800    4.593200    3.845600    2.541300    2.192100
    1.461500    1.024900    0.966700    0.728900    0.222500    0.033300
    0.016100    0.008400    0.004900    0.002400    0.000900
  1  1
          1.

  1  1
                      1.

  1  1
                                  1.

  1  1
                                              1.

  1  1
                                                          1.

  1  1
                                                                      1.

  1  1

          1.
  1  1

                      1.
