     19.6134
     19.4082
     18.8738
     18.3955
     16.7350
     16.4512
     16.0671
     15.6870
     15.3763
     14.8672
     14.4006
     14.3817
     14.1886
     13.9824
     13.8551
     13.6571
     13.5993
     12.9726
     12.9206
     12.7113
     12.1484
     12.0848
     11.6787
     11.2008
      9.0980
      8.9058
      8.8009
      8.5576
      8.5566
      8.2614
      7.9386
      7.3179
      7.1925
      6.8543
      6.3689
      6.2626
      4.9953
      4.9258
      4.6326
      4.2981
      3.6849
      3.4931
      3.2551
      3.2130
      3.1488
      3.0614
      2.8403
      2.4524
      2.3070
      1.8720
      1.7606
      1.6334
      1.4103
      1.3364
      1.3127
      1.2699
      1.2346
      1.1454
      0.9890
      0.9337
      0.8781
      0.8365
      0.7034
      0.6554
      0.5358
      0.5209
      0.4833
      0.4173
      0.2681
      0.2487
      0.2148
      0.1534
      0.1484
      0.1443
      0.0791
      0.0765
      0.0744
      0.0690
      0.0427
      0.0413
      0.0401
      0.0372
      0.0321
