 10  8  9  3 00  0  0  0  0
/home/kirscher/kette_repo/sim_par/potentials/NNN_pheno/urbana9_AK_neu
  8                                                            Z1  BVs 1 - 8
  8 15
                                    2.068260    
                                    1.920594    
                                    1.772929    
                                    1.625263    
                                    1.477597    
                                    1.329931    
                                    1.182266    
                                    1.034600    
    0.000100    0.071521    0.142943    0.214364    0.285786    0.357207
    0.428629    0.500050    0.571471    0.642893    0.714314    0.785736
    0.857157    0.928579    1.000000
  1  1
          1.

  1  1
                      1.

  1  1
                                  1.

  1  1
                                              1.

  1  1
                                                          1.

  1  1
                                                                      1.

  1  1

          1.
  1  1

                      1.
  7                                                            Z2  BVs 9 - 15
  7 15
                                    0.886934    
                                    0.739269    
                                    0.591603    
                                    0.443937    
                                    0.296272    
                                    0.148606    
                                    0.000940    
    0.000100    0.071521    0.142943    0.214364    0.285786    0.357207
    0.428629    0.500050    0.571471    0.642893    0.714314    0.785736
    0.857157    0.928579    1.000000
  1  1
          1.

  1  1
                      1.

  1  1
                                  1.

  1  1
                                              1.

  1  1
                                                          1.

  1  1
                                                                      1.

  1  1

          1.
  8                                                            Z3  BVs 16 - 23
  8 15
                                    1.681958    
                                    1.561873    
                                    1.441787    
                                    1.321702    
                                    1.201617    
                                    1.081532    
                                    0.961446    
                                    0.841361    
    0.000100    0.071521    0.142943    0.214364    0.285786    0.357207
    0.428629    0.500050    0.571471    0.642893    0.714314    0.785736
    0.857157    0.928579    1.000000
  1  1
          1.

  1  1
                      1.

  1  1
                                  1.

  1  1
                                              1.

  1  1
                                                          1.

  1  1
                                                                      1.

  1  1

          1.
  1  1

                      1.
  7                                                            Z4  BVs 24 - 30
  7 15
                                    0.721276    
                                    0.601191    
                                    0.481105    
                                    0.361020    
                                    0.240935    
                                    0.120850    
                                    0.000765    
    0.000100    0.071521    0.142943    0.214364    0.285786    0.357207
    0.428629    0.500050    0.571471    0.642893    0.714314    0.785736
    0.857157    0.928579    1.000000
  1  1
          1.

  1  1
                      1.

  1  1
                                  1.

  1  1
                                              1.

  1  1
                                                          1.

  1  1
                                                                      1.

  1  1

          1.
  8                                                            Z5  BVs 31 - 38
  8 15
                                    3.560078    
                                    3.305902    
                                    3.051727    
                                    2.797551    
                                    2.543375    
                                    2.289199    
                                    2.035024    
                                    1.780848    
    0.000100    0.071521    0.142943    0.214364    0.285786    0.357207
    0.428629    0.500050    0.571471    0.642893    0.714314    0.785736
    0.857157    0.928579    1.000000
  1  1
          1.

  1  1
                      1.

  1  1
                                  1.

  1  1
                                              1.

  1  1
                                                          1.

  1  1
                                                                      1.

  1  1

          1.
  1  1

                      1.
  7                                                            Z6  BVs 39 - 45
  7 15
                                    1.526672    
                                    1.272497    
                                    1.018321    
                                    0.764145    
                                    0.509970    
                                    0.255794    
                                    0.001618    
    0.000100    0.071521    0.142943    0.214364    0.285786    0.357207
    0.428629    0.500050    0.571471    0.642893    0.714314    0.785736
    0.857157    0.928579    1.000000
  1  1
          1.

  1  1
                      1.

  1  1
                                  1.

  1  1
                                              1.

  1  1
                                                          1.

  1  1
                                                                      1.

  1  1

          1.
