  0.1027E-05  0.1014E-02  1  0  0  1  0  2  0  0.2388E-02  0.0000E+00
  0.2672E-02  0.5169E-01  1  0  0  1  0  2  0  0.1216E+00  0.0000E+00
  0.1048E-01  0.1024E+00  1  0  0  1  0  2  0  0.2397E+00  0.0000E+00
  0.2342E-01  0.1530E+00  1  0  0  1  0  2  0  0.3557E+00  0.0000E+00
  0.4150E-01  0.2037E+00  1  0  0  1  0  2  0  0.4685E+00  0.0000E+00
  0.6472E-01  0.2544E+00  1  0  0  1  0  2  0  0.5771E+00  0.0000E+00
  0.9307E-01  0.3051E+00  1  0  0  1  0  2  0  0.6807E+00  0.0000E+00
  0.1266E+00  0.3558E+00  1  0  0  1  0  2  0  0.7784E+00  0.0000E+00
  0.1652E+00  0.4064E+00  1  0  0  1  0  2  0  0.8695E+00  0.0000E+00
  0.2089E+00  0.4571E+00  1  0  0  1  0  2  0  0.9534E+00  0.0000E+00
  0.2578E+00  0.5078E+00  1  0  0  1  0  2  0  0.1029E+01  0.0000E+00
  0.3119E+00  0.5585E+00  1  0  0  1  0  2  0  0.1097E+01  0.0000E+00
  0.3710E+00  0.6091E+00  1  0  0  1  0  2  0  0.1157E+01  0.0000E+00
  0.4354E+00  0.6598E+00  1  0  0  1  0  2  0  0.1208E+01  0.0000E+00
  0.5048E+00  0.7105E+00  1  0  0  1  0  2  0  0.1250E+01  0.0000E+00
  0.5794E+00  0.7612E+00  1  0  0  1  0  2  0  0.1283E+01  0.0000E+00
  0.6591E+00  0.8118E+00  1  0  0  1  0  2  0  0.1308E+01  0.0000E+00
  0.7439E+00  0.8625E+00  1  0  0  1  0  2  0  0.1324E+01  0.0000E+00
  0.8339E+00  0.9132E+00  1  0  0  1  0  2  0  0.1333E+01  0.0000E+00
  0.9291E+00  0.9639E+00  1  0  0  1  0  2  0  0.1333E+01  0.0000E+00
  0.1029E+01  0.1015E+01  1  0  0  1  0  2  0  0.1327E+01  0.0000E+00
  0.1135E+01  0.1065E+01  1  0  0  1  0  2  0  0.1314E+01  0.0000E+00
  0.1245E+01  0.1116E+01  1  0  0  1  0  2  0  0.1295E+01  0.0000E+00
  0.1361E+01  0.1167E+01  1  0  0  1  0  2  0  0.1271E+01  0.0000E+00
  0.1482E+01  0.1217E+01  1  0  0  1  0  2  0  0.1241E+01  0.0000E+00
  0.1608E+01  0.1268E+01  1  0  0  1  0  2  0  0.1208E+01  0.0000E+00
  0.1739E+01  0.1319E+01  1  0  0  1  0  2  0  0.1171E+01  0.0000E+00
  0.1875E+01  0.1369E+01  1  0  0  1  0  2  0  0.1131E+01  0.0000E+00
  0.2016E+01  0.1420E+01  1  0  0  1  0  2  0  0.1088E+01  0.0000E+00
  0.2163E+01  0.1471E+01  1  0  0  1  0  2  0  0.1044E+01  0.0000E+00
  0.2314E+01  0.1521E+01  1  0  0  1  0  2  0  0.9978E+00  0.0000E+00
  0.2471E+01  0.1572E+01  1  0  0  1  0  2  0  0.9511E+00  0.0000E+00
  0.2633E+01  0.1623E+01  1  0  0  1  0  2  0  0.9040E+00  0.0000E+00
  0.2800E+01  0.1673E+01  1  0  0  1  0  2  0  0.8568E+00  0.0000E+00
  0.2972E+01  0.1724E+01  1  0  0  1  0  2  0  0.8101E+00  0.0000E+00
  0.3150E+01  0.1775E+01  1  0  0  1  0  2  0  0.7640E+00  0.0000E+00
  0.3332E+01  0.1825E+01  1  0  0  1  0  2  0  0.7189E+00  0.0000E+00
  0.3520E+01  0.1876E+01  1  0  0  1  0  2  0  0.6749E+00  0.0000E+00
  0.3712E+01  0.1927E+01  1  0  0  1  0  2  0  0.6323E+00  0.0000E+00
  0.3910E+01  0.1977E+01  1  0  0  1  0  2  0  0.5913E+00  0.0000E+00
  0.4113E+01  0.2028E+01  1  0  0  1  0  2  0  0.5519E+00  0.0000E+00
  0.4321E+01  0.2079E+01  1  0  0  1  0  2  0  0.5142E+00  0.0000E+00
  0.4535E+01  0.2129E+01  1  0  0  1  0  2  0  0.4784E+00  0.0000E+00
  0.4753E+01  0.2180E+01  1  0  0  1  0  2  0  0.4443E+00  0.0000E+00
  0.4976E+01  0.2231E+01  1  0  0  1  0  2  0  0.4122E+00  0.0000E+00
  0.5205E+01  0.2281E+01  1  0  0  1  0  2  0  0.3818E+00  0.0000E+00
  0.5439E+01  0.2332E+01  1  0  0  1  0  2  0  0.3533E+00  0.0000E+00
  0.5678E+01  0.2383E+01  1  0  0  1  0  2  0  0.3265E+00  0.0000E+00
  0.5922E+01  0.2434E+01  1  0  0  1  0  2  0  0.3015E+00  0.0000E+00
  0.6171E+01  0.2484E+01  1  0  0  1  0  2  0  0.2781E+00  0.0000E+00
  0.6426E+01  0.2535E+01  1  0  0  1  0  2  0  0.2564E+00  0.0000E+00
  0.6685E+01  0.2586E+01  1  0  0  1  0  2  0  0.2361E+00  0.0000E+00
  0.6950E+01  0.2636E+01  1  0  0  1  0  2  0  0.2173E+00  0.0000E+00
  0.7219E+01  0.2687E+01  1  0  0  1  0  2  0  0.1999E+00  0.0000E+00
  0.7494E+01  0.2738E+01  1  0  0  1  0  2  0  0.1838E+00  0.0000E+00
  0.7774E+01  0.2788E+01  1  0  0  1  0  2  0  0.1689E+00  0.0000E+00
  0.8059E+01  0.2839E+01  1  0  0  1  0  2  0  0.1551E+00  0.0000E+00
  0.8350E+01  0.2890E+01  1  0  0  1  0  2  0  0.1425E+00  0.0000E+00
  0.8645E+01  0.2940E+01  1  0  0  1  0  2  0  0.1308E+00  0.0000E+00
  0.8946E+01  0.2991E+01  1  0  0  1  0  2  0  0.1200E+00  0.0000E+00
  0.9251E+01  0.3042E+01  1  0  0  1  0  2  0  0.1102E+00  0.0000E+00
  0.9562E+01  0.3092E+01  1  0  0  1  0  2  0  0.1011E+00  0.0000E+00
  0.9878E+01  0.3143E+01  1  0  0  1  0  2  0  0.9276E-01  0.0000E+00
  0.1020E+02  0.3194E+01  1  0  0  1  0  2  0  0.8511E-01  0.0000E+00
  0.1053E+02  0.3244E+01  1  0  0  1  0  2  0  0.7810E-01  0.0000E+00
  0.1086E+02  0.3295E+01  1  0  0  1  0  2  0  0.7168E-01  0.0000E+00
  0.1119E+02  0.3346E+01  1  0  0  1  0  2  0  0.6579E-01  0.0000E+00
  0.1154E+02  0.3396E+01  1  0  0  1  0  2  0  0.6039E-01  0.0000E+00
  0.1188E+02  0.3447E+01  1  0  0  1  0  2  0  0.5545E-01  0.0000E+00
  0.1223E+02  0.3498E+01  1  0  0  1  0  2  0  0.5092E-01  0.0000E+00
  0.1259E+02  0.3548E+01  1  0  0  1  0  2  0  0.4677E-01  0.0000E+00
  0.1295E+02  0.3599E+01  1  0  0  1  0  2  0  0.4297E-01  0.0000E+00
  0.1332E+02  0.3650E+01  1  0  0  1  0  2  0  0.3949E-01  0.0000E+00
  0.1369E+02  0.3700E+01  1  0  0  1  0  2  0  0.3629E-01  0.0000E+00
  0.1407E+02  0.3751E+01  1  0  0  1  0  2  0  0.3336E-01  0.0000E+00
  0.1445E+02  0.3802E+01  1  0  0  1  0  2  0  0.3067E-01  0.0000E+00
  0.1484E+02  0.3852E+01  1  0  0  1  0  2  0  0.2820E-01  0.0000E+00
  0.1523E+02  0.3903E+01  1  0  0  1  0  2  0  0.2592E-01  0.0000E+00
  0.1563E+02  0.3954E+01  1  0  0  1  0  2  0  0.2383E-01  0.0000E+00
  0.1604E+02  0.4004E+01  1  0  0  1  0  2  0  0.2190E-01  0.0000E+00
  0.1644E+02  0.4055E+01  1  0  0  1  0  2  0  0.2012E-01  0.0000E+00
  0.1686E+02  0.4106E+01  1  0  0  1  0  2  0  0.1847E-01  0.0000E+00
  0.1728E+02  0.4157E+01  1  0  0  1  0  2  0  0.1695E-01  0.0000E+00
  0.1770E+02  0.4207E+01  1  0  0  1  0  2  0  0.1553E-01  0.0000E+00
  0.1813E+02  0.4258E+01  1  0  0  1  0  2  0  0.1422E-01  0.0000E+00
  0.1856E+02  0.4309E+01  1  0  0  1  0  2  0  0.1300E-01  0.0000E+00
  0.1900E+02  0.4359E+01  1  0  0  1  0  2  0  0.1186E-01  0.0000E+00
  0.1945E+02  0.4410E+01  1  0  0  1  0  2  0  0.1080E-01  0.0000E+00
  0.1990E+02  0.4461E+01  1  0  0  1  0  2  0  0.9814E-02  0.0000E+00
  0.2035E+02  0.4511E+01  1  0  0  1  0  2  0  0.8887E-02  0.0000E+00
  0.2081E+02  0.4562E+01  1  0  0  1  0  2  0  0.8018E-02  0.0000E+00
  0.2128E+02  0.4613E+01  1  0  0  1  0  2  0  0.7203E-02  0.0000E+00
  0.2175E+02  0.4663E+01  1  0  0  1  0  2  0  0.6437E-02  0.0000E+00
  0.2222E+02  0.4714E+01  1  0  0  1  0  2  0  0.5717E-02  0.0000E+00
  0.2270E+02  0.4765E+01  1  0  0  1  0  2  0  0.5039E-02  0.0000E+00
  0.2319E+02  0.4815E+01  1  0  0  1  0  2  0  0.4401E-02  0.0000E+00
  0.2368E+02  0.4866E+01  1  0  0  1  0  2  0  0.3800E-02  0.0000E+00
  0.2417E+02  0.4917E+01  1  0  0  1  0  2  0  0.3233E-02  0.0000E+00
  0.2467E+02  0.4967E+01  1  0  0  1  0  2  0  0.2699E-02  0.0000E+00
  0.2518E+02  0.5018E+01  1  0  0  1  0  2  0  0.2195E-02  0.0000E+00
