 10  2  3  1  3
  1  0  0  0  0  0  0  0  0  1  1
5.586       -3.826      1.          0.          1.          0.
     1.0000     1.0000
    -2.1974
100
0.2000      10.0000     
  0  2  1  2  0  0
  1 15  0  0
 16
-1.000000E+00
4.489553E-01
-1.233020E-01
2.762352E-01
-7.286280E-02
3.047016E-01
1.927727E-01
-3.799760E-02
7.608443E-02
6.537889E-01
8.635113E-01
-4.923411E-01
2.844631E-01
8.573190E-03
2.187102E-03
+1.0
  1 12
 16
                             1
  1  2
  1
  1
  1  2
  2
  0  1
  1  2
  3
  0  0  1
  1  2
  4
  0  0  0  1
  1  2
  5
  0  0  0  0  1
  1  2
  6
  0  0  0  0  0  1
  1  2
  7
  0  0  0  0  0  0  0  1
  1  2
  8
  0  0  0  0  0  0  0  0  1
  1  2
  9
  0  0  0  0  0  0  0  0  0  1
  1  6
 10
  1
  1  6
 11
  0  0  1
  1  6
 12
  0  0  0  1
  1  6
 13
  0  0  0  0  1
  1  6
 14
  0  0  0  0  0  0  1
  1  6
 15
  0  0  0  0  0  0  0  1
