      1.1000
      1.1000
      1.1000
      1.0215
      1.0215
      1.0215
      0.9429
      0.9429
      0.9429
      0.8644
      0.8644
      0.8644
      0.7859
      0.7859
      0.7859
      0.7073
      0.7073
      0.7073
      0.6288
      0.6288
      0.6288
      0.5503
      0.5503
      0.5503
      0.4717
      0.4717
      0.4717
      0.3932
      0.3932
      0.3932
      0.3146
      0.3146
      0.3146
      0.2361
      0.2361
      0.2361
      0.1576
      0.1576
      0.1576
      0.0790
      0.0790
      0.0790
      0.0005
      0.0005
      0.0005
