      1.1000
      1.1000
      1.1000
      1.1000
      1.1000
      1.1000
      1.0214
      1.0214
      1.0214
      1.0214
      1.0214
      1.0214
      0.9429
      0.9429
      0.9429
      0.9429
      0.9429
      0.9429
      0.8643
      0.8643
      0.8643
      0.8643
      0.8643
      0.8643
      0.7857
      0.7857
      0.7857
      0.7857
      0.7857
      0.7857
      0.7072
      0.7072
      0.7072
      0.7072
      0.7072
      0.7072
      0.6286
      0.6286
      0.6286
      0.6286
      0.6286
      0.6286
      0.5501
      0.5501
      0.5501
      0.5501
      0.5501
      0.5501
      0.4715
      0.4715
      0.4715
      0.4715
      0.4715
      0.4715
      0.3929
      0.3929
      0.3929
      0.3929
      0.3929
      0.3929
      0.3144
      0.3144
      0.3144
      0.3144
      0.3144
      0.3144
      0.2358
      0.2358
      0.2358
      0.2358
      0.2358
      0.2358
      0.1572
      0.1572
      0.1572
      0.1572
      0.1572
      0.1572
      0.0787
      0.0787
      0.0787
      0.0787
      0.0787
      0.0787
      0.0001
      0.0001
      0.0001
      0.0001
      0.0001
      0.0001
