          18
 0.89077    
 0.31558E-01
 0.99806E-01
 0.19595    
 0.35321    
 0.76595    
  0.0000    
  0.0000    
  0.0000    
  0.0000    
  0.0000    
  0.0000    
  0.0000    
  0.0000    
  0.0000    
  0.0000    
  0.0000    
  0.0000    
 0.31558E-01
 0.79347E-02
 0.14416E-01
 0.19242E-01
 0.23895E-01
 0.30303E-01
  0.0000    
  0.0000    
  0.0000    
  0.0000    
  0.0000    
  0.0000    
  0.0000    
  0.0000    
  0.0000    
  0.0000    
  0.0000    
  0.0000    
 0.99806E-01
 0.14416E-01
 0.31638E-01
 0.47409E-01
 0.65079E-01
 0.93617E-01
  0.0000    
  0.0000    
  0.0000    
  0.0000    
  0.0000    
  0.0000    
  0.0000    
  0.0000    
  0.0000    
  0.0000    
  0.0000    
  0.0000    
 0.19595    
 0.19242E-01
 0.47409E-01
 0.76828E-01
 0.11345    
 0.18025    
  0.0000    
  0.0000    
  0.0000    
  0.0000    
  0.0000    
  0.0000    
  0.0000    
  0.0000    
  0.0000    
  0.0000    
  0.0000    
  0.0000    
 0.35321    
 0.23895E-01
 0.65079E-01
 0.11345    
 0.18008    
 0.31793    
  0.0000    
  0.0000    
  0.0000    
  0.0000    
  0.0000    
  0.0000    
  0.0000    
  0.0000    
  0.0000    
  0.0000    
  0.0000    
  0.0000    
 0.76595    
 0.30303E-01
 0.93617E-01
 0.18025    
 0.31793    
 0.66430    
  0.0000    
  0.0000    
  0.0000    
  0.0000    
  0.0000    
  0.0000    
  0.0000    
  0.0000    
  0.0000    
  0.0000    
  0.0000    
  0.0000    
  0.0000    
  0.0000    
  0.0000    
  0.0000    
  0.0000    
  0.0000    
  2.5036    
 0.23316E-01
 0.11687    
 0.30055    
 0.68572    
  2.0266    
  0.0000    
  0.0000    
  0.0000    
  0.0000    
  0.0000    
  0.0000    
  0.0000    
  0.0000    
  0.0000    
  0.0000    
  0.0000    
  0.0000    
 0.23316E-01
 0.33748E-02
 0.77855E-02
 0.11664E-01
 0.15795E-01
 0.22029E-01
  0.0000    
  0.0000    
  0.0000    
  0.0000    
  0.0000    
  0.0000    
  0.0000    
  0.0000    
  0.0000    
  0.0000    
  0.0000    
  0.0000    
 0.11687    
 0.77855E-02
 0.23398E-01
 0.41219E-01
 0.64227E-01
 0.10685    
  0.0000    
  0.0000    
  0.0000    
  0.0000    
  0.0000    
  0.0000    
  0.0000    
  0.0000    
  0.0000    
  0.0000    
  0.0000    
  0.0000    
 0.30055    
 0.11664E-01
 0.41219E-01
 0.81026E-01
 0.13984    
 0.26738    
  0.0000    
  0.0000    
  0.0000    
  0.0000    
  0.0000    
  0.0000    
  0.0000    
  0.0000    
  0.0000    
  0.0000    
  0.0000    
  0.0000    
 0.68572    
 0.15795E-01
 0.64227E-01
 0.13984    
 0.26702    
 0.59177    
  0.0000    
  0.0000    
  0.0000    
  0.0000    
  0.0000    
  0.0000    
  0.0000    
  0.0000    
  0.0000    
  0.0000    
  0.0000    
  0.0000    
  2.0266    
 0.22029E-01
 0.10685    
 0.26738    
 0.59177    
  1.6604    
  0.0000    
  0.0000    
  0.0000    
  0.0000    
  0.0000    
  0.0000    
  0.0000    
  0.0000    
  0.0000    
  0.0000    
  0.0000    
  0.0000    
  0.0000    
  0.0000    
  0.0000    
  0.0000    
  0.0000    
  0.0000    
  9.8514    
 0.24117E-01
 0.19160    
 0.64535    
  1.8637    
  7.5072    
  0.0000    
  0.0000    
  0.0000    
  0.0000    
  0.0000    
  0.0000    
  0.0000    
  0.0000    
  0.0000    
  0.0000    
  0.0000    
  0.0000    
 0.24117E-01
 0.20095E-02
 0.58864E-02
 0.98985E-02
 0.14617E-01
 0.22419E-01
  0.0000    
  0.0000    
  0.0000    
  0.0000    
  0.0000    
  0.0000    
  0.0000    
  0.0000    
  0.0000    
  0.0000    
  0.0000    
  0.0000    
 0.19160    
 0.58864E-02
 0.24226E-01
 0.50172E-01
 0.88740E-01
 0.17075    
  0.0000    
  0.0000    
  0.0000    
  0.0000    
  0.0000    
  0.0000    
  0.0000    
  0.0000    
  0.0000    
  0.0000    
  0.0000    
  0.0000    
 0.64535    
 0.98985E-02
 0.50172E-01
 0.11963    
 0.24131    
 0.55528    
  0.0000    
  0.0000    
  0.0000    
  0.0000    
  0.0000    
  0.0000    
  0.0000    
  0.0000    
  0.0000    
  0.0000    
  0.0000    
  0.0000    
  1.8637    
 0.14617E-01
 0.88740E-01
 0.24131    
 0.55431    
  1.5421    
  0.0000    
  0.0000    
  0.0000    
  0.0000    
  0.0000    
  0.0000    
  0.0000    
  0.0000    
  0.0000    
  0.0000    
  0.0000    
  0.0000    
  7.5072    
 0.22419E-01
 0.17075    
 0.55528    
  1.5421    
  5.8101    
  36.175    
  1.5271    
  5.3108    
  10.409    
  17.823    
  32.732    
  0.0000    
  0.0000    
  0.0000    
  0.0000    
  0.0000    
  0.0000    
  12.024    
 0.88971    
  2.1901    
  3.7118    
  5.8860    
  10.716    
  1.5271    
  2.0928    
  2.6516    
  2.6697    
  2.4225    
  1.7121    
  0.0000    
  0.0000    
  0.0000    
  0.0000    
  0.0000    
  0.0000    
 0.88971    
 0.28463    
 0.47293    
 0.59904    
 0.71316    
 0.86160    
  5.3108    
  2.6516    
  4.5414    
  5.5481    
  6.0224    
  5.5802    
  0.0000    
  0.0000    
  0.0000    
  0.0000    
  0.0000    
  0.0000    
  2.1901    
 0.47293    
 0.89147    
  1.2250    
  1.5689    
  2.0834    
  10.409    
  2.6697    
  5.5481    
  7.7211    
  9.4798    
  10.515    
  0.0000    
  0.0000    
  0.0000    
  0.0000    
  0.0000    
  0.0000    
  3.7118    
 0.59904    
  1.2250    
  1.7857    
  2.4206    
  3.4769    
  17.823    
  2.4225    
  6.0224    
  9.4798    
  13.110    
  17.338    
  0.0000    
  0.0000    
  0.0000    
  0.0000    
  0.0000    
  0.0000    
  5.8860    
 0.71316    
  1.5689    
  2.4206    
  3.4742    
  5.4214    
  32.732    
  1.7121    
  5.5802    
  10.515    
  17.338    
  30.013    
  0.0000    
  0.0000    
  0.0000    
  0.0000    
  0.0000    
  0.0000    
  10.716    
 0.86160    
  2.0834    
  3.4769    
  5.4214    
  9.6077    
  0.0000    
  0.0000    
  0.0000    
  0.0000    
  0.0000    
  0.0000    
  134.56    
  2.1525    
  9.0140    
  21.806    
  46.267    
  114.73    
  0.0000    
  0.0000    
  0.0000    
  0.0000    
  0.0000    
  0.0000    
  0.0000    
  0.0000    
  0.0000    
  0.0000    
  0.0000    
  0.0000    
  2.1525    
  1.5865    
  2.4595    
  2.7730    
  2.7834    
  2.3119    
  0.0000    
  0.0000    
  0.0000    
  0.0000    
  0.0000    
  0.0000    
  0.0000    
  0.0000    
  0.0000    
  0.0000    
  0.0000    
  0.0000    
  9.0140    
  2.4595    
  5.2753    
  7.3281    
  8.8384    
  9.2682    
  0.0000    
  0.0000    
  0.0000    
  0.0000    
  0.0000    
  0.0000    
  0.0000    
  0.0000    
  0.0000    
  0.0000    
  0.0000    
  0.0000    
  21.806    
  2.7730    
  7.3281    
  11.858    
  16.563    
  21.446    
  0.0000    
  0.0000    
  0.0000    
  0.0000    
  0.0000    
  0.0000    
  0.0000    
  0.0000    
  0.0000    
  0.0000    
  0.0000    
  0.0000    
  46.267    
  2.7834    
  8.8384    
  16.563    
  26.825    
  43.378    
  0.0000    
  0.0000    
  0.0000    
  0.0000    
  0.0000    
  0.0000    
  0.0000    
  0.0000    
  0.0000    
  0.0000    
  0.0000    
  0.0000    
  114.73    
  2.3119    
  9.2682    
  21.446    
  43.378    
  99.556    
  0.0000    
  0.0000    
  0.0000    
  0.0000    
  0.0000    
  0.0000    
  12.024    
 0.88971    
  2.1901    
  3.7118    
  5.8860    
  10.716    
  0.0000    
  0.0000    
  0.0000    
  0.0000    
  0.0000    
  0.0000    
  814.87    
  6.1788    
  29.672    
  82.710    
  206.33    
  658.50    
 0.88971    
 0.28463    
 0.47293    
 0.59904    
 0.71316    
 0.86160    
  0.0000    
  0.0000    
  0.0000    
  0.0000    
  0.0000    
  0.0000    
  6.1788    
  2.0555    
  3.9311    
  5.0720    
  5.8399    
  6.2123    
  2.1901    
 0.47293    
 0.89147    
  1.2250    
  1.5689    
  2.0834    
  0.0000    
  0.0000    
  0.0000    
  0.0000    
  0.0000    
  0.0000    
  29.672    
  3.9311    
  10.347    
  16.423    
  22.524    
  29.010    
  3.7118    
 0.59904    
  1.2250    
  1.7857    
  2.4206    
  3.4769    
  0.0000    
  0.0000    
  0.0000    
  0.0000    
  0.0000    
  0.0000    
  82.710    
  5.0720    
  16.423    
  30.608    
  48.998    
  77.731    
  5.8860    
 0.71316    
  1.5689    
  2.4206    
  3.4742    
  5.4214    
  0.0000    
  0.0000    
  0.0000    
  0.0000    
  0.0000    
  0.0000    
  206.33    
  5.8399    
  22.524    
  48.998    
  92.043    
  184.78    
  10.716    
 0.86160    
  2.0834    
  3.4769    
  5.4214    
  9.6077    
  0.0000    
  0.0000    
  0.0000    
  0.0000    
  0.0000    
  0.0000    
  658.50    
  6.2123    
  29.010    
  77.731    
  184.78    
  542.49    
