          20
 0.33592E-02
 0.57585E-02
 0.69919E-02
 0.79050E-02
 0.86440E-02
 0.92249E-02
 0.93508E-02
 0.94589E-02
  0.0000    
  0.0000    
  0.0000    
  0.0000    
  0.0000    
  0.0000    
  0.0000    
  0.0000    
  0.0000    
  0.0000    
  0.0000    
  0.0000    
 0.57585E-02
 0.13465E-01
 0.19316E-01
 0.24853E-01
 0.30319E-01
 0.35390E-01
 0.36594E-01
 0.37660E-01
  0.0000    
  0.0000    
  0.0000    
  0.0000    
  0.0000    
  0.0000    
  0.0000    
  0.0000    
  0.0000    
  0.0000    
  0.0000    
  0.0000    
 0.69919E-02
 0.19316E-01
 0.31094E-01
 0.44490E-01
 0.60247E-01
 0.77541E-01
 0.82076E-01
 0.86245E-01
  0.0000    
  0.0000    
  0.0000    
  0.0000    
  0.0000    
  0.0000    
  0.0000    
  0.0000    
  0.0000    
  0.0000    
  0.0000    
  0.0000    
 0.79050E-02
 0.24853E-01
 0.44490E-01
 0.71297E-01
 0.10990    
 0.16304    
 0.17919    
 0.19496    
  0.0000    
  0.0000    
  0.0000    
  0.0000    
  0.0000    
  0.0000    
  0.0000    
  0.0000    
  0.0000    
  0.0000    
  0.0000    
  0.0000    
 0.86440E-02
 0.30319E-01
 0.60247E-01
 0.10990    
 0.20241    
 0.38389    
 0.45569    
 0.53539    
  0.0000    
  0.0000    
  0.0000    
  0.0000    
  0.0000    
  0.0000    
  0.0000    
  0.0000    
  0.0000    
  0.0000    
  0.0000    
  0.0000    
 0.92249E-02
 0.35390E-01
 0.77541E-01
 0.16304    
 0.38389    
  1.1999    
  1.7789    
  2.7531    
  0.0000    
  0.0000    
  0.0000    
  0.0000    
  0.0000    
  0.0000    
  0.0000    
  0.0000    
  0.0000    
  0.0000    
  0.0000    
  0.0000    
 0.93508E-02
 0.36594E-01
 0.82076E-01
 0.17919    
 0.45569    
  1.7789    
  3.0388    
  5.9486    
  0.0000    
  0.0000    
  0.0000    
  0.0000    
  0.0000    
  0.0000    
  0.0000    
  0.0000    
  0.0000    
  0.0000    
  0.0000    
  0.0000    
 0.94589E-02
 0.37660E-01
 0.86245E-01
 0.19496    
 0.53539    
  2.7531    
  5.9486    
  20.723    
  0.0000    
  0.0000    
  0.0000    
  0.0000    
  0.0000    
  0.0000    
  0.0000    
  0.0000    
  0.0000    
  0.0000    
  0.0000    
  0.0000    
  0.0000    
  0.0000    
  0.0000    
  0.0000    
  0.0000    
  0.0000    
  0.0000    
  0.0000    
 0.89077    
 0.31558E-01
 0.99806E-01
 0.19595    
 0.35321    
 0.76595    
  0.0000    
  0.0000    
  0.0000    
  0.0000    
  0.0000    
  0.0000    
  0.0000    
  0.0000    
  0.0000    
  0.0000    
  0.0000    
  0.0000    
  0.0000    
  0.0000    
 0.31558E-01
 0.79347E-02
 0.14416E-01
 0.19242E-01
 0.23895E-01
 0.30303E-01
  0.0000    
  0.0000    
  0.0000    
  0.0000    
  0.0000    
  0.0000    
  0.0000    
  0.0000    
  0.0000    
  0.0000    
  0.0000    
  0.0000    
  0.0000    
  0.0000    
 0.99806E-01
 0.14416E-01
 0.31638E-01
 0.47409E-01
 0.65079E-01
 0.93617E-01
  0.0000    
  0.0000    
  0.0000    
  0.0000    
  0.0000    
  0.0000    
  0.0000    
  0.0000    
  0.0000    
  0.0000    
  0.0000    
  0.0000    
  0.0000    
  0.0000    
 0.19595    
 0.19242E-01
 0.47409E-01
 0.76828E-01
 0.11345    
 0.18025    
  0.0000    
  0.0000    
  0.0000    
  0.0000    
  0.0000    
  0.0000    
  0.0000    
  0.0000    
  0.0000    
  0.0000    
  0.0000    
  0.0000    
  0.0000    
  0.0000    
 0.35321    
 0.23895E-01
 0.65079E-01
 0.11345    
 0.18008    
 0.31793    
  0.0000    
  0.0000    
  0.0000    
  0.0000    
  0.0000    
  0.0000    
  0.0000    
  0.0000    
  0.0000    
  0.0000    
  0.0000    
  0.0000    
  0.0000    
  0.0000    
 0.76595    
 0.30303E-01
 0.93617E-01
 0.18025    
 0.31793    
 0.66430    
  0.0000    
  0.0000    
  0.0000    
  0.0000    
  0.0000    
  0.0000    
  0.0000    
  0.0000    
  0.0000    
  0.0000    
  0.0000    
  0.0000    
  0.0000    
  0.0000    
  0.0000    
  0.0000    
  0.0000    
  0.0000    
  0.0000    
  0.0000    
  2.5036    
 0.23316E-01
 0.11687    
 0.30055    
 0.68572    
  2.0266    
  0.0000    
  0.0000    
  0.0000    
  0.0000    
  0.0000    
  0.0000    
  0.0000    
  0.0000    
  0.0000    
  0.0000    
  0.0000    
  0.0000    
  0.0000    
  0.0000    
 0.23316E-01
 0.33748E-02
 0.77855E-02
 0.11664E-01
 0.15795E-01
 0.22029E-01
  0.0000    
  0.0000    
  0.0000    
  0.0000    
  0.0000    
  0.0000    
  0.0000    
  0.0000    
  0.0000    
  0.0000    
  0.0000    
  0.0000    
  0.0000    
  0.0000    
 0.11687    
 0.77855E-02
 0.23398E-01
 0.41219E-01
 0.64227E-01
 0.10685    
  0.0000    
  0.0000    
  0.0000    
  0.0000    
  0.0000    
  0.0000    
  0.0000    
  0.0000    
  0.0000    
  0.0000    
  0.0000    
  0.0000    
  0.0000    
  0.0000    
 0.30055    
 0.11664E-01
 0.41219E-01
 0.81026E-01
 0.13984    
 0.26738    
  0.0000    
  0.0000    
  0.0000    
  0.0000    
  0.0000    
  0.0000    
  0.0000    
  0.0000    
  0.0000    
  0.0000    
  0.0000    
  0.0000    
  0.0000    
  0.0000    
 0.68572    
 0.15795E-01
 0.64227E-01
 0.13984    
 0.26702    
 0.59177    
  0.0000    
  0.0000    
  0.0000    
  0.0000    
  0.0000    
  0.0000    
  0.0000    
  0.0000    
  0.0000    
  0.0000    
  0.0000    
  0.0000    
  0.0000    
  0.0000    
  2.0266    
 0.22029E-01
 0.10685    
 0.26738    
 0.59177    
  1.6604    
  7.1006    
  8.7302    
  8.8526    
  8.6750    
  8.3763    
  8.0491    
  7.9678    
  7.8950    
  0.0000    
  0.0000    
  0.0000    
  0.0000    
  0.0000    
  0.0000    
-0.25206    
-0.17340    
-0.20759    
-0.22416    
-0.23648    
-0.24981    
  8.7302    
  13.414    
  14.822    
  15.024    
  14.353    
  13.062    
  12.669    
  12.294    
  0.0000    
  0.0000    
  0.0000    
  0.0000    
  0.0000    
  0.0000    
 -1.5518    
-0.73935    
 -1.0414    
 -1.2145    
 -1.3560    
 -1.5223    
  8.8526    
  14.822    
  17.368    
  18.367    
  17.747    
  15.296    
  14.383    
  13.451    
  0.0000    
  0.0000    
  0.0000    
  0.0000    
  0.0000    
  0.0000    
 -3.9049    
 -1.4015    
 -2.2164    
 -2.7441    
 -3.2090    
 -3.7960    
  8.6750    
  15.024    
  18.367    
  20.467    
  20.704    
  17.223    
  15.424    
  13.359    
  0.0000    
  0.0000    
  0.0000    
  0.0000    
  0.0000    
  0.0000    
 -8.2970    
 -2.2164    
 -3.9118    
 -5.1526    
 -6.3414    
 -7.9764    
  8.3763    
  14.353    
  17.747    
  20.704    
  23.000    
  20.460    
  17.341    
  12.604    
  0.0000    
  0.0000    
  0.0000    
  0.0000    
  0.0000    
  0.0000    
 -17.065    
 -3.2090    
 -6.3414    
 -8.9704    
 -11.774    
 -16.134    
  8.0491    
  13.062    
  15.296    
  17.223    
  20.460    
  26.898    
  26.365    
  16.544    
  0.0000    
  0.0000    
  0.0000    
  0.0000    
  0.0000    
  0.0000    
 -35.649    
 -4.3086    
 -9.5346    
 -14.646    
 -20.917    
 -32.734    
  7.9678    
  12.669    
  14.383    
  15.424    
  17.341    
  26.365    
  30.950    
  25.128    
  0.0000    
  0.0000    
  0.0000    
  0.0000    
  0.0000    
  0.0000    
 -43.574    
 -4.5963    
 -10.466    
 -16.450    
 -24.114    
 -39.553    
  7.8950    
  12.294    
  13.451    
  13.359    
  12.604    
  16.544    
  25.128    
  49.560    
  0.0000    
  0.0000    
  0.0000    
  0.0000    
  0.0000    
  0.0000    
 -52.842    
 -4.8601    
 -11.358    
 -18.247    
 -27.448    
 -47.342    
  0.0000    
  0.0000    
  0.0000    
  0.0000    
  0.0000    
  0.0000    
  0.0000    
  0.0000    
  55.545    
  7.8807    
  15.299    
  22.924    
  32.793    
  51.333    
  0.0000    
  0.0000    
  0.0000    
  0.0000    
  0.0000    
  0.0000    
  0.0000    
  0.0000    
  0.0000    
  0.0000    
  0.0000    
  0.0000    
  0.0000    
  0.0000    
  7.8807    
  5.2811    
  7.0430    
  7.7340    
  8.0302    
  7.9536    
  0.0000    
  0.0000    
  0.0000    
  0.0000    
  0.0000    
  0.0000    
  0.0000    
  0.0000    
  0.0000    
  0.0000    
  0.0000    
  0.0000    
  0.0000    
  0.0000    
  15.299    
  7.0430    
  10.902    
  13.088    
  14.561    
  15.344    
  0.0000    
  0.0000    
  0.0000    
  0.0000    
  0.0000    
  0.0000    
  0.0000    
  0.0000    
  0.0000    
  0.0000    
  0.0000    
  0.0000    
  0.0000    
  0.0000    
  22.924    
  7.7340    
  13.088    
  16.808    
  19.926    
  22.701    
  0.0000    
  0.0000    
  0.0000    
  0.0000    
  0.0000    
  0.0000    
  0.0000    
  0.0000    
  0.0000    
  0.0000    
  0.0000    
  0.0000    
  0.0000    
  0.0000    
  32.793    
  8.0302    
  14.561    
  19.926    
  25.292    
  31.851    
  0.0000    
  0.0000    
  0.0000    
  0.0000    
  0.0000    
  0.0000    
  0.0000    
  0.0000    
  0.0000    
  0.0000    
  0.0000    
  0.0000    
  0.0000    
  0.0000    
  51.333    
  7.9536    
  15.344    
  22.701    
  31.851    
  47.908    
  0.0000    
  0.0000    
  0.0000    
  0.0000    
  0.0000    
  0.0000    
-0.25206    
 -1.5518    
 -3.9049    
 -8.2970    
 -17.065    
 -35.649    
 -43.574    
 -52.842    
  0.0000    
  0.0000    
  0.0000    
  0.0000    
  0.0000    
  0.0000    
  178.40    
  3.0841    
  13.940    
  32.336    
  65.303    
  153.25    
-0.17340    
-0.73935    
 -1.4015    
 -2.2164    
 -3.2090    
 -4.3086    
 -4.5963    
 -4.8601    
  0.0000    
  0.0000    
  0.0000    
  0.0000    
  0.0000    
  0.0000    
  3.0841    
  1.5024    
  2.5748    
  3.0904    
  3.3203    
  3.1768    
-0.20759    
 -1.0414    
 -2.2164    
 -3.9118    
 -6.3414    
 -9.5346    
 -10.466    
 -11.358    
  0.0000    
  0.0000    
  0.0000    
  0.0000    
  0.0000    
  0.0000    
  13.940    
  2.5748    
  6.2112    
  9.1458    
  11.692    
  13.824    
-0.22416    
 -1.2145    
 -2.7441    
 -5.1526    
 -8.9704    
 -14.646    
 -16.450    
 -18.247    
  0.0000    
  0.0000    
  0.0000    
  0.0000    
  0.0000    
  0.0000    
  32.336    
  3.0904    
  9.1458    
  15.411    
  22.300    
  31.082    
-0.23648    
 -1.3560    
 -3.2090    
 -6.3414    
 -11.774    
 -20.917    
 -24.114    
 -27.448    
  0.0000    
  0.0000    
  0.0000    
  0.0000    
  0.0000    
  0.0000    
  65.303    
  3.3203    
  11.692    
  22.300    
  36.450    
  60.572    
-0.24981    
 -1.5223    
 -3.7960    
 -7.9764    
 -16.134    
 -32.734    
 -39.553    
 -47.342    
  0.0000    
  0.0000    
  0.0000    
  0.0000    
  0.0000    
  0.0000    
  153.25    
  3.1768    
  13.824    
  31.082    
  60.572    
  133.57    
