           6
 0.89077    
 0.31558E-01
 0.99806E-01
 0.19595    
 0.35321    
 0.76595    
 0.31558E-01
 0.79347E-02
 0.14416E-01
 0.19242E-01
 0.23895E-01
 0.30303E-01
 0.99806E-01
 0.14416E-01
 0.31638E-01
 0.47409E-01
 0.65079E-01
 0.93617E-01
 0.19595    
 0.19242E-01
 0.47409E-01
 0.76828E-01
 0.11345    
 0.18025    
 0.35321    
 0.23895E-01
 0.65079E-01
 0.11345    
 0.18008    
 0.31793    
 0.76595    
 0.30303E-01
 0.93617E-01
 0.18025    
 0.31793    
 0.66430    
  44.082    
  7.0691    
  12.961    
  18.901    
  26.583    
  40.904    
  7.0691    
  5.1289    
  6.7003    
  7.2541    
  7.4221    
  7.1747    
  12.961    
  6.7003    
  10.088    
  11.881    
  12.947    
  13.129    
  18.901    
  7.2541    
  11.881    
  14.940    
  17.323    
  18.929    
  26.583    
  7.4221    
  12.947    
  17.323    
  21.523    
  26.089    
  40.904    
  7.1747    
  13.129    
  18.929    
  26.089    
  38.387    
