  0.1027E-05  0.1014E-02  1  0  0  1  1  1  0 -0.2483E-06  0.0000E+00  5
  0.1027E-05  0.1014E-02  1  0  0  1  1  1  0 -0.2483E-06  0.0000E+00  6
  0.2672E-02  0.5169E-01  1  0  0  1  1  1  0 -0.1266E-04  0.0000E+00  5
  0.2672E-02  0.5169E-01  1  0  0  1  1  1  0 -0.1266E-04  0.0000E+00  6
  0.1048E-01  0.1024E+00  1  0  0  1  1  1  0 -0.2506E-04  0.0000E+00  5
  0.1048E-01  0.1024E+00  1  0  0  1  1  1  0 -0.2506E-04  0.0000E+00  6
  0.2342E-01  0.1530E+00  1  0  0  1  1  1  0 -0.3743E-04  0.0000E+00  5
  0.2342E-01  0.1530E+00  1  0  0  1  1  1  0 -0.3743E-04  0.0000E+00  6
  0.4150E-01  0.2037E+00  1  0  0  1  1  1  0 -0.4974E-04  0.0000E+00  5
  0.4150E-01  0.2037E+00  1  0  0  1  1  1  0 -0.4974E-04  0.0000E+00  6
  0.6472E-01  0.2544E+00  1  0  0  1  1  1  0 -0.6199E-04  0.0000E+00  5
  0.6472E-01  0.2544E+00  1  0  0  1  1  1  0 -0.6199E-04  0.0000E+00  6
  0.9307E-01  0.3051E+00  1  0  0  1  1  1  0 -0.7416E-04  0.0000E+00  5
  0.9307E-01  0.3051E+00  1  0  0  1  1  1  0 -0.7416E-04  0.0000E+00  6
  0.1266E+00  0.3558E+00  1  0  0  1  1  1  0 -0.8623E-04  0.0000E+00  5
  0.1266E+00  0.3558E+00  1  0  0  1  1  1  0 -0.8623E-04  0.0000E+00  6
  0.1652E+00  0.4064E+00  1  0  0  1  1  1  0 -0.9820E-04  0.0000E+00  5
  0.1652E+00  0.4064E+00  1  0  0  1  1  1  0 -0.9820E-04  0.0000E+00  6
  0.2089E+00  0.4571E+00  1  0  0  1  1  1  0 -0.1100E-03  0.0000E+00  5
  0.2089E+00  0.4571E+00  1  0  0  1  1  1  0 -0.1100E-03  0.0000E+00  6
  0.2578E+00  0.5078E+00  1  0  0  1  1  1  0 -0.1217E-03  0.0000E+00  5
  0.2578E+00  0.5078E+00  1  0  0  1  1  1  0 -0.1217E-03  0.0000E+00  6
  0.3119E+00  0.5585E+00  1  0  0  1  1  1  0 -0.1332E-03  0.0000E+00  5
  0.3119E+00  0.5585E+00  1  0  0  1  1  1  0 -0.1332E-03  0.0000E+00  6
  0.3710E+00  0.6091E+00  1  0  0  1  1  1  0 -0.1446E-03  0.0000E+00  5
  0.3710E+00  0.6091E+00  1  0  0  1  1  1  0 -0.1446E-03  0.0000E+00  6
  0.4354E+00  0.6598E+00  1  0  0  1  1  1  0 -0.1558E-03  0.0000E+00  5
  0.4354E+00  0.6598E+00  1  0  0  1  1  1  0 -0.1558E-03  0.0000E+00  6
  0.5048E+00  0.7105E+00  1  0  0  1  1  1  0 -0.1667E-03  0.0000E+00  5
  0.5048E+00  0.7105E+00  1  0  0  1  1  1  0 -0.1667E-03  0.0000E+00  6
  0.5794E+00  0.7612E+00  1  0  0  1  1  1  0 -0.1775E-03  0.0000E+00  5
  0.5794E+00  0.7612E+00  1  0  0  1  1  1  0 -0.1775E-03  0.0000E+00  6
  0.6591E+00  0.8118E+00  1  0  0  1  1  1  0 -0.1880E-03  0.0000E+00  5
  0.6591E+00  0.8118E+00  1  0  0  1  1  1  0 -0.1880E-03  0.0000E+00  6
  0.7439E+00  0.8625E+00  1  0  0  1  1  1  0 -0.1983E-03  0.0000E+00  5
  0.7439E+00  0.8625E+00  1  0  0  1  1  1  0 -0.1983E-03  0.0000E+00  6
  0.8339E+00  0.9132E+00  1  0  0  1  1  1  0 -0.2083E-03  0.0000E+00  5
  0.8339E+00  0.9132E+00  1  0  0  1  1  1  0 -0.2083E-03  0.0000E+00  6
  0.9291E+00  0.9639E+00  1  0  0  1  1  1  0 -0.2181E-03  0.0000E+00  5
  0.9291E+00  0.9639E+00  1  0  0  1  1  1  0 -0.2181E-03  0.0000E+00  6
  0.1029E+01  0.1015E+01  1  0  0  1  1  1  0 -0.2276E-03  0.0000E+00  5
  0.1029E+01  0.1015E+01  1  0  0  1  1  1  0 -0.2276E-03  0.0000E+00  6
  0.1135E+01  0.1065E+01  1  0  0  1  1  1  0 -0.2368E-03  0.0000E+00  5
  0.1135E+01  0.1065E+01  1  0  0  1  1  1  0 -0.2368E-03  0.0000E+00  6
  0.1245E+01  0.1116E+01  1  0  0  1  1  1  0 -0.2457E-03  0.0000E+00  5
  0.1245E+01  0.1116E+01  1  0  0  1  1  1  0 -0.2457E-03  0.0000E+00  6
  0.1361E+01  0.1167E+01  1  0  0  1  1  1  0 -0.2543E-03  0.0000E+00  5
  0.1361E+01  0.1167E+01  1  0  0  1  1  1  0 -0.2543E-03  0.0000E+00  6
  0.1482E+01  0.1217E+01  1  0  0  1  1  1  0 -0.2626E-03  0.0000E+00  5
  0.1482E+01  0.1217E+01  1  0  0  1  1  1  0 -0.2626E-03  0.0000E+00  6
  0.1608E+01  0.1268E+01  1  0  0  1  1  1  0 -0.2705E-03  0.0000E+00  5
  0.1608E+01  0.1268E+01  1  0  0  1  1  1  0 -0.2705E-03  0.0000E+00  6
  0.1739E+01  0.1319E+01  1  0  0  1  1  1  0 -0.2781E-03  0.0000E+00  5
  0.1739E+01  0.1319E+01  1  0  0  1  1  1  0 -0.2781E-03  0.0000E+00  6
  0.1875E+01  0.1369E+01  1  0  0  1  1  1  0 -0.2854E-03  0.0000E+00  5
  0.1875E+01  0.1369E+01  1  0  0  1  1  1  0 -0.2854E-03  0.0000E+00  6
  0.2016E+01  0.1420E+01  1  0  0  1  1  1  0 -0.2923E-03  0.0000E+00  5
  0.2016E+01  0.1420E+01  1  0  0  1  1  1  0 -0.2923E-03  0.0000E+00  6
  0.2163E+01  0.1471E+01  1  0  0  1  1  1  0 -0.2989E-03  0.0000E+00  5
  0.2163E+01  0.1471E+01  1  0  0  1  1  1  0 -0.2989E-03  0.0000E+00  6
  0.2314E+01  0.1521E+01  1  0  0  1  1  1  0 -0.3051E-03  0.0000E+00  5
  0.2314E+01  0.1521E+01  1  0  0  1  1  1  0 -0.3051E-03  0.0000E+00  6
  0.2471E+01  0.1572E+01  1  0  0  1  1  1  0 -0.3109E-03  0.0000E+00  5
  0.2471E+01  0.1572E+01  1  0  0  1  1  1  0 -0.3109E-03  0.0000E+00  6
  0.2633E+01  0.1623E+01  1  0  0  1  1  1  0 -0.3164E-03  0.0000E+00  5
  0.2633E+01  0.1623E+01  1  0  0  1  1  1  0 -0.3164E-03  0.0000E+00  6
  0.2800E+01  0.1673E+01  1  0  0  1  1  1  0 -0.3214E-03  0.0000E+00  5
  0.2800E+01  0.1673E+01  1  0  0  1  1  1  0 -0.3214E-03  0.0000E+00  6
  0.2972E+01  0.1724E+01  1  0  0  1  1  1  0 -0.3261E-03  0.0000E+00  5
  0.2972E+01  0.1724E+01  1  0  0  1  1  1  0 -0.3261E-03  0.0000E+00  6
  0.3150E+01  0.1775E+01  1  0  0  1  1  1  0 -0.3305E-03  0.0000E+00  5
  0.3150E+01  0.1775E+01  1  0  0  1  1  1  0 -0.3305E-03  0.0000E+00  6
  0.3332E+01  0.1825E+01  1  0  0  1  1  1  0 -0.3344E-03  0.0000E+00  5
  0.3332E+01  0.1825E+01  1  0  0  1  1  1  0 -0.3344E-03  0.0000E+00  6
  0.3520E+01  0.1876E+01  1  0  0  1  1  1  0 -0.3379E-03  0.0000E+00  5
  0.3520E+01  0.1876E+01  1  0  0  1  1  1  0 -0.3379E-03  0.0000E+00  6
  0.3712E+01  0.1927E+01  1  0  0  1  1  1  0 -0.3411E-03  0.0000E+00  5
  0.3712E+01  0.1927E+01  1  0  0  1  1  1  0 -0.3411E-03  0.0000E+00  6
  0.3910E+01  0.1977E+01  1  0  0  1  1  1  0 -0.3438E-03  0.0000E+00  5
  0.3910E+01  0.1977E+01  1  0  0  1  1  1  0 -0.3438E-03  0.0000E+00  6
  0.4113E+01  0.2028E+01  1  0  0  1  1  1  0 -0.3462E-03  0.0000E+00  5
  0.4113E+01  0.2028E+01  1  0  0  1  1  1  0 -0.3462E-03  0.0000E+00  6
  0.4321E+01  0.2079E+01  1  0  0  1  1  1  0 -0.3482E-03  0.0000E+00  5
  0.4321E+01  0.2079E+01  1  0  0  1  1  1  0 -0.3482E-03  0.0000E+00  6
  0.4535E+01  0.2129E+01  1  0  0  1  1  1  0 -0.3498E-03  0.0000E+00  5
  0.4535E+01  0.2129E+01  1  0  0  1  1  1  0 -0.3498E-03  0.0000E+00  6
  0.4753E+01  0.2180E+01  1  0  0  1  1  1  0 -0.3510E-03  0.0000E+00  5
  0.4753E+01  0.2180E+01  1  0  0  1  1  1  0 -0.3510E-03  0.0000E+00  6
  0.4976E+01  0.2231E+01  1  0  0  1  1  1  0 -0.3518E-03  0.0000E+00  5
  0.4976E+01  0.2231E+01  1  0  0  1  1  1  0 -0.3518E-03  0.0000E+00  6
  0.5205E+01  0.2281E+01  1  0  0  1  1  1  0 -0.3522E-03  0.0000E+00  5
  0.5205E+01  0.2281E+01  1  0  0  1  1  1  0 -0.3522E-03  0.0000E+00  6
  0.5439E+01  0.2332E+01  1  0  0  1  1  1  0 -0.3523E-03  0.0000E+00  5
  0.5439E+01  0.2332E+01  1  0  0  1  1  1  0 -0.3523E-03  0.0000E+00  6
  0.5678E+01  0.2383E+01  1  0  0  1  1  1  0 -0.3520E-03  0.0000E+00  5
  0.5678E+01  0.2383E+01  1  0  0  1  1  1  0 -0.3520E-03  0.0000E+00  6
  0.5922E+01  0.2434E+01  1  0  0  1  1  1  0 -0.3513E-03  0.0000E+00  5
  0.5922E+01  0.2434E+01  1  0  0  1  1  1  0 -0.3513E-03  0.0000E+00  6
  0.6171E+01  0.2484E+01  1  0  0  1  1  1  0 -0.3503E-03  0.0000E+00  5
  0.6171E+01  0.2484E+01  1  0  0  1  1  1  0 -0.3503E-03  0.0000E+00  6
  0.6426E+01  0.2535E+01  1  0  0  1  1  1  0 -0.3489E-03  0.0000E+00  5
  0.6426E+01  0.2535E+01  1  0  0  1  1  1  0 -0.3489E-03  0.0000E+00  6
  0.6685E+01  0.2586E+01  1  0  0  1  1  1  0 -0.3471E-03  0.0000E+00  5
  0.6685E+01  0.2586E+01  1  0  0  1  1  1  0 -0.3471E-03  0.0000E+00  6
  0.6950E+01  0.2636E+01  1  0  0  1  1  1  0 -0.3450E-03  0.0000E+00  5
  0.6950E+01  0.2636E+01  1  0  0  1  1  1  0 -0.3450E-03  0.0000E+00  6
  0.7219E+01  0.2687E+01  1  0  0  1  1  1  0 -0.3426E-03  0.0000E+00  5
  0.7219E+01  0.2687E+01  1  0  0  1  1  1  0 -0.3426E-03  0.0000E+00  6
  0.7494E+01  0.2738E+01  1  0  0  1  1  1  0 -0.3399E-03  0.0000E+00  5
  0.7494E+01  0.2738E+01  1  0  0  1  1  1  0 -0.3399E-03  0.0000E+00  6
  0.7774E+01  0.2788E+01  1  0  0  1  1  1  0 -0.3368E-03  0.0000E+00  5
  0.7774E+01  0.2788E+01  1  0  0  1  1  1  0 -0.3368E-03  0.0000E+00  6
  0.8059E+01  0.2839E+01  1  0  0  1  1  1  0 -0.3334E-03  0.0000E+00  5
  0.8059E+01  0.2839E+01  1  0  0  1  1  1  0 -0.3334E-03  0.0000E+00  6
  0.8350E+01  0.2890E+01  1  0  0  1  1  1  0 -0.3297E-03  0.0000E+00  5
  0.8350E+01  0.2890E+01  1  0  0  1  1  1  0 -0.3297E-03  0.0000E+00  6
  0.8645E+01  0.2940E+01  1  0  0  1  1  1  0 -0.3257E-03  0.0000E+00  5
  0.8645E+01  0.2940E+01  1  0  0  1  1  1  0 -0.3257E-03  0.0000E+00  6
  0.8946E+01  0.2991E+01  1  0  0  1  1  1  0 -0.3214E-03  0.0000E+00  5
  0.8946E+01  0.2991E+01  1  0  0  1  1  1  0 -0.3214E-03  0.0000E+00  6
  0.9251E+01  0.3042E+01  1  0  0  1  1  1  0 -0.3168E-03  0.0000E+00  5
  0.9251E+01  0.3042E+01  1  0  0  1  1  1  0 -0.3168E-03  0.0000E+00  6
  0.9562E+01  0.3092E+01  1  0  0  1  1  1  0 -0.3120E-03  0.0000E+00  5
  0.9562E+01  0.3092E+01  1  0  0  1  1  1  0 -0.3120E-03  0.0000E+00  6
  0.9878E+01  0.3143E+01  1  0  0  1  1  1  0 -0.3069E-03  0.0000E+00  5
  0.9878E+01  0.3143E+01  1  0  0  1  1  1  0 -0.3069E-03  0.0000E+00  6
  0.1020E+02  0.3194E+01  1  0  0  1  1  1  0 -0.3015E-03  0.0000E+00  5
  0.1020E+02  0.3194E+01  1  0  0  1  1  1  0 -0.3015E-03  0.0000E+00  6
  0.1053E+02  0.3244E+01  1  0  0  1  1  1  0 -0.2960E-03  0.0000E+00  5
  0.1053E+02  0.3244E+01  1  0  0  1  1  1  0 -0.2960E-03  0.0000E+00  6
  0.1086E+02  0.3295E+01  1  0  0  1  1  1  0 -0.2902E-03  0.0000E+00  5
  0.1086E+02  0.3295E+01  1  0  0  1  1  1  0 -0.2902E-03  0.0000E+00  6
  0.1119E+02  0.3346E+01  1  0  0  1  1  1  0 -0.2841E-03  0.0000E+00  5
  0.1119E+02  0.3346E+01  1  0  0  1  1  1  0 -0.2841E-03  0.0000E+00  6
  0.1154E+02  0.3396E+01  1  0  0  1  1  1  0 -0.2779E-03  0.0000E+00  5
  0.1154E+02  0.3396E+01  1  0  0  1  1  1  0 -0.2779E-03  0.0000E+00  6
  0.1188E+02  0.3447E+01  1  0  0  1  1  1  0 -0.2715E-03  0.0000E+00  5
  0.1188E+02  0.3447E+01  1  0  0  1  1  1  0 -0.2715E-03  0.0000E+00  6
  0.1223E+02  0.3498E+01  1  0  0  1  1  1  0 -0.2649E-03  0.0000E+00  5
  0.1223E+02  0.3498E+01  1  0  0  1  1  1  0 -0.2649E-03  0.0000E+00  6
  0.1259E+02  0.3548E+01  1  0  0  1  1  1  0 -0.2581E-03  0.0000E+00  5
  0.1259E+02  0.3548E+01  1  0  0  1  1  1  0 -0.2581E-03  0.0000E+00  6
  0.1295E+02  0.3599E+01  1  0  0  1  1  1  0 -0.2512E-03  0.0000E+00  5
  0.1295E+02  0.3599E+01  1  0  0  1  1  1  0 -0.2512E-03  0.0000E+00  6
  0.1332E+02  0.3650E+01  1  0  0  1  1  1  0 -0.2441E-03  0.0000E+00  5
  0.1332E+02  0.3650E+01  1  0  0  1  1  1  0 -0.2441E-03  0.0000E+00  6
  0.1369E+02  0.3700E+01  1  0  0  1  1  1  0 -0.2369E-03  0.0000E+00  5
  0.1369E+02  0.3700E+01  1  0  0  1  1  1  0 -0.2369E-03  0.0000E+00  6
  0.1407E+02  0.3751E+01  1  0  0  1  1  1  0 -0.2296E-03  0.0000E+00  5
  0.1407E+02  0.3751E+01  1  0  0  1  1  1  0 -0.2296E-03  0.0000E+00  6
  0.1445E+02  0.3802E+01  1  0  0  1  1  1  0 -0.2221E-03  0.0000E+00  5
  0.1445E+02  0.3802E+01  1  0  0  1  1  1  0 -0.2221E-03  0.0000E+00  6
  0.1484E+02  0.3852E+01  1  0  0  1  1  1  0 -0.2146E-03  0.0000E+00  5
  0.1484E+02  0.3852E+01  1  0  0  1  1  1  0 -0.2146E-03  0.0000E+00  6
  0.1523E+02  0.3903E+01  1  0  0  1  1  1  0 -0.2069E-03  0.0000E+00  5
  0.1523E+02  0.3903E+01  1  0  0  1  1  1  0 -0.2069E-03  0.0000E+00  6
  0.1563E+02  0.3954E+01  1  0  0  1  1  1  0 -0.1992E-03  0.0000E+00  5
  0.1563E+02  0.3954E+01  1  0  0  1  1  1  0 -0.1992E-03  0.0000E+00  6
  0.1604E+02  0.4004E+01  1  0  0  1  1  1  0 -0.1914E-03  0.0000E+00  5
  0.1604E+02  0.4004E+01  1  0  0  1  1  1  0 -0.1914E-03  0.0000E+00  6
  0.1644E+02  0.4055E+01  1  0  0  1  1  1  0 -0.1836E-03  0.0000E+00  5
  0.1644E+02  0.4055E+01  1  0  0  1  1  1  0 -0.1836E-03  0.0000E+00  6
  0.1686E+02  0.4106E+01  1  0  0  1  1  1  0 -0.1757E-03  0.0000E+00  5
  0.1686E+02  0.4106E+01  1  0  0  1  1  1  0 -0.1757E-03  0.0000E+00  6
  0.1728E+02  0.4157E+01  1  0  0  1  1  1  0 -0.1678E-03  0.0000E+00  5
  0.1728E+02  0.4157E+01  1  0  0  1  1  1  0 -0.1678E-03  0.0000E+00  6
  0.1770E+02  0.4207E+01  1  0  0  1  1  1  0 -0.1598E-03  0.0000E+00  5
  0.1770E+02  0.4207E+01  1  0  0  1  1  1  0 -0.1598E-03  0.0000E+00  6
  0.1813E+02  0.4258E+01  1  0  0  1  1  1  0 -0.1518E-03  0.0000E+00  5
  0.1813E+02  0.4258E+01  1  0  0  1  1  1  0 -0.1518E-03  0.0000E+00  6
  0.1856E+02  0.4309E+01  1  0  0  1  1  1  0 -0.1439E-03  0.0000E+00  5
  0.1856E+02  0.4309E+01  1  0  0  1  1  1  0 -0.1439E-03  0.0000E+00  6
  0.1900E+02  0.4359E+01  1  0  0  1  1  1  0 -0.1359E-03  0.0000E+00  5
  0.1900E+02  0.4359E+01  1  0  0  1  1  1  0 -0.1359E-03  0.0000E+00  6
  0.1945E+02  0.4410E+01  1  0  0  1  1  1  0 -0.1280E-03  0.0000E+00  5
  0.1945E+02  0.4410E+01  1  0  0  1  1  1  0 -0.1280E-03  0.0000E+00  6
  0.1990E+02  0.4461E+01  1  0  0  1  1  1  0 -0.1200E-03  0.0000E+00  5
  0.1990E+02  0.4461E+01  1  0  0  1  1  1  0 -0.1200E-03  0.0000E+00  6
  0.2035E+02  0.4511E+01  1  0  0  1  1  1  0 -0.1122E-03  0.0000E+00  5
  0.2035E+02  0.4511E+01  1  0  0  1  1  1  0 -0.1122E-03  0.0000E+00  6
  0.2081E+02  0.4562E+01  1  0  0  1  1  1  0 -0.1043E-03  0.0000E+00  5
  0.2081E+02  0.4562E+01  1  0  0  1  1  1  0 -0.1043E-03  0.0000E+00  6
  0.2128E+02  0.4613E+01  1  0  0  1  1  1  0 -0.9652E-04  0.0000E+00  5
  0.2128E+02  0.4613E+01  1  0  0  1  1  1  0 -0.9652E-04  0.0000E+00  6
  0.2175E+02  0.4663E+01  1  0  0  1  1  1  0 -0.8879E-04  0.0000E+00  5
  0.2175E+02  0.4663E+01  1  0  0  1  1  1  0 -0.8879E-04  0.0000E+00  6
  0.2222E+02  0.4714E+01  1  0  0  1  1  1  0 -0.8113E-04  0.0000E+00  5
  0.2222E+02  0.4714E+01  1  0  0  1  1  1  0 -0.8113E-04  0.0000E+00  6
  0.2270E+02  0.4765E+01  1  0  0  1  1  1  0 -0.7355E-04  0.0000E+00  5
  0.2270E+02  0.4765E+01  1  0  0  1  1  1  0 -0.7355E-04  0.0000E+00  6
  0.2319E+02  0.4815E+01  1  0  0  1  1  1  0 -0.6606E-04  0.0000E+00  5
  0.2319E+02  0.4815E+01  1  0  0  1  1  1  0 -0.6606E-04  0.0000E+00  6
  0.2368E+02  0.4866E+01  1  0  0  1  1  1  0 -0.5865E-04  0.0000E+00  5
  0.2368E+02  0.4866E+01  1  0  0  1  1  1  0 -0.5865E-04  0.0000E+00  6
  0.2417E+02  0.4917E+01  1  0  0  1  1  1  0 -0.5135E-04  0.0000E+00  5
  0.2417E+02  0.4917E+01  1  0  0  1  1  1  0 -0.5135E-04  0.0000E+00  6
  0.2467E+02  0.4967E+01  1  0  0  1  1  1  0 -0.4416E-04  0.0000E+00  5
  0.2467E+02  0.4967E+01  1  0  0  1  1  1  0 -0.4416E-04  0.0000E+00  6
  0.2518E+02  0.5018E+01  1  0  0  1  1  1  0 -0.3707E-04  0.0000E+00  5
  0.2518E+02  0.5018E+01  1  0  0  1  1  1  0 -0.3707E-04  0.0000E+00  6
