 10  2  0  1  0  1
  1  0  0  0  0  0  0  0  0  1  1
  1  1  0  0
5.586       -3.826      1.          0.          1.          0.
     1.0000     1.0000
    -5.9605
100
0.2000      25.0000     
  1  1  1  2  1  2
  1 31  0  0
 32
8.495416E-02
1.144619E-01
-3.852078E-02
1.634156E-01
4.856885E-02
-2.887860E-01
1.847387E-03
2.237252E-01
4.330206E-02
1.106048E-03
9.431663E-01
-4.310571E-01
1.414757E-01
-1.996065E-01
-1.073014E-01
6.500493E-01
7.079422E-02
-1.110303E-01
-5.453819E-02
-1.864993E-01
-4.897967E-01
1.320138E-01
4.405250E-01
7.572247E-02
-2.964869E-01
5.236450E-01
5.283946E-01
-1.196711E-02
3.125466E-02
-8.902852E-01
-7.327222E-02
+1.0
  1 63
 32
  1
  1  1
  1
  1  1  1  1  1
  1  2
  2
     1
  1  3
  3
        1
  1  4
  4
           1
  1  5
  5
  0           1
  1  6
  6
  0  0           1
  1  7
  7
                    1
  1  8
  8
  0                    1
  1  9
  9
  0  0                    1
  1 10
 10
  1
  1 11
 11
  0  1
  1 12
 12
  0  0  1
  1 13
 13
           1
  1 14
 14
              1
  1 15
 15
                 1
  1 16
 16
                    1
  1 17
 17
                       1
  1 18
 18
                          1
  1 19
 19
  1
  1 20
 20
     1
  1 21
 21
        1
  1 22
 22
           1
  1 23
 23
              1
  1 24
 24
                 1
  1 25
 25
                    1
  1 26
 26
                       1
  1 27
 27
                          1
