  8  3  3  3
  1  1  1  1  1  1  1  1  1  1  1  1  1
  4
 34  2
  3  6  1  2            No1: s12=1, t12=0, S=1/2, T=1/2, l12=even
  1  1  1
  1  3  2
  1  4  1
  2  3  1
  3  1  2
  3  2  1
  4  1  1
  1  3
 -1 12
 -1 12
 -1  3
  1 12
  1 12
  3  6  1  2            No1: s12=1, t12=0, S=1/2, T=1/2, l12=even
  1  1  1
  1  3  2
  1  4  1
  2  3  1
  3  1  2
  3  2  1
  4  1  1
  1  3
 -1 12
 -1 12
 -1  3
  1 12
  1 12
  3  6  1  2            No1: s12=1, t12=0, S=1/2, T=1/2, l12=even
  1  1  1
  1  3  2
  1  4  1
  2  3  1
  3  1  2
  3  2  1
  4  1  1
  1  3
 -1 12
 -1 12
 -1  3
  1 12
  1 12
  3  6  1  2            No1: s12=1, t12=0, S=1/2, T=1/2, l12=even
  1  1  1
  1  3  2
  1  4  1
  2  3  1
  3  1  2
  3  2  1
  4  1  1
  1  3
 -1 12
 -1 12
 -1  3
  1 12
  1 12
  3  6  1  2            No6: s12=0, t12=1, S=1/2, T=1/2, l12=even
  1  1  1
  4  1  1
  2  3  1
  2  1  3
  3  2  1
  1  4  1
  1  2  3
  1 12
  1 12
 -1  3
 -1 12
 -1 12
  1  3
  3  6  1  2            No6: s12=0, t12=1, S=1/2, T=1/2, l12=even
  1  1  1
  4  1  1
  2  3  1
  2  1  3
  3  2  1
  1  4  1
  1  2  3
  1 12
  1 12
 -1  3
 -1 12
 -1 12
  1  3
  3  6  1  2            No6: s12=0, t12=1, S=1/2, T=1/2, l12=even
  1  1  1
  4  1  1
  2  3  1
  2  1  3
  3  2  1
  1  4  1
  1  2  3
  1 12
  1 12
 -1  3
 -1 12
 -1 12
  1  3
  3  2  1  2            No2: s12=1, t12=0, S=3/2, T=1/2, l12=even
  1  1  1
  1  3  1
  3  1  1
  1  2
 -1  2
  3  2  1  2            No2: s12=1, t12=0, S=3/2, T=1/2, l12=even
  1  1  1
  1  3  1
  3  1  1
  1  2
 -1  2
  3  2  1  2            No2: s12=1, t12=0, S=3/2, T=1/2, l12=even
  1  1  1
  1  3  1
  3  1  1
  1  2
 -1  2
  3  2  1  2            No2: s12=1, t12=0, S=3/2, T=1/2, l12=even
  1  1  1
  1  3  1
  3  1  1
  1  2
 -1  2
  3  2  1  2            No2: s12=1, t12=0, S=3/2, T=1/2, l12=even
  1  1  1
  1  3  1
  3  1  1
  1  2
 -1  2
  3  2  1  2            No2: s12=1, t12=0, S=3/2, T=1/2, l12=even
  1  1  1
  1  3  1
  3  1  1
  1  2
 -1  2
  3  2  1  2            No2: s12=1, t12=0, S=3/2, T=1/2, l12=even
  1  1  1
  1  3  1
  3  1  1
  1  2
 -1  2
  3  2  1  2            No2: s12=1, t12=0, S=3/2, T=1/2, l12=even
  1  1  1
  1  3  1
  3  1  1
  1  2
 -1  2
  3  6  1  2            No1: s12=1, t12=0, S=1/2, T=1/2, l12=even
  1  1  1
  1  3  2
  1  4  1
  2  3  1
  3  1  2
  3  2  1
  4  1  1
  1  3
 -1 12
 -1 12
 -1  3
  1 12
  1 12
  3  6  1  2            No1: s12=1, t12=0, S=1/2, T=1/2, l12=even
  1  1  1
  1  3  2
  1  4  1
  2  3  1
  3  1  2
  3  2  1
  4  1  1
  1  3
 -1 12
 -1 12
 -1  3
  1 12
  1 12
  3  2  1  2            No2: s12=1, t12=0, S=3/2, T=1/2, l12=even
  1  1  1
  1  3  1
  3  1  1
  1  2
 -1  2
  3  6  1  2            No6: s12=0, t12=1, S=1/2, T=1/2, l12=even
  1  1  1
  4  1  1
  2  3  1
  2  1  3
  3  2  1
  1  4  1
  1  2  3
  1 12
  1 12
 -1  3
 -1 12
 -1 12
  1  3
  3  4  1  2            No3: s12=0, t12=0, S=1/2, T=1/2, l12=odd
  1  1  1
  1  4  1
  2  3  1
  3  2  1
  4  1  1
  1  4
 -1  4
 -1  4
  1  4
  3  3  1  2            No5: s12=1, t12=1, S=3/2, T=1/2, l12=odd
  1  1  1
  3  1  1
  1  3  1
  1  1  3
 -1  6
 -1  6
  2  3
  3  3  1  2            No5: s12=1, t12=1, S=3/2, T=1/2, l12=odd
  1  1  1
  3  1  1
  1  3  1
  1  1  3
 -1  6
 -1  6
  2  3
  3  4  1  2            No3: s12=0, t12=0, S=1/2, T=1/2, l12=odd
  1  1  1
  1  4  1
  2  3  1
  3  2  1
  4  1  1
  1  4
 -1  4
 -1  4
  1  4
  3  3  1  2            No5: s12=1, t12=1, S=3/2, T=1/2, l12=odd
  1  1  1
  3  1  1
  1  3  1
  1  1  3
 -1  6
 -1  6
  2  3
  3  6  1  2            No1: s12=1, t12=0, S=1/2, T=1/2, l12=even
  1  1  1
  1  3  2
  1  4  1
  2  3  1
  3  1  2
  3  2  1
  4  1  1
  1  3
 -1 12
 -1 12
 -1  3
  1 12
  1 12
  3  2  1  2            No2: s12=1, t12=0, S=3/2, T=1/2, l12=even
  1  1  1
  1  3  1
  3  1  1
  1  2
 -1  2
  3  6  1  2            No6: s12=0, t12=1, S=1/2, T=1/2, l12=even
  1  1  1
  4  1  1
  2  3  1
  2  1  3
  3  2  1
  1  4  1
  1  2  3
  1 12
  1 12
 -1  3
 -1 12
 -1 12
  1  3
  3  4  1  2            No3: s12=0, t12=0, S=1/2, T=1/2, l12=odd
  1  1  1
  1  4  1
  2  3  1
  3  2  1
  4  1  1
  1  4
 -1  4
 -1  4
  1  4
  3  3  1  2            No5: s12=1, t12=1, S=3/2, T=1/2, l12=odd
  1  1  1
  3  1  1
  1  3  1
  1  1  3
 -1  6
 -1  6
  2  3
  3  3  1  2            No5: s12=1, t12=1, S=3/2, T=1/2, l12=odd
  1  1  1
  3  1  1
  1  3  1
  1  1  3
 -1  6
 -1  6
  2  3
  3  6  1  2            No1: s12=1, t12=0, S=1/2, T=1/2, l12=even
  1  1  1
  1  3  2
  1  4  1
  2  3  1
  3  1  2
  3  2  1
  4  1  1
  1  3
 -1 12
 -1 12
 -1  3
  1 12
  1 12
  3  2  1  2            No2: s12=1, t12=0, S=3/2, T=1/2, l12=even
  1  1  1
  1  3  1
  3  1  1
  1  2
 -1  2
  3  6  1  2            No6: s12=0, t12=1, S=1/2, T=1/2, l12=even
  1  1  1
  4  1  1
  2  3  1
  2  1  3
  3  2  1
  1  4  1
  1  2  3
  1 12
  1 12
 -1  3
 -1 12
 -1 12
  1  3
  3  2  1  2            No2: s12=1, t12=0, S=3/2, T=1/2, l12=even
  1  1  1
  1  3  1
  3  1  1
  1  2
 -1  2
