  8                                                            Z1
  8  6
                                    11.483200   
                                    7.005500    
                                    6.666300    
                                    2.997800    
                                    0.884200    
                                    0.657100    
                                    0.184100    
                                    0.032900    
    5.564600    5.060100    1.530000    0.839900    0.450600    0.000900
  1  1
          1.

  1  1
                      1.

  1  1
                                  1.

  1  1
                                              1.

  1  1
                                                          1.

  1  1
                                                                      1.

  1  1

          1.
  1  1

                      1.
  9                                                            Z2
  9  7
                                    11.161500   
                                    10.940400   
                                    7.074300    
                                    6.772200    
                                    2.877400    
                                    0.849800    
                                    0.688300    
                                    0.242000    
                                    0.033900    
    5.130500    4.825500    1.841000    1.541200    0.760200    0.421000
    0.000900
  1  1
          1.

  1  1
                      1.

  1  1
                                  1.

  1  1
                                              1.

  1  1
                                                          1.

  1  1
                                                                      1.

  1  1

          1.
  1  1

                      1.
  1  1

                                  1.
  9                                                            Z3
  9  6
                                    11.535800   
                                    11.117700   
                                    7.836300    
                                    6.594300    
                                    2.672700    
                                    0.912200    
                                    0.663300    
                                    0.221700    
                                    0.032400    
    5.315500    4.703700    1.556000    0.820600    0.423200    0.001000
  1  1
          1.

  1  1
                      1.

  1  1
                                  1.

  1  1
                                              1.

  1  1
                                                          1.

  1  1
                                                                      1.

  1  1

          1.
  1  1

                      1.
  1  1

                                  1.
 10                                                            Z4
 10  5
                                    11.529800   
                                    10.063900   
                                    7.259900    
                                    6.959700    
                                    3.072200    
                                    2.639500    
                                    0.922300    
                                    0.753100    
                                    0.183600    
                                    0.033200    
    4.985000    1.624900    0.762100    0.467700    0.001000
  1  1
          1.

  1  1
                      1.

  1  1
                                  1.

  1  1
                                              1.

  1  1
                                                          1.

  1  1
                                                                      1.

  1  1

          1.
  1  1

                      1.
  1  1

                                  1.
  1  1

                                              1.
  8                                                            Z5
  8  5
                                    11.731100   
                                    10.777800   
                                    7.557900    
                                    2.884500    
                                    0.887600    
                                    0.690200    
                                    0.188500    
                                    0.036700    
    5.044800    1.704700    0.741900    0.421500    0.000900
  1  1
          1.

  1  1
                      1.

  1  1
                                  1.

  1  1
                                              1.

  1  1
                                                          1.

  1  1
                                                                      1.

  1  1

          1.
  1  1

                      1.
  9                                                            Z6
  9  7
                                    11.075600   
                                    7.768400    
                                    7.107400    
                                    3.085900    
                                    2.630800    
                                    0.866700    
                                    0.661600    
                                    0.189200    
                                    0.035100    
    5.348100    4.899800    1.794700    1.554000    0.811000    0.403100
    0.000900
  1  1
          1.

  1  1
                      1.

  1  1
                                  1.

  1  1
                                              1.

  1  1
                                                          1.

  1  1
                                                                      1.

  1  1

          1.
  1  1

                      1.
  1  1

                                  1.
  9                                                            Z7
  9  6
                                    11.102600   
                                    10.015800   
                                    7.960000    
                                    7.442300    
                                    2.791800    
                                    0.916000    
                                    0.688800    
                                    0.238700    
                                    0.033800    
    5.260900    4.849300    1.581700    0.818100    0.426300    0.000900
  1  1
          1.

  1  1
                      1.

  1  1
                                  1.

  1  1
                                              1.

  1  1
                                                          1.

  1  1
                                                                      1.

  1  1

          1.
  1  1

                      1.
  1  1

                                  1.
  9                                                            Z8
  9  6
                                    11.399300   
                                    10.091500   
                                    7.847200    
                                    6.752400    
                                    2.713900    
                                    0.867200    
                                    0.670000    
                                    0.235800    
                                    0.032900    
    5.092300    4.689200    1.791100    0.795700    0.435700    0.001000
  1  1
          1.

  1  1
                      1.

  1  1
                                  1.

  1  1
                                              1.

  1  1
                                                          1.

  1  1
                                                                      1.

  1  1

          1.
  1  1

                      1.
  1  1

                                  1.
 10                                                            Z9
 10  6
                                    11.901300   
                                    7.628000    
                                    6.851400    
                                    2.981100    
                                    2.667000    
                                    1.013800    
                                    0.852100    
                                    0.662200    
                                    0.220300    
                                    0.035100    
    5.212000    4.635000    1.619200    0.814500    0.450100    0.000900
  1  1
          1.

  1  1
                      1.

  1  1
                                  1.

  1  1
                                              1.

  1  1
                                                          1.

  1  1
                                                                      1.

  1  1

          1.
  1  1

                      1.
  1  1

                                  1.
  1  1

                                              1.
 10                                                            Z10
 10  6
                                    11.709900   
                                    10.110900   
                                    7.492500    
                                    6.663400    
                                    3.152300    
                                    2.742000    
                                    0.868800    
                                    0.672600    
                                    0.184100    
                                    0.032800    
    5.459100    4.723100    1.747600    0.742400    0.414900    0.001000
  1  1
          1.

  1  1
                      1.

  1  1
                                  1.

  1  1
                                              1.

  1  1
                                                          1.

  1  1
                                                                      1.

  1  1

          1.
  1  1

                      1.
  1  1

                                  1.
  1  1

                                              1.
 10                                                            Z11
 10  6
                                    11.498500   
                                    10.914000   
                                    7.747500    
                                    6.796600    
                                    3.056000    
                                    2.900600    
                                    0.867600    
                                    0.699100    
                                    0.221600    
                                    0.035400    
    4.731100    1.812900    1.548400    0.837100    0.416600    0.000900
  1  1
          1.

  1  1
                      1.

  1  1
                                  1.

  1  1
                                              1.

  1  1
                                                          1.

  1  1
                                                                      1.

  1  1

          1.
  1  1

                      1.
  1  1

                                  1.
  1  1

                                              1.
 10                                                            Z12
 10  6
                                    10.913600   
                                    9.941800    
                                    6.900500    
                                    6.625900    
                                    3.150100    
                                    2.851400    
                                    0.904100    
                                    0.710900    
                                    0.186300    
                                    0.036000    
    5.066100    4.819300    1.647100    0.791400    0.437300    0.000900
  1  1
          1.

  1  1
                      1.

  1  1
                                  1.

  1  1
                                              1.

  1  1
                                                          1.

  1  1
                                                                      1.

  1  1

          1.
  1  1

                      1.
  1  1

                                  1.
  1  1

                                              1.
