 10  8  9  3 00  0  0  0  0
  1  0  0  0  0  0  0  0  0  1  1
  9                                 z1                            1-9
  9  9
                                     05.90179000 
                                     0.0934897
                                     00.91778200 
                                     00.35257700 
                                     0.0341691
                                     11.1041
                                     15.44500000   
                                     2.35403
                                     3.35973
00.41119100 00.10695400 0.054741    00.16793400 00.07657460 0.0185601
8.23842     0.20509000  2.55779
  1  1
1.

  1  1
0.          1.

  1  1
0.          0.          1.

  1  1
0.          0.          0.          1.

  1  1
0.          0.          0.          0.          1.

  1  1
0.          0.          0.          0.          0.          1.

  1  1

1.
  1  1

0.          1.
  1  1

0.          0.          1.
  9                                 z2                           10-18
  9  9
                                     06.19776000 
                                     00.76742900 
                                     5.78045
                                     00.09251270 
                                     0.296495
                                     1.10659
                                     16.1419
                                     0.848642
                                     2.71594
00.45244200 00.13171900 00.16155500 4.49947     00.08565810 0.116283
0.419736    0.248432    5.34579
  1  1
1.

  1  1
0.          1.

  1  1
0.          0.          1.

  1  1
0.          0.          0.          1.

  1  1
0.          0.          0.          0.          1.

  1  1
0.          0.          0.          0.          0.          1.

  1  1

1.
  1  1

0.          1.
  1  1

0.          0.          1.
  9                                 z3                           19-27
  9  9
                                     01.69713000 
                                     03.31856000 
                                     0.942296
                                     00.52894200 
                                     01.93588000 
                                     5.59409
                                    5.52105 
                                    11.6154
                                    0.420831
04.21919000 00.08328990 00.22390000 0.282291    00.11499300 01.09263000
0.0683293   4.07631     0.113288
  1  1
1.

  1  1
0.          1.

  1  1
0.          0.          1.

  1  1
0.          0.          0.          1.

  1  1
0.          0.          0.          0.          1.

  1  1
0.          0.          0.          0.          0.          1.

  1  1

1.
  1  1

0.          1.
  1  1

0.          0.          1.
  6                                  z4                      28-33
  6  6
                                     0.230596
                                     1.78047
                                     3.88499
                                     2.56685
                                    1.30471
                                    1.29006 
0.0336667   3.22165     7.80254     0.461654    0.0241496   0.40953  
  1  1
1.
  1  1
0.          1.
  1  1
0.                      1.
  1  1
0.                                  1.
  1  1
0.                                              1.
  1  1
0.                                                          1.
  8                                  z5                       34-41
  8  8
                                     00.26801900   
                                     6.44783
                                     06.52306000
                                     21.5443  
                                     1.3933
                                     0.928603
                                     5.799
                                     1.02197
0.18539900  0.17637     1.41298000  0.998819    5.08632     0.483913
0.448552    2.27299
  1  1
1.

  1  1
0.          1.

  1  1
0.          0.          1.

  1  1
0.          0.          0.          1.

  1  1
0.          0.          0.          0.          1.

  1  1
0.          0.          0.          0.          0.          1.

  1  1

1.
  1  1

0.          1.
  4                                  z6                       42-45
  4  4
                                     1.00693
                                     0.693355
                                     0.447469
                                     2.45063
1.8683      3.33935     0.300181     1.92646
  1  1
1.
  1  1
0.          1.
  1  1
0.          0.          1.
  1  1
0.          0.          0.          1.
  2                                 z21                       46-47
  2  2
                                    1.59047 
                                    4.72283
9.43786     0.465166
  1  1
1. 
  1  1
0.          1.
  1                                     z22                   48
  1  1
                                     0.749961
4.21402
  1  1
1.
  7                                                            Z1
  7  7
                                    2.808619    
                                    2.240865    
                                    1.769890    
                                    0.953643    
                                    0.227988    
                                    0.046515    
                                    0.000656    
    3.893090    2.794839    2.238858    1.116664    0.719275    0.039739
    0.000132
  1  1
          1.

  1  1
                      1.

  1  1
                                  1.

  1  1
                                              1.

  1  1
                                                          1.

  1  1
                                                                      1.

  1  1

          1.
  7                                                            Z2
  7  7
                                    2.937504    
                                    2.343696    
                                    1.851109    
                                    0.997405    
                                    0.238450    
                                    0.048650    
                                    0.000686    
    4.579438    3.287566    2.633566    1.313531    0.846082    0.046745
    0.000156
  1  1
          1.

  1  1
                      1.

  1  1
                                  1.

  1  1
                                              1.

  1  1
                                                          1.

  1  1
                                                                      1.

  1  1

          1.
  7                                                            Z3
  7  7
                                    3.265834    
                                    2.605655    
                                    2.058010    
                                    1.108887    
                                    0.265102    
                                    0.054088    
                                    0.000762    
    4.003620    2.874188    2.302421    1.148367    0.739696    0.040867
    0.000136
  1  1
          1.

  1  1
                      1.

  1  1
                                  1.

  1  1
                                              1.

  1  1
                                                          1.

  1  1
                                                                      1.

  1  1

          1.
  7                                                            Z4
  7  7
                                    3.415344    
                                    2.724942    
                                    2.152226    
                                    1.159651    
                                    0.277239    
                                    0.056564    
                                    0.000797    
    4.993219    3.584618    2.871525    1.432216    0.922531    0.050969
    0.000170
  1  1
          1.

  1  1
                      1.

  1  1
                                  1.

  1  1
                                              1.

  1  1
                                                          1.

  1  1
                                                                      1.

  1  1

          1.
  7                                                            Z5
  7  7
                                    2.745455    
                                    2.190469    
                                    1.730086    
                                    0.932196    
                                    0.222861    
                                    0.045469    
                                    0.000641    
    5.885208    4.224974    3.384494    1.688067    1.087332    0.060074
    0.000200
  1  1
          1.

  1  1
                      1.

  1  1
                                  1.

  1  1
                                              1.

  1  1
                                                          1.

  1  1
                                                                      1.

  1  1

          1.
  7                                                            Z6
  7  7
                                    2.025201    
                                    1.615812    
                                    1.276208    
                                    0.687640    
                                    0.164395    
                                    0.033541    
                                    0.000473    
    6.818035    4.894648    3.920949    1.955632    1.259678    0.069595
    0.000232
  1  1
          1.

  1  1
                      1.

  1  1
                                  1.

  1  1
                                              1.

  1  1
                                                          1.

  1  1
                                                                      1.

  1  1

          1.
  7                                                            Z7
  7  7
                                    2.082960    
                                    1.661896    
                                    1.312606    
                                    0.707252    
                                    0.169083    
                                    0.034497    
                                    0.000486    
    5.857906    4.205375    3.368793    1.680236    1.082288    0.059795
    0.000199
  1  1
          1.

  1  1
                      1.

  1  1
                                  1.

  1  1
                                              1.

  1  1
                                                          1.

  1  1
                                                                      1.

  1  1

          1.
  7                                                            Z8
  7  7
                                    1.570864    
                                    1.253319    
                                    0.989902    
                                    0.533374    
                                    0.127514    
                                    0.026016    
                                    0.000367    
    6.601669    4.739320    3.796520    1.893572    1.219703    0.067387
    0.000225
  1  1
          1.

  1  1
                      1.

  1  1
                                  1.

  1  1
                                              1.

  1  1
                                                          1.

  1  1
                                                                      1.

  1  1

          1.
  7                                                            Z9
  7  7
                                    1.488714    
                                    1.187775    
                                    0.938134    
                                    0.505480    
                                    0.120846    
                                    0.024656    
                                    0.000347    
    5.734346    4.116671    3.297736    1.644795    1.059459    0.058534
    0.000195
  1  1
          1.

  1  1
                      1.

  1  1
                                  1.

  1  1
                                              1.

  1  1
                                                          1.

  1  1
                                                                      1.

  1  1

          1.
  7                                                            Z10
  7  7
                                    0.987120    
                                    0.787577    
                                    0.622047    
                                    0.335168    
                                    0.080129    
                                    0.016348    
                                    0.000230    
    6.080511    4.365182    3.496810    1.744087    1.123415    0.062067
    0.000207
  1  1
          1.

  1  1
                      1.

  1  1
                                  1.

  1  1
                                              1.

  1  1
                                                          1.

  1  1
                                                                      1.

  1  1

          1.
  7                                                            Z11
  7  7
                                    1.119933    
                                    0.893542    
                                    0.705742    
                                    0.380264    
                                    0.090910    
                                    0.018548    
                                    0.000261    
    6.806481    4.886354    3.914304    1.952318    1.257543    0.069478
    0.000232
  1  1
          1.

  1  1
                      1.

  1  1
                                  1.

  1  1
                                              1.

  1  1
                                                          1.

  1  1
                                                                      1.

  1  1

          1.
  7                                                            Z12
  7  7
                                    0.935375    
                                    0.746291    
                                    0.589439    
                                    0.317599    
                                    0.075929    
                                    0.015491    
                                    0.000218    
    7.155353    5.136808    4.114935    2.052386    1.321999    0.073039
    0.000243
  1  1
          1.

  1  1
                      1.

  1  1
                                  1.

  1  1
                                              1.

  1  1
                                                          1.

  1  1
                                                                      1.

  1  1

          1.
