    7.450561 ;     4.657177 ;     1.532998 ;     1.217510 ;     1.075016 ;     0.764606 ;     0.745056 ;     0.403383
    0.233435 ;     0.125638 ;     0.064787 ;     0.034937 ;     0.016846 ;     0.008822 ;     0.002508
    5.578928 ;     3.487261 ;     1.147899 ;     0.911663 ;     0.804965 ;     0.572532 ;     0.557893 ;     0.302050
    0.174795 ;     0.094077 ;     0.048512 ;     0.026161 ;     0.012614 ;     0.006606 ;     0.001878
    6.157454 ;     4.890259 ;     4.317919 ;     3.071123 ;     2.992598 ;     1.620232 ;     0.937618
    0.504641 ;     0.260222 ;     0.140328 ;     0.067663 ;     0.035433 ;     0.010073
    6.209559 ;     4.931641 ;     4.354457 ;     3.097111 ;     3.017922 ;     1.633942 ;     0.945552
    0.508911 ;     0.262424 ;     0.141516 ;     0.068236 ;     0.035733 ;     0.010158
   10.561615 ;     3.476557 ;     2.761086 ;     2.437938 ;     1.733985 ;     1.689649 ;     0.914798
    0.529388 ;     0.284925 ;     0.146924 ;     0.079231 ;     0.038203 ;     0.020006 ;     0.005687
    5.694817 ;     3.559701 ;     1.171744 ;     0.930600 ;     0.821686 ;     0.584425 ;     0.569482 ;     0.308325
    0.178426 ;     0.096031 ;     0.049519 ;     0.026704 ;     0.012876 ;     0.006743 ;     0.001917
    4.724759 ;     3.752410 ;     3.313240 ;     2.356545 ;     2.296291 ;     1.243242 ;     0.719456
    0.387222 ;     0.199675 ;     0.107677 ;     0.051919 ;     0.027189 ;     0.007729
    4.749577 ;     3.772121 ;     3.330644 ;     2.368923 ;     2.308353 ;     1.249772 ;     0.723235
    0.389257 ;     0.200723 ;     0.108243 ;     0.052192 ;     0.027331 ;     0.007770
    5.058748 ;     4.017665 ;     3.547451 ;     2.523127 ;     2.458614 ;     1.331125 ;     0.770314
    0.414595 ;     0.213789 ;     0.115289 ;     0.055590 ;     0.029111 ;     0.008276
    4.831641 ;     3.837296 ;     3.388192 ;     2.409854 ;     2.348237 ;     1.271366 ;     0.735732
    0.395982 ;     0.204192 ;     0.110113 ;     0.053094 ;     0.027804 ;     0.007904
    6.409567 ;     4.006475 ;     1.318808 ;     1.047399 ;     0.924815 ;     0.657775 ;     0.640957 ;     0.347022
    0.200820 ;     0.108084 ;     0.055735 ;     0.030056 ;     0.014492 ;     0.007589 ;     0.002157
   11.218820 ;     7.012630 ;     2.308341 ;     1.833288 ;     1.618726 ;     1.151320 ;     1.121882 ;     0.607401
    0.351499 ;     0.189182 ;     0.097554 ;     0.052607 ;     0.025366 ;     0.013283 ;     0.003776
