     11.1666 ;      10.7049 ;       7.2218 ;       6.9416 ;       5.8089 ;       5.5609 ;       4.3789 ;       3.8566
      3.6805 ;       3.3995 ;       3.1546 ;       2.8039 ;       0.8534 ;       0.7009 ;       0.2276 ;       0.0351
     11.5607 ;       9.9347 ;       7.8936 ;       6.7822 ;       5.9550 ;       4.4997 ;       4.1936 ;       3.9322
      3.6622 ;       3.3402 ;       2.7400 ;       1.0098 ;       0.7691 ;       0.2575 ;       0.0357
     11.8361 ;       9.9497 ;       7.6244 ;       6.7652 ;       6.0440 ;       5.5545 ;       4.9042 ;       4.2641 ;       3.9660
      3.6676 ;       3.2426 ;       3.0131 ;       2.6997 ;       0.9122 ;       0.6678 ;       0.2410 ;       0.0342
     10.8156 ;      10.4214 ;       7.9311 ;       6.5881 ;       5.6629 ;       5.1913 ;       4.8474 ;       4.3974
      3.8238 ;       3.5558 ;       3.0709 ;       2.8113 ;       0.9190 ;       0.6996 ;       0.1913 ;       0.0320
     11.7845 ;      10.9600 ;       6.8019 ;       6.6291 ;       5.9670 ;       4.2440 ;       4.0390 ;       3.6866
      3.4676 ;       3.1095 ;       2.9319 ;       0.8594 ;       0.6701 ;       0.1890 ;       0.0320
     11.8295 ;       7.6280 ;       7.0639 ;       5.2584 ;       4.6355 ;       4.2550 ;       3.9088
      3.5033 ;       2.8910 ;       0.8933 ;       0.6687 ;       0.2284 ;       0.0325
     11.6973 ;      10.5523 ;       6.9588 ;       6.7290 ;       5.5946 ;       4.3196 ;       4.0836 ;       3.8126
      3.4903 ;       3.0939 ;       2.8609 ;       0.8337 ;       0.6660 ;       0.1839 ;       0.0320
     11.6077 ;      10.0081 ;       6.8154 ;       5.7934 ;       5.4850 ;       4.8459 ;       4.1092
      3.7032 ;       3.2176 ;       2.7194 ;       0.9003 ;       0.6684 ;       0.1907 ;       0.0328
     11.4743 ;      11.1882 ;       7.5970 ;       6.6110 ;       5.6390 ;       5.3978 ;       4.5504 ;       4.1583
      3.8809 ;       3.7307 ;       3.4029 ;       2.9784 ;       0.9605 ;       0.6953 ;       0.1860 ;       0.0333
     11.0732 ;      10.2339 ;       7.5804 ;       7.1800 ;       5.5573 ;       5.2302 ;       4.4641 ;       4.0228
      3.8352 ;       3.2127 ;       2.7083 ;       0.8399 ;       0.6568 ;       0.1909 ;       0.0346
     11.6002 ;      10.5311 ;       7.4866 ;       5.6607 ;       4.9285 ;       4.3523 ;       4.1260
      3.7301 ;       3.4510 ;       2.9904 ;       0.9509 ;       0.7347 ;       0.2296 ;       0.0371
     10.7147 ;      10.1945 ;       7.5441 ;       6.6920 ;       5.8499 ;       4.8503 ;       4.4142 ;       3.9458
      3.5991 ;       3.3529 ;       2.8188 ;       0.9806 ;       0.6914 ;       0.1908 ;       0.0321
