  8                                                            Z1 BVs 1 - 8
  8 15
                                    0.000500    
                                    0.079036    
                                    0.157571    
                                    0.236107    
                                    0.314643    
                                    0.393179    
                                    0.471714    
                                    0.550250    
    0.000100    0.078664    0.157229    0.235793    0.314357    0.392921
    0.471486    0.550050    0.628614    0.707179    0.785743    0.864307
    0.942871    1.021436    1.100000
  1  1
          1.

  1  1
                      1.

  1  1
                                  1.

  1  1
                                              1.

  1  1
                                                          1.

  1  1
                                                                      1.

  1  1

          1.
  1  1

                      1.
  7                                                            Z2 BVs 9 - 15
  7 15
                                    0.628786    
                                    0.707321    
                                    0.785857    
                                    0.864393    
                                    0.942929    
                                    1.021464    
                                    1.100000    
    0.000100    0.078664    0.157229    0.235793    0.314357    0.392921
    0.471486    0.550050    0.628614    0.707179    0.785743    0.864307
    0.942871    1.021436    1.100000
  1  1
          1.

  1  1
                      1.

  1  1
                                  1.

  1  1
                                              1.

  1  1
                                                          1.

  1  1
                                                                      1.

  1  1

          1.
  8                                                            Z3 BVs 16 - 23
  8 15
                                    0.000500    
                                    0.079036    
                                    0.157571    
                                    0.236107    
                                    0.314643    
                                    0.393179    
                                    0.471714    
                                    0.550250    
    0.000100    0.078664    0.157229    0.235793    0.314357    0.392921
    0.471486    0.550050    0.628614    0.707179    0.785743    0.864307
    0.942871    1.021436    1.100000
  1  1
          1.

  1  1
                      1.

  1  1
                                  1.

  1  1
                                              1.

  1  1
                                                          1.

  1  1
                                                                      1.

  1  1

          1.
  1  1

                      1.
  7                                                            Z4 BVs 24 - 30
  7 15
                                    0.628786    
                                    0.707321    
                                    0.785857    
                                    0.864393    
                                    0.942929    
                                    1.021464    
                                    1.100000    
    0.000100    0.078664    0.157229    0.235793    0.314357    0.392921
    0.471486    0.550050    0.628614    0.707179    0.785743    0.864307
    0.942871    1.021436    1.100000
  1  1
          1.

  1  1
                      1.

  1  1
                                  1.

  1  1
                                              1.

  1  1
                                                          1.

  1  1
                                                                      1.

  1  1

          1.
  8                                                            Z5 BVs 31 - 38
  8 15
                                    0.000500    
                                    0.079036    
                                    0.157571    
                                    0.236107    
                                    0.314643    
                                    0.393179    
                                    0.471714    
                                    0.550250    
    0.000100    0.078664    0.157229    0.235793    0.314357    0.392921
    0.471486    0.550050    0.628614    0.707179    0.785743    0.864307
    0.942871    1.021436    1.100000
  1  1
          1.

  1  1
                      1.

  1  1
                                  1.

  1  1
                                              1.

  1  1
                                                          1.

  1  1
                                                                      1.

  1  1

          1.
  1  1

                      1.
  7                                                            Z6 BVs 39 - 45
  7 15
                                    0.628786    
                                    0.707321    
                                    0.785857    
                                    0.864393    
                                    0.942929    
                                    1.021464    
                                    1.100000    
    0.000100    0.078664    0.157229    0.235793    0.314357    0.392921
    0.471486    0.550050    0.628614    0.707179    0.785743    0.864307
    0.942871    1.021436    1.100000
  1  1
          1.

  1  1
                      1.

  1  1
                                  1.

  1  1
                                              1.

  1  1
                                                          1.

  1  1
                                                                      1.

  1  1

          1.
