2.267070E-01
-5.675605E-03
-8.367869E-03
-6.908471E-02
-2.355958E-03
7.098261E-03
-2.230774E-01
2.730440E-02
-2.920046E-01
-2.626178E-01
1.424050E-02
-8.378370E-02
-2.001770E-03
3.161630E-03
-1.862416E-02
1.070527E-01
8.937418E-02
-7.551537E-02
9.271096E-01
-5.250370E-02
-3.141235E-02
-2.404733E-03
-3.816907E-02
-5.366760E-02
-2.205550E-02
1.130950E-01
-4.719975E-03
-1.354174E-04
-1.000000E+00
-5.761999E-01
-1.929756E-01
-1.140228E-03
-4.029547E-02
5.057719E-04
-3.829486E-04
-3.261504E-01
4.790801E-02
-4.951909E-01
3.015977E-03
-1.616385E-02
-1.343944E-01
6.056815E-02
-1.358581E-01
1.363199E-03
9.774955E-02
-6.726423E-02
-1.049951E-02
-7.348094E-02
