 10  8  9  3 00  0  0  0
urbana9_AK_neu
  9                                 z1                            1-9
  9  9
                                     05.90179000 
                                     0.0934897
                                     00.91778200 
                                     00.35257700 
                                     0.0341691
                                     11.1041
                                     15.44500000   
                                     2.35403
                                     3.35973
00.41119100 00.10695400 0.054741    00.16793400 00.07657460 0.0185601
8.23842     0.20509000  2.55779
  1  1
1.

  1  1
0.          1.

  1  1
0.          0.          1.

  1  1
0.          0.          0.          1.

  1  1
0.          0.          0.          0.          1.

  1  1
0.          0.          0.          0.          0.          1.

  1  1

1.
  1  1

0.          1.
  1  1

0.          0.          1.
  9                                 z2                           10-18
  9  9
                                     06.19776000 
                                     00.76742900 
                                     5.78045
                                     00.09251270 
                                     0.296495
                                     1.10659
                                     16.1419
                                     0.848642
                                     2.71594
00.45244200 00.13171900 00.16155500 4.49947     00.08565810 0.116283
0.419736    0.248432    5.34579
  1  1
1.

  1  1
0.          1.

  1  1
0.          0.          1.

  1  1
0.          0.          0.          1.

  1  1
0.          0.          0.          0.          1.

  1  1
0.          0.          0.          0.          0.          1.

  1  1

1.
  1  1

0.          1.
  1  1

0.          0.          1.
  9                                 z3                           19-27
  9  9
                                     01.69713000 
                                     03.31856000 
                                     0.942296
                                     00.52894200 
                                     01.93588000 
                                     5.59409
                                    5.52105 
                                    11.6154
                                    0.420831
04.21919000 00.08328990 00.22390000 0.282291    00.11499300 01.09263000
0.0683293   4.07631     0.113288
  1  1
1.

  1  1
0.          1.

  1  1
0.          0.          1.

  1  1
0.          0.          0.          1.

  1  1
0.          0.          0.          0.          1.

  1  1
0.          0.          0.          0.          0.          1.

  1  1

1.
  1  1

0.          1.
  1  1

0.          0.          1.
  6                                  z4                      28-33
  6  6
                                     0.230596
                                     1.78047
                                     3.88499
                                     2.56685
                                    1.30471
                                    1.29006 
0.0336667   3.22165     7.80254     0.461654    0.0241496   0.40953  
  1  1
1.
  1  1
0.          1.
  1  1
0.                      1.
  1  1
0.                                  1.
  1  1
0.                                              1.
  1  1
0.                                                          1.
  8                                  z5                       34-41
  8  8
                                     00.26801900   
                                     6.44783
                                     06.52306000
                                     21.5443  
                                     1.3933
                                     0.928603
                                     5.799
                                     1.02197
0.18539900  0.17637     1.41298000  0.998819    5.08632     0.483913
0.448552    2.27299
  1  1
1.

  1  1
0.          1.

  1  1
0.          0.          1.

  1  1
0.          0.          0.          1.

  1  1
0.          0.          0.          0.          1.

  1  1
0.          0.          0.          0.          0.          1.

  1  1

1.
  1  1

0.          1.
  4                                  z6                       42-45
  4  4
                                     1.00693
                                     0.693355
                                     0.447469
                                     2.45063
1.8683      3.33935     0.300181     1.92646
  1  1
1.
  1  1
0.          1.
  1  1
0.          0.          1.
  1  1
0.          0.          0.          1.
  2                                 z21                       46-47
  2  2
                                    1.59047 
                                    4.72283
9.43786     0.465166
  1  1
1. 
  1  1
0.          1.
  1                                     z22                   48
  1  1
                                     0.749961
4.21402
  1  1
1.
