     15.8345
     15.8345
     13.7598
     13.7598
     12.7341
     12.7341
     11.6183
     11.6183
     11.6070
     11.6070
      9.6899
      9.6899
      9.4675
      9.4675
      8.8569
      8.8569
      8.8164
      8.8164
      8.5114
      8.5114
      8.4203
      8.4203
      8.3439
      8.3439
      8.1215
      8.1215
      7.9245
      7.9245
      7.9213
      7.9213
      7.7564
      7.7564
      7.5597
      7.5597
      7.1206
      7.1206
      7.1098
      7.1098
      7.1062
      7.1062
      7.1029
      7.1029
      6.9206
      6.9206
      6.9141
      6.9141
      6.8838
      6.8838
      6.6271
      6.6271
      6.4385
      6.4385
      6.2677
      6.2677
      6.2254
      6.2254
      6.0977
      6.0977
      5.9474
      5.9474
      5.9044
      5.9044
      5.2463
      5.2463
      5.1329
      5.1329
      5.0694
      5.0694
      4.9897
      4.9897
      4.9129
      4.9129
      4.5932
      4.5932
      4.5589
      4.5589
      4.3298
      4.3298
      4.2479
      4.2479
      4.2417
      4.2417
      4.2190
      4.2190
      4.1791
      4.1791
      4.1304
      4.1304
      4.0709
      4.0709
      3.8493
      3.8493
      3.8456
      3.8456
      3.4793
      3.4793
      3.4669
      3.4669
      3.3614
      3.3614
      3.2016
      3.2016
      3.0127
      3.0127
      2.7881
      2.7881
      2.7722
      2.7722
      2.5438
      2.5438
      2.5413
      2.5413
      2.1921
      2.1921
      2.1489
      2.1489
      1.7325
      1.7325
      1.4629
      1.4629
      1.4615
      1.4615
      1.3981
      1.3981
      1.0259
      1.0259
      1.0249
      1.0249
      0.9944
      0.9944
      0.9823
      0.9823
      0.9667
      0.9667
      0.9450
      0.9450
      0.7710
      0.7710
      0.7296
      0.7296
      0.7289
      0.7289
      0.7186
      0.7186
      0.5899
      0.5899
      0.4744
      0.4744
      0.3036
      0.3036
      0.2638
      0.2638
      0.2442
      0.2442
      0.2228
      0.2228
      0.2225
      0.2225
      0.1841
      0.1841
      0.1634
      0.1634
      0.1420
      0.1420
      0.0843
      0.0843
      0.0732
      0.0732
      0.0678
      0.0678
      0.0395
      0.0395
      0.0365
      0.0365
      0.0333
      0.0333
      0.0333
      0.0333
      0.0219
      0.0219
      0.0190
      0.0190
      0.0176
      0.0176
      0.0161
      0.0161
      0.0161
      0.0161
      0.0115
      0.0115
      0.0100
      0.0100
      0.0092
      0.0092
      0.0084
      0.0084
      0.0084
      0.0084
      0.0066
      0.0066
      0.0058
      0.0058
      0.0053
      0.0053
      0.0049
      0.0049
      0.0049
      0.0049
      0.0033
      0.0033
      0.0028
      0.0028
      0.0026
      0.0026
      0.0024
      0.0024
      0.0024
      0.0024
      0.0012
      0.0012
      0.0010
      0.0010
      0.0010
      0.0010
      0.0009
      0.0009
      0.0009
      0.0009
